2.999999999999999889e-02 9.623840451240539551e-02
8.999999999999999667e-02 1.616292943557103567e-01
1.499999999999999944e-01 2.411299695571263724e-01
2.099999999999999922e-01 3.231979906558990479e-01
2.700000000000000178e-01 4.039364556471506940e-01
3.299999999999999600e-01 4.796142379442850934e-01
3.900000000000000133e-01 5.495826403299968188e-01
4.499999999999999556e-01 6.110381335020065308e-01
5.100000000000000089e-01 6.628209104140593277e-01
5.700000000000000622e-01 7.037730266650524813e-01
6.299999999999998934e-01 7.348467906316128451e-01
6.899999999999999467e-01 7.541324943304055228e-01
7.500000000000000000e-01 7.634942730267836319e-01
8.100000000000000533e-01 7.619793216387438228e-01
8.699999999999998845e-01 7.519775380690899569e-01
9.299999999999999378e-01 7.340853412946058976e-01
9.899999999999999911e-01 7.082242518663399711e-01
1.050000000000000044e+00 6.783824414014810733e-01
1.109999999999999876e+00 6.431342413028099392e-01
1.169999999999999929e+00 6.043273955583566837e-01
1.229999999999999982e+00 5.643162876367563419e-01
1.290000000000000036e+00 5.232855677604689726e-01
1.349999999999999867e+00 4.811627169450120034e-01
1.409999999999999920e+00 4.401113837957378316e-01
1.469999999999999973e+00 3.998161604007081649e-01
1.530000000000000027e+00 3.613768766323722237e-01
1.589999999999999858e+00 3.241052230199187312e-01
1.649999999999999911e+00 2.900399267673489656e-01
1.709999999999999964e+00 2.579615761836367427e-01
1.770000000000000018e+00 2.283889800310141271e-01
1.829999999999999849e+00 2.011037121216454338e-01
1.889999999999999902e+00 1.762382686138151411e-01
1.949999999999999956e+00 1.538347452878950639e-01
2.009999999999999787e+00 1.336989303429920173e-01
2.070000000000000284e+00 1.158536722262699381e-01
2.129999999999999893e+00 1.000766952832538997e-01
2.189999999999999947e+00 8.575369914372818481e-02
2.250000000000000000e+00 7.369245092074069858e-02
2.309999999999999609e+00 6.273686885833734683e-02
2.370000000000000107e+00 5.339955290158585055e-02
2.429999999999999716e+00 4.513412714004512438e-02
2.490000000000000213e+00 3.817056616147355974e-02
2.549999999999999822e+00 3.226473927497860994e-02
2.609999999999999876e+00 2.701294918855048910e-02
2.669999999999999929e+00 2.257339656352994745e-02
2.729999999999999538e+00 1.891963183879850560e-02
2.790000000000000036e+00 1.573612292607623822e-02
2.849999999999999645e+00 1.303441822528837897e-02
2.910000000000000142e+00 1.084680358568826386e-02
2.969999999999999751e+00 8.908783396085095257e-03
3.030000000000000249e+00 7.314110795656833357e-03
3.089999999999999858e+00 6.048629681269322017e-03
3.149999999999999911e+00 4.956747094790173169e-03
3.209999999999999964e+00 4.063919186592098581e-03
3.269999999999999574e+00 3.298868735631304075e-03
3.330000000000000071e+00 2.677366137504575468e-03
3.389999999999999680e+00 2.214064200719195567e-03
3.450000000000000178e+00 1.776466766993203090e-03
3.509999999999999787e+00 1.415486137072244051e-03
3.569999999999999840e+00 1.164277394612637725e-03
3.629999999999999893e+00 9.359170993169140451e-04
3.689999999999999503e+00 7.512668768564853159e-04
3.750000000000000000e+00 5.859881639480585399e-04
3.809999999999999609e+00 4.867712656656896886e-04
3.870000000000000107e+00 3.840774297714230146e-04
3.929999999999999716e+00 3.013759851455685766e-04
3.989999999999999769e+00 2.464900414148982373e-04
4.049999999999999822e+00 2.017865578333520159e-04
4.109999999999999432e+00 1.536061366399139351e-04
4.169999999999999929e+00 1.306335131327300266e-04
4.230000000000000426e+00 9.996195634206200668e-05
4.290000000000000036e+00 7.773439089457129410e-05
4.349999999999999645e+00 5.774199962616004744e-05
4.410000000000000142e+00 5.091230074564648863e-05
4.469999999999999751e+00 3.799796104431121173e-05
4.529999999999999361e+00 3.253420193990092847e-05
4.589999999999999858e+00 2.421438694000224151e-05
4.650000000000000355e+00 1.775721708933524002e-05
4.709999999999999964e+00 1.614292462666816100e-05
4.769999999999999574e+00 9.561578432718974876e-06
4.830000000000000071e+00 9.064873059590717409e-06
4.889999999999999680e+00 6.208817164103138718e-06
4.949999999999999289e+00 4.097819328308132574e-06
5.009999999999999787e+00 2.980232238769506686e-06
5.070000000000000284e+00 2.110997835795098470e-06
5.129999999999999893e+00 2.483526865641255572e-06
5.189999999999999503e+00 2.235174179077162837e-06
5.250000000000000000e+00 2.235174179077162837e-06
5.309999999999999609e+00 9.934107462565022287e-07
5.369999999999999218e+00 4.967053731282584200e-07
5.429999999999999716e+00 3.725290298461883358e-07
5.490000000000000213e+00 0.000000000000000000e+00
5.549999999999999822e+00 4.967053731282511143e-07
5.609999999999999432e+00 1.241763432820646050e-07
5.669999999999999929e+00 0.000000000000000000e+00
5.730000000000000426e+00 2.483526865641292100e-07
5.789999999999999147e+00 0.000000000000000000e+00
5.849999999999999645e+00 0.000000000000000000e+00
5.910000000000000142e+00 1.241763432820646050e-07
5.969999999999999751e+00 0.000000000000000000e+00
