2.999999999999999889e-02 9.593491824419488057e-02
8.999999999999999667e-02 1.616059504072314967e-01
1.499999999999999944e-01 2.414795277626280712e-01
2.099999999999999922e-01 3.233745718253744350e-01
2.700000000000000178e-01 4.037431160887811621e-01
3.299999999999999600e-01 4.803163345678374552e-01
3.900000000000000133e-01 5.496675810441443710e-01
4.499999999999999556e-01 6.108024513532901434e-01
5.100000000000000089e-01 6.630369821913806305e-01
5.700000000000000622e-01 7.041521422874348346e-01
6.299999999999998934e-01 7.342315023211012370e-01
6.899999999999999467e-01 7.540803458845634077e-01
7.500000000000000000e-01 7.632123984139087547e-01
8.100000000000000533e-01 7.617678550017472627e-01
8.699999999999998845e-01 7.517017480112749839e-01
9.299999999999999378e-01 7.341080710349578986e-01
9.899999999999999911e-01 7.087285372768475922e-01
1.050000000000000044e+00 6.781045397974883038e-01
1.109999999999999876e+00 6.428226876469174123e-01
1.169999999999999929e+00 6.045009985901483862e-01
1.229999999999999982e+00 5.640534105205536886e-01
1.290000000000000036e+00 5.229055920459760864e-01
1.349999999999999867e+00 4.812318867536770073e-01
1.409999999999999920e+00 4.402384194749471846e-01
1.469999999999999973e+00 3.999502738313145400e-01
1.530000000000000027e+00 3.611281541073926293e-01
1.589999999999999858e+00 3.250668470442317770e-01
1.649999999999999911e+00 2.900564443820944360e-01
1.709999999999999964e+00 2.579653033959264929e-01
1.770000000000000018e+00 2.283640222874589731e-01
1.829999999999999849e+00 2.009612833531791432e-01
1.889999999999999902e+00 1.762871954065102498e-01
1.949999999999999956e+00 1.537444702318145617e-01
2.009999999999999787e+00 1.337515821090705659e-01
2.070000000000000284e+00 1.157848793947562488e-01
2.129999999999999893e+00 1.000157254438776289e-01
2.189999999999999947e+00 8.579840326655764626e-02
2.250000000000000000e+00 7.358342463957827373e-02
2.309999999999999609e+00 6.281447954089297570e-02
2.370000000000000107e+00 5.332492331657496393e-02
2.429999999999999716e+00 4.525954558396990540e-02
2.490000000000000213e+00 3.817304997275058204e-02
2.549999999999999822e+00 3.224723065083642815e-02
2.609999999999999876e+00 2.693124135532427507e-02
2.669999999999999929e+00 2.258432425000509933e-02
2.729999999999999538e+00 1.886164162701596536e-02
2.790000000000000036e+00 1.574804397236338749e-02
2.849999999999999645e+00 1.307129869663191564e-02
2.910000000000000142e+00 1.086865870308372471e-02
2.969999999999999751e+00 8.906672464609181883e-03
3.030000000000000249e+00 7.371977026551783385e-03
3.089999999999999858e+00 6.047760491925674789e-03
3.149999999999999911e+00 4.953394370427221735e-03
3.209999999999999964e+00 4.064415922247485019e-03
3.269999999999999574e+00 3.321717207543925694e-03
3.330000000000000071e+00 2.658491353133005716e-03
3.389999999999999680e+00 2.206861989251238717e-03
3.450000000000000178e+00 1.781806363029823795e-03
3.509999999999999787e+00 1.440073063771473176e-03
3.569999999999999840e+00 1.138324547347865185e-03
3.629999999999999893e+00 9.278456439165686702e-04
3.689999999999999503e+00 7.431954200803885403e-04
3.750000000000000000e+00 6.066014414524141356e-04
3.809999999999999609e+00 4.980713166152779363e-04
3.870000000000000107e+00 3.705422111144327023e-04
3.929999999999999716e+00 3.021210454562381418e-04
3.989999999999999769e+00 2.463658669071849437e-04
4.049999999999999822e+00 1.986821507315978232e-04
4.109999999999999432e+00 1.584490152084516181e-04
4.169999999999999929e+00 1.315027485154763014e-04
4.230000000000000426e+00 9.524325600696110952e-05
4.290000000000000036e+00 7.462998286855643335e-05
4.349999999999999645e+00 6.171564307100348558e-05
4.410000000000000142e+00 5.116065381338719706e-05
4.469999999999999751e+00 3.352761293595712928e-05
4.529999999999999361e+00 2.992649895394736359e-05
4.589999999999999858e+00 2.235174195730475172e-05
4.650000000000000355e+00 1.750886453322231668e-05
4.709999999999999964e+00 1.527369033749158232e-05
4.769999999999999574e+00 1.018246022499453955e-05
4.830000000000000071e+00 6.457169898777024460e-06
4.889999999999999680e+00 6.705522587191425516e-06
4.949999999999999289e+00 5.215406456704519431e-06
5.009999999999999787e+00 4.594524735668199153e-06
5.070000000000000284e+00 2.483526884145009636e-06
5.129999999999999893e+00 2.235174195730475172e-06
5.189999999999999503e+00 1.986821507316007624e-06
5.250000000000000000e+00 1.862645163108756909e-06
5.309999999999999609e+00 1.117587097865237586e-06
5.369999999999999218e+00 4.967053768290019060e-07
5.429999999999999716e+00 4.967053768289946003e-07
5.490000000000000213e+00 6.208817210362524090e-07
5.549999999999999822e+00 6.208817210362431975e-07
5.609999999999999432e+00 2.483526884145009530e-07
5.669999999999999929e+00 3.725290326217458973e-07
5.730000000000000426e+00 3.725290326217514030e-07
5.789999999999999147e+00 2.483526884145009530e-07
5.849999999999999645e+00 0.000000000000000000e+00
5.910000000000000142e+00 0.000000000000000000e+00
5.969999999999999751e+00 1.241763442072486501e-07
