2.999999999999999889e-02 9.626262033377022687e-02
8.999999999999999667e-02 1.617478851737760570e-01
1.499999999999999944e-01 2.416191037737196456e-01
2.099999999999999922e-01 3.236023136516757437e-01
2.700000000000000178e-01 4.038752427281227519e-01
3.299999999999999600e-01 4.797961634367132744e-01
3.900000000000000133e-01 5.494009785264876156e-01
4.499999999999999556e-01 6.108882617586096631e-01
5.100000000000000089e-01 6.629619846189311883e-01
5.700000000000000622e-01 7.044031079272898843e-01
6.299999999999998934e-01 7.342560947078885514e-01
6.899999999999999467e-01 7.536030176322108254e-01
7.500000000000000000e-01 7.629665349369221250e-01
8.100000000000000533e-01 7.618813578568112144e-01
8.699999999999998845e-01 7.523734234627109663e-01
9.299999999999999378e-01 7.335574785901720629e-01
9.899999999999999911e-01 7.083794828511195130e-01
1.050000000000000044e+00 6.781381966392917571e-01
1.109999999999999876e+00 6.429548160675407908e-01
1.169999999999999929e+00 6.048292011742169016e-01
1.229999999999999982e+00 5.642209286126627088e-01
1.290000000000000036e+00 5.228338220144399529e-01
1.349999999999999867e+00 4.810954205358335400e-01
1.409999999999999920e+00 4.398066616029536191e-01
1.469999999999999973e+00 4.001713107055120400e-01
1.530000000000000027e+00 3.613264664211836563e-01
1.589999999999999858e+00 3.244432358609134481e-01
1.649999999999999911e+00 2.894644979059370349e-01
1.709999999999999964e+00 2.580090153914044726e-01
1.770000000000000018e+00 2.283562008791602260e-01
1.829999999999999849e+00 2.013195336061645024e-01
1.889999999999999902e+00 1.762802428446248182e-01
1.949999999999999956e+00 1.540606243520073471e-01
2.009999999999999787e+00 1.339539905481633986e-01
2.070000000000000284e+00 1.161069936966943744e-01
2.129999999999999893e+00 1.001615092182383537e-01
2.189999999999999947e+00 8.584621179868155705e-02
2.250000000000000000e+00 7.347824782349035577e-02
2.309999999999999609e+00 6.268248055402154961e-02
2.370000000000000107e+00 5.335348427325707632e-02
2.429999999999999716e+00 4.518814452272864463e-02
2.490000000000000213e+00 3.806700365841887701e-02
2.549999999999999822e+00 3.218737789274319500e-02
2.609999999999999876e+00 2.700376054153500252e-02
2.669999999999999929e+00 2.261288497765188629e-02
2.729999999999999538e+00 1.895539490812113426e-02
2.790000000000000036e+00 1.577014747912903678e-02
2.849999999999999645e+00 1.311550557288783045e-02
2.910000000000000142e+00 1.085450268071644526e-02
2.969999999999999751e+00 8.885314199606284685e-03
3.030000000000000249e+00 7.374833137415340301e-03
3.089999999999999858e+00 6.024663736790369581e-03
3.149999999999999911e+00 4.911050273642724937e-03
3.209999999999999964e+00 4.041194975989978629e-03
3.269999999999999574e+00 3.326932638788210155e-03
3.330000000000000071e+00 2.683326641966797196e-03
3.389999999999999680e+00 2.188608082959174559e-03
3.450000000000000178e+00 1.751879877128398799e-03
3.509999999999999787e+00 1.440197250845985958e-03
3.569999999999999840e+00 1.155709244147585168e-03
3.629999999999999893e+00 9.236236550950547436e-04
3.689999999999999503e+00 7.520119461220289413e-04
3.750000000000000000e+00 6.144245557152905410e-04
3.809999999999999609e+00 4.665305286625599031e-04
3.870000000000000107e+00 3.875543731583309731e-04
3.929999999999999716e+00 3.041078692293343647e-04
3.989999999999999769e+00 2.567966817338783328e-04
4.049999999999999822e+00 2.062569092649737103e-04
4.109999999999999432e+00 1.609325432916375049e-04
4.169999999999999929e+00 1.281499881766724161e-04
4.230000000000000426e+00 9.921689976081664092e-05
4.290000000000000036e+00 7.599592322104992213e-05
4.349999999999999645e+00 5.997717469896675781e-05
4.410000000000000142e+00 4.904965632731235389e-05
4.469999999999999751e+00 3.688037450433304825e-05
4.529999999999999361e+00 3.029902821231446881e-05
4.589999999999999858e+00 2.272427115923551194e-05
4.650000000000000355e+00 1.912315715039519839e-05
4.709999999999999964e+00 1.514951410615700909e-05
4.769999999999999574e+00 1.092751837165439884e-05
4.830000000000000071e+00 9.685754920330034138e-06
4.889999999999999680e+00 7.202228017681201405e-06
4.949999999999999289e+00 6.829698982283999061e-06
5.009999999999999787e+00 3.601114008840600703e-06
5.070000000000000284e+00 3.228584973443344995e-06
5.129999999999999893e+00 1.614292486721648569e-06
5.189999999999999503e+00 1.117587106191927000e-06
5.250000000000000000e+00 1.490116141589236282e-06
5.309999999999999609e+00 8.692344159270415452e-07
5.369999999999999218e+00 1.490116141589236282e-06
5.429999999999999716e+00 9.934107610594761727e-07
5.490000000000000213e+00 6.208817256621818194e-07
5.549999999999999822e+00 6.208817256621726079e-07
5.609999999999999432e+00 3.725290353973090705e-07
5.669999999999999929e+00 2.483526902648690432e-07
5.730000000000000426e+00 1.241763451324363480e-07
5.789999999999999147e+00 1.241763451324363480e-07
5.849999999999999645e+00 0.000000000000000000e+00
5.910000000000000142e+00 0.000000000000000000e+00
5.969999999999999751e+00 1.241763451324345216e-07
