2.999999999999999889e-02 9.637102556505072748e-02
8.999999999999999667e-02 1.615870756029119670e-01
1.499999999999999944e-01 2.414488562056088805e-01
2.099999999999999922e-01 3.231285784874999290e-01
2.700000000000000178e-01 4.039499938782303845e-01
3.299999999999999600e-01 4.799303944900413232e-01
3.900000000000000133e-01 5.492548188759994732e-01
4.499999999999999556e-01 6.109924411599272354e-01
5.100000000000000089e-01 6.628525803202328648e-01
5.700000000000000622e-01 7.044150236081215821e-01
6.299999999999998934e-01 7.341153974392673476e-01
6.899999999999999467e-01 7.539408958500186664e-01
7.500000000000000000e-01 7.633831408871937230e-01
8.100000000000000533e-01 7.625084427185992997e-01
8.699999999999998845e-01 7.516406532499250170e-01
9.299999999999999378e-01 7.336838846431458228e-01
9.899999999999999911e-01 7.086572600552726309e-01
1.050000000000000044e+00 6.776536554916717803e-01
1.109999999999999876e+00 6.424671707734521675e-01
1.169999999999999929e+00 6.051207627240867692e-01
1.229999999999999982e+00 5.642063957766169091e-01
1.290000000000000036e+00 5.225366641273364587e-01
1.349999999999999867e+00 4.814710503926201701e-01
1.409999999999999920e+00 4.401925984039347095e-01
1.469999999999999973e+00 3.999815662700547669e-01
1.530000000000000027e+00 3.615026699615217498e-01
1.589999999999999858e+00 3.245942318781789293e-01
1.649999999999999911e+00 2.901739152037144942e-01
1.709999999999999964e+00 2.580666312927996087e-01
1.770000000000000018e+00 2.283670025197199471e-01
1.829999999999999849e+00 2.008748566176108974e-01
1.889999999999999902e+00 1.764925830798290407e-01
1.949999999999999956e+00 1.538947236083053338e-01
2.009999999999999787e+00 1.336857686466407236e-01
2.070000000000000284e+00 1.160026847024957647e-01
2.129999999999999893e+00 9.998517806320264545e-02
2.189999999999999947e+00 8.591152791613043682e-02
2.250000000000000000e+00 7.359112357291913709e-02
2.309999999999999609e+00 6.265031841385100553e-02
2.370000000000000107e+00 5.331710020688990720e-02
2.429999999999999716e+00 4.522924655598333649e-02
2.490000000000000213e+00 3.813542454045578539e-02
2.549999999999999822e+00 3.217024131742794030e-02
2.609999999999999876e+00 2.695955356180352799e-02
2.669999999999999929e+00 2.268018838773309606e-02
2.729999999999999538e+00 1.880116774738703131e-02
2.790000000000000036e+00 1.563119403246436903e-02
2.849999999999999645e+00 1.309526473106391656e-02
2.910000000000000142e+00 1.080147930086760091e-02
2.969999999999999751e+00 8.937468197972579798e-03
3.030000000000000249e+00 7.356330807181669929e-03
3.089999999999999858e+00 6.042669261813177553e-03
3.149999999999999911e+00 4.963825183340630706e-03
3.209999999999999964e+00 4.054730167399319546e-03
3.269999999999999574e+00 3.310044631188444227e-03
3.330000000000000071e+00 2.704933305866516653e-03
3.389999999999999680e+00 2.193450944076856188e-03
3.450000000000000178e+00 1.778453601736228054e-03
3.509999999999999787e+00 1.441190650869338423e-03
3.569999999999999840e+00 1.156205940913709136e-03
3.629999999999999893e+00 9.354204009132107908e-04
3.689999999999999503e+00 7.500251190117873798e-04
3.750000000000000000e+00 6.057322070429632796e-04
3.809999999999999609e+00 4.736085768064498083e-04
3.870000000000000107e+00 3.755092648827226343e-04
3.929999999999999716e+00 3.118068003044036150e-04
3.989999999999999769e+00 2.426405765809674269e-04
4.049999999999999822e+00 1.917282754559918967e-04
4.109999999999999432e+00 1.564621937011355965e-04
4.169999999999999929e+00 1.185884087179224456e-04
4.230000000000000426e+00 9.710590117006986791e-05
4.290000000000000036e+00 7.251898501703320276e-05
4.349999999999999645e+00 6.419916995514849225e-05
4.410000000000000142e+00 5.140900650180168960e-05
4.469999999999999751e+00 3.663202154113835035e-05
4.529999999999999361e+00 2.856055916766761060e-05
4.589999999999999858e+00 2.483526884144972790e-05
4.650000000000000355e+00 2.036492044998907910e-05
4.709999999999999964e+00 1.452863227224808947e-05
4.769999999999999574e+00 1.365939786279755194e-05
4.830000000000000071e+00 7.823109685056779146e-06
4.889999999999999680e+00 6.953875275605923981e-06
4.949999999999999289e+00 6.332993554569773957e-06
5.009999999999999787e+00 3.849466670424707994e-06
5.070000000000000284e+00 2.607703228352259715e-06
5.129999999999999893e+00 2.483526884144972790e-06
5.189999999999999503e+00 1.614292474694256115e-06
5.250000000000000000e+00 1.490116130487005612e-06
5.309999999999999609e+00 7.450580652434917946e-07
5.369999999999999218e+00 8.692344094507533090e-07
5.429999999999999716e+00 4.967053768289946003e-07
5.490000000000000213e+00 4.967053768290019060e-07
5.549999999999999822e+00 3.725290326217458973e-07
5.609999999999999432e+00 3.725290326217514030e-07
5.669999999999999929e+00 3.725290326217458973e-07
5.730000000000000426e+00 2.483526884145009530e-07
5.789999999999999147e+00 1.241763442072504765e-07
5.849999999999999645e+00 3.725290326217458973e-07
5.910000000000000142e+00 0.000000000000000000e+00
5.969999999999999751e+00 0.000000000000000000e+00
