2.999999999999999889e-02 9.614167185729995124e-02
8.999999999999999667e-02 1.617252838740146359e-01
1.499999999999999944e-01 2.415550269799060790e-01
2.099999999999999922e-01 3.235681627459935927e-01
2.700000000000000178e-01 4.034351587551471274e-01
3.299999999999999600e-01 4.800616488858683861e-01
3.900000000000000133e-01 5.496359160763715224e-01
4.499999999999999556e-01 6.112057761192751792e-01
5.100000000000000089e-01 6.622461030551246575e-01
5.700000000000000622e-01 7.044489237500901613e-01
6.299999999999998934e-01 7.346099918182449340e-01
6.899999999999999467e-01 7.538655208090849769e-01
7.500000000000000000e-01 7.633258955925142919e-01
8.100000000000000533e-01 7.624059972346283187e-01
8.699999999999998845e-01 7.519104884458873705e-01
9.299999999999999378e-01 7.335248147462163359e-01
9.899999999999999911e-01 7.083820852765093656e-01
1.050000000000000044e+00 6.775309692635950176e-01
1.109999999999999876e+00 6.433207589635326906e-01
1.169999999999999929e+00 6.046971972139958407e-01
1.229999999999999982e+00 5.640968722410261149e-01
1.290000000000000036e+00 5.227591881361557391e-01
1.349999999999999867e+00 4.809734757813817763e-01
1.409999999999999920e+00 4.398719750831915909e-01
1.469999999999999973e+00 3.999821871517758032e-01
1.530000000000000027e+00 3.613448418280343355e-01
1.589999999999999858e+00 3.246132308588426385e-01
1.649999999999999911e+00 2.899640571820042423e-01
1.709999999999999964e+00 2.578790008367025099e-01
1.770000000000000018e+00 2.283642706401473876e-01
1.829999999999999849e+00 2.014393622783770543e-01
1.889999999999999902e+00 1.762973778667352442e-01
1.949999999999999956e+00 1.540460945718939989e-01
2.009999999999999787e+00 1.339413235630192434e-01
2.070000000000000284e+00 1.157732068184007673e-01
2.129999999999999893e+00 1.001437512547553033e-01
2.189999999999999947e+00 8.586384419995485295e-02
2.250000000000000000e+00 7.348458026958931688e-02
2.309999999999999609e+00 6.268620537732688680e-02
2.370000000000000107e+00 5.342376768656394159e-02
2.429999999999999716e+00 4.508669211283341388e-02
2.490000000000000213e+00 3.818968960287435349e-02
2.549999999999999822e+00 3.217843695614561877e-02
2.609999999999999876e+00 2.697110196181480221e-02
2.669999999999999929e+00 2.264504648232244441e-02
2.729999999999999538e+00 1.890746269802843701e-02
2.790000000000000036e+00 1.566422494002349397e-02
2.849999999999999645e+00 1.310209442999531529e-02
2.910000000000000142e+00 1.078732319762797445e-02
2.969999999999999751e+00 8.926416503338134578e-03
3.030000000000000249e+00 7.387126540545068711e-03
3.089999999999999858e+00 6.047015433860431291e-03
3.149999999999999911e+00 4.932036039223573927e-03
3.209999999999999964e+00 4.069258799671567756e-03
3.269999999999999574e+00 3.325566674214350000e-03
3.330000000000000071e+00 2.673019985405253925e-03
3.389999999999999680e+00 2.179915722558265975e-03
3.450000000000000178e+00 1.751879864075876628e-03
3.509999999999999787e+00 1.455098401420550167e-03
3.569999999999999840e+00 1.182034620508817281e-03
3.629999999999999893e+00 9.334335794058949047e-04
3.689999999999999503e+00 7.516394114864815169e-04
3.750000000000000000e+00 6.038695618798545347e-04
3.809999999999999609e+00 4.846602714408949734e-04
3.870000000000000107e+00 3.849466670424736081e-04
3.929999999999999716e+00 3.075848046013571809e-04
3.989999999999999769e+00 2.436339873346254241e-04
4.049999999999999822e+00 1.988063270758050729e-04
4.109999999999999432e+00 1.577039571432081201e-04
4.169999999999999929e+00 1.370906840048024817e-04
4.230000000000000426e+00 9.487072697433936055e-05
4.290000000000000036e+00 8.220473986519859460e-05
4.349999999999999645e+00 6.332993554569773110e-05
4.410000000000000142e+00 4.457930757040291786e-05
4.469999999999999751e+00 3.613531616430935172e-05
4.529999999999999361e+00 3.091990970760536762e-05
4.589999999999999858e+00 2.235174195730475172e-05
4.650000000000000355e+00 1.763304087742956634e-05
4.709999999999999964e+00 1.415610323962634389e-05
4.769999999999999574e+00 1.142422366706704289e-05
4.830000000000000071e+00 8.071462373471280152e-06
4.889999999999999680e+00 7.823109685056663950e-06
4.949999999999999289e+00 4.967053768290019272e-06
5.009999999999999787e+00 4.097819358839204765e-06
5.070000000000000284e+00 3.476937637803013236e-06
5.129999999999999893e+00 2.856055916766718370e-06
5.189999999999999503e+00 1.986821507316007624e-06
5.250000000000000000e+00 1.614292474694256115e-06
5.309999999999999609e+00 1.365939786279734992e-06
5.369999999999999218e+00 6.208817210362524090e-07
5.429999999999999716e+00 2.483526884144973002e-07
5.490000000000000213e+00 3.725290326217514030e-07
5.549999999999999822e+00 2.483526884144973002e-07
5.609999999999999432e+00 1.241763442072504765e-07
5.669999999999999929e+00 0.000000000000000000e+00
5.730000000000000426e+00 0.000000000000000000e+00
5.789999999999999147e+00 1.241763442072504765e-07
5.849999999999999645e+00 0.000000000000000000e+00
5.910000000000000142e+00 2.483526884145009530e-07
5.969999999999999751e+00 0.000000000000000000e+00
