2.999999999999999889e-02 9.608007967472076416e-02
8.999999999999999667e-02 1.617365827163060599e-01
1.499999999999999944e-01 2.413551012674967633e-01
2.099999999999999922e-01 3.232306490341822491e-01
2.700000000000000178e-01 4.035507639249166223e-01
3.299999999999999600e-01 4.798091948032379150e-01
3.900000000000000133e-01 5.493185172478358691e-01
4.499999999999999556e-01 6.108518689870834351e-01
5.100000000000000089e-01 6.631590425968164615e-01
5.700000000000000622e-01 7.037447144587841708e-01
6.299999999999998934e-01 7.350588838259386470e-01
6.899999999999999467e-01 7.543391237656268400e-01
7.500000000000000000e-01 7.630309710899981779e-01
8.100000000000000533e-01 7.617119699716575765e-01
8.699999999999998845e-01 7.515724748373039388e-01
9.299999999999999378e-01 7.339117427666975724e-01
9.899999999999999911e-01 7.086427261432005631e-01
1.050000000000000044e+00 6.782290836175276505e-01
1.109999999999999876e+00 6.431056807438551015e-01
1.169999999999999929e+00 6.046676387389495755e-01
1.229999999999999982e+00 5.648968120416000271e-01
1.290000000000000036e+00 5.232217411200220658e-01
1.349999999999999867e+00 4.812210798263545364e-01
1.409999999999999920e+00 4.399497061967845846e-01
1.469999999999999973e+00 4.000847538312272689e-01
1.530000000000000027e+00 3.611722340186434010e-01
1.589999999999999858e+00 3.245376050472268403e-01
1.649999999999999911e+00 2.899528791507082759e-01
1.709999999999999964e+00 2.579584717750547096e-01
1.770000000000000018e+00 2.282145122687028183e-01
1.829999999999999849e+00 2.009738236665724043e-01
1.889999999999999902e+00 1.763429492712019209e-01
1.949999999999999956e+00 1.538882652918496241e-01
2.009999999999999787e+00 1.338627189397810779e-01
2.070000000000000284e+00 1.160862545172372390e-01
2.129999999999999893e+00 9.986658891042064778e-02
2.189999999999999947e+00 8.579517404238438949e-02
2.250000000000000000e+00 7.357460757096602466e-02
2.309999999999999609e+00 6.260201334953302554e-02
2.370000000000000107e+00 5.329052607218420085e-02
2.429999999999999716e+00 4.517038663228348933e-02
2.490000000000000213e+00 3.812350332736965525e-02
2.549999999999999822e+00 3.220948080221808923e-02
2.609999999999999876e+00 2.699109415213284471e-02
2.669999999999999929e+00 2.253366013367968934e-02
2.729999999999999538e+00 1.888399322827655213e-02
2.790000000000000036e+00 1.576890548070270306e-02
2.849999999999999645e+00 1.312072078386941447e-02
2.910000000000000142e+00 1.081489026546477231e-02
2.969999999999999751e+00 8.906548221906018109e-03
3.030000000000000249e+00 7.305790980656935371e-03
3.089999999999999858e+00 6.075327595074966024e-03
3.149999999999999911e+00 4.920115073521963769e-03
3.209999999999999964e+00 4.046658674875892002e-03
3.269999999999999574e+00 3.336990873018897373e-03
3.330000000000000071e+00 2.671654025713600389e-03
3.389999999999999680e+00 2.167498071988421642e-03
3.450000000000000178e+00 1.757095257441201137e-03
3.509999999999999787e+00 1.459196209907530437e-03
3.569999999999999840e+00 1.165146629015612317e-03
3.629999999999999893e+00 9.423742691675813989e-04
3.689999999999999503e+00 7.449338833491000620e-04
3.750000000000000000e+00 5.990266799926752391e-04
3.809999999999999609e+00 4.808108011881506261e-04
3.870000000000000107e+00 3.915280103683468427e-04
3.929999999999999716e+00 3.104408582051592161e-04
3.989999999999999769e+00 2.468625704447444287e-04
4.049999999999999822e+00 1.830359299977605354e-04
4.109999999999999432e+00 1.565863688786834663e-04
4.169999999999999929e+00 1.236796379089345169e-04
4.230000000000000426e+00 9.909272193908756458e-05
4.290000000000000036e+00 7.897615432739192760e-05
4.349999999999999645e+00 6.097058455149372436e-05
4.410000000000000142e+00 4.718701044718455424e-05
4.469999999999999751e+00 3.961225350697802309e-05
4.529999999999999361e+00 2.905726432800311942e-05
4.589999999999999858e+00 2.421438694000224151e-05
4.650000000000000355e+00 1.763304074605317396e-05
4.709999999999999964e+00 1.527369022369372230e-05
4.769999999999999574e+00 9.934107462565169671e-06
4.830000000000000071e+00 8.443991343180393881e-06
4.889999999999999680e+00 6.829698880513452081e-06
4.949999999999999289e+00 5.339582761128777936e-06
5.009999999999999787e+00 3.352761268615694704e-06
5.070000000000000284e+00 2.856055895487485941e-06
5.129999999999999893e+00 1.738468805948878900e-06
5.189999999999999503e+00 2.731879552205421575e-06
5.250000000000000000e+00 1.490116119384775366e-06
5.309999999999999609e+00 1.117587089538564901e-06
5.369999999999999218e+00 4.967053731282584200e-07
5.429999999999999716e+00 6.208817164103138929e-07
5.490000000000000213e+00 2.483526865641292100e-07
5.549999999999999822e+00 1.241763432820627786e-07
5.609999999999999432e+00 8.692344029744522615e-07
5.669999999999999929e+00 2.483526865641255572e-07
5.730000000000000426e+00 2.483526865641292100e-07
5.789999999999999147e+00 1.241763432820646050e-07
5.849999999999999645e+00 2.483526865641255572e-07
5.910000000000000142e+00 0.000000000000000000e+00
5.969999999999999751e+00 1.241763432820627786e-07
