2.999999999999999889e-02 9.613769821428531925e-02
8.999999999999999667e-02 1.619851849624404372e-01
1.499999999999999944e-01 2.416344998401987187e-01
2.099999999999999922e-01 3.236482564880072688e-01
2.700000000000000178e-01 4.040482173664983745e-01
3.299999999999999600e-01 4.795368796552484936e-01
3.900000000000000133e-01 5.497157614656966729e-01
4.499999999999999556e-01 6.105778163466192288e-01
5.100000000000000089e-01 6.626519113479939493e-01
5.700000000000000622e-01 7.041237059046113744e-01
6.299999999999998934e-01 7.344221130094593653e-01
6.899999999999999467e-01 7.542712049256100615e-01
7.500000000000000000e-01 7.629420665125695722e-01
8.100000000000000533e-01 7.617007997758753479e-01
8.699999999999998845e-01 7.518194671855834565e-01
9.299999999999999378e-01 7.334085856880383503e-01
9.899999999999999911e-01 7.090713881632036975e-01
1.050000000000000044e+00 6.779273401543045585e-01
1.109999999999999876e+00 6.429052649158153443e-01
1.169999999999999929e+00 6.046077902461666209e-01
1.229999999999999982e+00 5.647419683491828879e-01
1.290000000000000036e+00 5.232265878957519378e-01
1.349999999999999867e+00 4.813034123279403831e-01
1.409999999999999920e+00 4.398848894229891449e-01
1.469999999999999973e+00 3.998244831946325961e-01
1.530000000000000027e+00 3.612053917934895941e-01
1.589999999999999858e+00 3.244161630005857333e-01
1.649999999999999911e+00 2.900847565885736890e-01
1.709999999999999964e+00 2.575180202040920352e-01
1.770000000000000018e+00 2.282299118357151435e-01
1.829999999999999849e+00 2.011400972888375827e-01
1.889999999999999902e+00 1.762811107656440668e-01
1.949999999999999956e+00 1.537630966834456492e-01
2.009999999999999787e+00 1.339598258383061236e-01
2.070000000000000284e+00 1.158893117002345458e-01
2.129999999999999893e+00 9.991675689754445089e-02
2.189999999999999947e+00 8.596566880220481155e-02
2.250000000000000000e+00 7.345974500074785307e-02
2.309999999999999609e+00 6.279498385485243750e-02
2.370000000000000107e+00 5.345506012530416851e-02
2.429999999999999716e+00 4.520999922263121279e-02
2.490000000000000213e+00 3.823290297065847637e-02
2.549999999999999822e+00 3.214081152385082213e-02
2.609999999999999876e+00 2.697991848225351694e-02
2.669999999999999929e+00 2.267186857267121033e-02
2.729999999999999538e+00 1.890261982060435428e-02
2.790000000000000036e+00 1.570669324974237335e-02
2.849999999999999645e+00 1.312928904937670296e-02
2.910000000000000142e+00 1.078943419547949943e-02
2.969999999999999751e+00 8.959571587241470236e-03
3.030000000000000249e+00 7.361422037294168032e-03
3.089999999999999858e+00 6.105875021014667628e-03
3.149999999999999911e+00 4.942094323104361149e-03
3.209999999999999964e+00 4.099185298625514923e-03
3.269999999999999574e+00 3.309051220434786229e-03
3.330000000000000071e+00 2.681836505843968651e-03
3.389999999999999680e+00 2.174451963413146990e-03
3.450000000000000178e+00 1.785283300667626786e-03
3.509999999999999787e+00 1.443177472376654200e-03
3.569999999999999840e+00 1.158441115109439630e-03
3.629999999999999893e+00 9.329368740290659061e-04
3.689999999999999503e+00 7.471690630950205293e-04
3.750000000000000000e+00 5.989025081115645485e-04
3.809999999999999609e+00 5.006790198436301791e-04
3.870000000000000107e+00 4.051874111482553021e-04
3.929999999999999716e+00 3.128002110580616665e-04
3.989999999999999769e+00 2.427647529251746766e-04
4.049999999999999822e+00 1.968195055684890784e-04
4.109999999999999432e+00 1.574556044547935937e-04
4.169999999999999929e+00 1.241763442072486531e-04
4.230000000000000426e+00 9.673337213744811894e-05
4.290000000000000036e+00 7.698933340849416327e-05
4.349999999999999645e+00 6.332993554569773110e-05
4.410000000000000142e+00 4.892547961765668970e-05
4.469999999999999751e+00 4.147489896522104627e-05
4.529999999999999361e+00 3.079573336339811796e-05
4.589999999999999858e+00 2.719461938138744765e-05
4.650000000000000355e+00 1.676380646797881197e-05
4.709999999999999964e+00 1.639127743535681906e-05
4.769999999999999574e+00 1.117587097865254188e-05
4.830000000000000071e+00 8.195638717678531502e-06
4.889999999999999680e+00 4.842877424082696771e-06
4.949999999999999289e+00 4.718701079875518266e-06
5.009999999999999787e+00 4.470348391460950344e-06
5.070000000000000284e+00 5.091230112497269775e-06
5.129999999999999893e+00 1.738468818901480995e-06
5.189999999999999503e+00 1.986821507316007624e-06
5.250000000000000000e+00 1.117587097865254103e-06
5.309999999999999609e+00 1.365939786279734992e-06
5.369999999999999218e+00 6.208817210362524090e-07
5.429999999999999716e+00 6.208817210362431975e-07
5.490000000000000213e+00 4.967053768290019060e-07
5.549999999999999822e+00 4.967053768289946003e-07
5.609999999999999432e+00 4.967053768290019060e-07
5.669999999999999929e+00 3.725290326217458973e-07
5.730000000000000426e+00 0.000000000000000000e+00
5.789999999999999147e+00 0.000000000000000000e+00
5.849999999999999645e+00 0.000000000000000000e+00
5.910000000000000142e+00 2.483526884145009530e-07
5.969999999999999751e+00 0.000000000000000000e+00
