2.999999999999999889e-02 9.626013752406149815e-02
8.999999999999999667e-02 1.617036795996951992e-01
1.499999999999999944e-01 2.414057706113952873e-01
2.099999999999999922e-01 3.231309426530661333e-01
2.700000000000000178e-01 4.035538773536307411e-01
3.299999999999999600e-01 4.796860225925202448e-01
3.900000000000000133e-01 5.499073737590669531e-01
4.499999999999999556e-01 6.108803190239342484e-01
5.100000000000000089e-01 6.628337153929054759e-01
5.700000000000000622e-01 7.038685340057240225e-01
6.299999999999998934e-01 7.346380666189959996e-01
6.899999999999999467e-01 7.546149362910145042e-01
7.500000000000000000e-01 7.626351139538380952e-01
8.100000000000000533e-01 7.623856436746097032e-01
8.699999999999998845e-01 7.521471797658128011e-01
9.299999999999999378e-01 7.336769417005086780e-01
9.899999999999999911e-01 7.085828889838003963e-01
1.050000000000000044e+00 6.779226315550591631e-01
1.109999999999999876e+00 6.426200414289561236e-01
1.169999999999999929e+00 6.045060988281037995e-01
1.229999999999999982e+00 5.641407148968832219e-01
1.290000000000000036e+00 5.229601132537960995e-01
1.349999999999999867e+00 4.814638553390267472e-01
1.409999999999999920e+00 4.402977823284265346e-01
1.469999999999999973e+00 4.001572817599162724e-01
1.530000000000000027e+00 3.615954350788364580e-01
1.589999999999999858e+00 3.247123284201108295e-01
1.649999999999999911e+00 2.900282606737172864e-01
1.709999999999999964e+00 2.579187411101375171e-01
1.770000000000000018e+00 2.281541676655107764e-01
1.829999999999999849e+00 2.010156755873089285e-01
1.889999999999999902e+00 1.762603759426457639e-01
1.949999999999999956e+00 1.538810665034491543e-01
2.009999999999999787e+00 1.338740219793372876e-01
2.070000000000000284e+00 1.158727979730942298e-01
2.129999999999999893e+00 9.976799512384315616e-02
2.189999999999999947e+00 8.586247953961924362e-02
2.250000000000000000e+00 7.346669997076261949e-02
2.309999999999999609e+00 6.268794478026896988e-02
2.370000000000000107e+00 5.334814508789104126e-02
2.429999999999999716e+00 4.529133540298044963e-02
2.490000000000000213e+00 3.816286808119664226e-02
2.549999999999999822e+00 3.216962091507160476e-02
2.609999999999999876e+00 2.699469586946649791e-02
2.669999999999999929e+00 2.270912181432567165e-02
2.729999999999999538e+00 1.884674074654942022e-02
2.790000000000000036e+00 1.561778322001308901e-02
2.849999999999999645e+00 1.302560199606024594e-02
2.910000000000000142e+00 1.081451797815823936e-02
2.969999999999999751e+00 8.943056266723830097e-03
3.030000000000000249e+00 7.307902141837072270e-03
3.089999999999999858e+00 6.076072788945468053e-03
3.149999999999999911e+00 5.002568277277369239e-03
3.209999999999999964e+00 4.026169668226256028e-03
3.269999999999999574e+00 3.316998555891180565e-03
3.330000000000000071e+00 2.690156360992308066e-03
3.389999999999999680e+00 2.225612650390746978e-03
3.450000000000000178e+00 1.754363417102073903e-03
3.509999999999999787e+00 1.438707145423600469e-03
3.569999999999999840e+00 1.160427953908479883e-03
3.629999999999999893e+00 9.454786988827286291e-04
3.689999999999999503e+00 7.733702832468656359e-04
3.750000000000000000e+00 6.037453945321548171e-04
3.809999999999999609e+00 4.888822744288551280e-04
3.870000000000000107e+00 3.967434256541000942e-04
3.929999999999999716e+00 2.940495874644473168e-04
3.989999999999999769e+00 2.391636425069803998e-04
4.049999999999999822e+00 1.963228031170978580e-04
4.109999999999999432e+00 1.552204325720278068e-04
4.169999999999999929e+00 1.300126343223285377e-04
4.230000000000000426e+00 9.996195857638589795e-05
4.290000000000000036e+00 7.525086571091796361e-05
4.349999999999999645e+00 5.501012130352664808e-05
4.410000000000000142e+00 5.029142015333700464e-05
4.469999999999999751e+00 3.638366939488277946e-05
4.529999999999999361e+00 2.558032728787018161e-05
4.589999999999999858e+00 1.788139383229733745e-05
4.650000000000000355e+00 1.875062825470095692e-05
4.709999999999999964e+00 1.341104537422300224e-05
4.769999999999999574e+00 1.005828403066740161e-05
4.830000000000000071e+00 1.018246037672502353e-05
4.889999999999999680e+00 6.829699033169121355e-06
4.949999999999999289e+00 5.712111918650622256e-06
5.009999999999999787e+00 3.725290381728611687e-06
5.070000000000000284e+00 2.607703267210066848e-06
5.129999999999999893e+00 3.104408651440510092e-06
5.189999999999999503e+00 2.359350575094822568e-06
5.250000000000000000e+00 8.692344224033556159e-07
5.309999999999999609e+00 1.365939806633824271e-06
5.369999999999999218e+00 8.692344224033556159e-07
5.429999999999999716e+00 1.117587114518583591e-06
5.490000000000000213e+00 7.450580763457334758e-07
5.549999999999999822e+00 3.725290381728612322e-07
5.609999999999999432e+00 4.967053842304888780e-07
5.669999999999999929e+00 1.241763460576203931e-07
5.730000000000000426e+00 0.000000000000000000e+00
5.789999999999999147e+00 1.241763460576222195e-07
5.849999999999999645e+00 0.000000000000000000e+00
5.910000000000000142e+00 3.725290381728667379e-07
5.969999999999999751e+00 0.000000000000000000e+00
