2.999999999999999889e-02 9.605375500560121849e-02
8.999999999999999667e-02 1.617367080976817306e-01
1.499999999999999944e-01 2.413142490484881941e-01
2.099999999999999922e-01 3.232269261521120707e-01
2.700000000000000178e-01 4.036302397918967722e-01
3.299999999999999600e-01 4.796711142833365860e-01
3.900000000000000133e-01 5.495946895300946045e-01
4.499999999999999556e-01 6.113449778011316171e-01
5.100000000000000089e-01 6.628898332234950397e-01
5.700000000000000622e-01 7.040752771303705471e-01
6.299999999999998934e-01 7.345970774784472690e-01
6.899999999999999467e-01 7.541850265427301192e-01
7.500000000000000000e-01 7.629647907835594989e-01
8.100000000000000533e-01 7.617003030704985189e-01
8.699999999999998845e-01 7.516916897273941967e-01
9.299999999999999378e-01 7.337926631206713735e-01
9.899999999999999911e-01 7.088150881887599342e-01
1.050000000000000044e+00 6.779775073973642874e-01
1.109999999999999876e+00 6.426217703219901933e-01
1.169999999999999929e+00 6.049379751454136978e-01
1.229999999999999982e+00 5.647158913168993655e-01
1.290000000000000036e+00 5.231221555902736409e-01
1.349999999999999867e+00 4.815398440873110419e-01
1.409999999999999920e+00 4.400054646532144398e-01
1.469999999999999973e+00 3.998865713667362209e-01
1.530000000000000027e+00 3.613779969119376712e-01
1.589999999999999858e+00 3.246303671943432390e-01
1.649999999999999911e+00 2.901632360381126152e-01
1.709999999999999964e+00 2.579712638604484409e-01
1.770000000000000018e+00 2.284776436424086066e-01
1.829999999999999849e+00 2.009345854391745845e-01
1.889999999999999902e+00 1.761727048171511378e-01
1.949999999999999956e+00 1.537772527866852756e-01
2.009999999999999787e+00 1.338445901908817959e-01
2.070000000000000284e+00 1.156712580398066154e-01
2.129999999999999893e+00 9.979568496194238247e-02
2.189999999999999947e+00 8.588060800642283166e-02
2.250000000000000000e+00 7.353052551694598538e-02
2.309999999999999609e+00 6.281298942476248870e-02
2.370000000000000107e+00 5.346809864144592972e-02
2.429999999999999716e+00 4.525433017751320092e-02
2.490000000000000213e+00 3.819142807169326193e-02
2.549999999999999822e+00 3.222798331748431139e-02
2.609999999999999876e+00 2.689125657248954068e-02
2.669999999999999929e+00 2.265994764362731437e-02
2.729999999999999538e+00 1.881507549793824674e-02
2.790000000000000036e+00 1.569315802822378314e-02
2.849999999999999645e+00 1.307340969448344062e-02
2.910000000000000142e+00 1.079104848795419194e-02
2.969999999999999751e+00 8.920828567848808344e-03
3.030000000000000249e+00 7.343292291039908715e-03
3.089999999999999858e+00 6.049871489777198033e-03
3.149999999999999911e+00 4.940976736006495902e-03
3.209999999999999964e+00 4.070997268490469251e-03
3.269999999999999574e+00 3.302842403224423313e-03
3.330000000000000071e+00 2.659981469263492711e-03
3.389999999999999680e+00 2.191960827946369192e-03
3.450000000000000178e+00 1.786028358732870283e-03
3.509999999999999787e+00 1.444419235818726697e-03
3.569999999999999840e+00 1.157447704355781632e-03
3.629999999999999893e+00 9.151796568074292053e-04
3.689999999999999503e+00 7.477899448160568860e-04
3.750000000000000000e+00 5.835046414298656996e-04
3.809999999999999609e+00 4.814316864915064824e-04
3.870000000000000107e+00 3.882994283360693489e-04
3.929999999999999716e+00 3.093232734202586219e-04
3.989999999999999769e+00 2.446273980882834485e-04
4.049999999999999822e+00 1.971920346011108273e-04
4.109999999999999432e+00 1.552204302590630999e-04
4.169999999999999929e+00 1.246730495840776246e-04
4.230000000000000426e+00 9.809931192372786516e-05
4.290000000000000036e+00 8.145968179995511022e-05
4.349999999999999645e+00 6.109476134996722374e-05
4.410000000000000142e+00 4.470348391461016752e-05
4.469999999999999751e+00 3.352761293595712928e-05
4.529999999999999361e+00 3.104408605181262405e-05
4.589999999999999858e+00 2.073744948261052313e-05
4.650000000000000355e+00 1.564621937011355829e-05
4.709999999999999964e+00 1.564621937011332790e-05
4.769999999999999574e+00 1.055498925761629021e-05
4.830000000000000071e+00 8.692344094507533514e-06
4.889999999999999680e+00 7.698933340849415988e-06
4.949999999999999289e+00 6.581346242984274963e-06
5.009999999999999787e+00 3.601113982010210376e-06
5.070000000000000284e+00 1.986821507316007624e-06
5.129999999999999893e+00 3.476937637802961991e-06
5.189999999999999503e+00 1.365939786279755321e-06
5.250000000000000000e+00 1.738468818901506618e-06
5.309999999999999609e+00 1.365939786279734992e-06
5.369999999999999218e+00 7.450580652435028061e-07
5.429999999999999716e+00 3.725290326217458973e-07
5.490000000000000213e+00 8.692344094507533090e-07
5.549999999999999822e+00 4.967053768289946003e-07
5.609999999999999432e+00 6.208817210362524090e-07
5.669999999999999929e+00 3.725290326217458973e-07
5.730000000000000426e+00 0.000000000000000000e+00
5.789999999999999147e+00 1.241763442072504765e-07
5.849999999999999645e+00 0.000000000000000000e+00
5.910000000000000142e+00 1.241763442072504765e-07
5.969999999999999751e+00 0.000000000000000000e+00
