2.999999999999999889e-02 9.625914554766611120e-02
8.999999999999999667e-02 1.620395790303590100e-01
1.499999999999999944e-01 2.417343448251862703e-01
2.099999999999999922e-01 3.233923386804389288e-01
2.700000000000000178e-01 4.033789188928499359e-01
3.299999999999999600e-01 4.795407434133469038e-01
3.900000000000000133e-01 5.494697845032979755e-01
4.499999999999999556e-01 6.111212302417021736e-01
5.100000000000000089e-01 6.631963202057892248e-01
5.700000000000000622e-01 7.036538435886500187e-01
6.299999999999998934e-01 7.344834780128112195e-01
6.899999999999999467e-01 7.545976870232945499e-01
7.500000000000000000e-01 7.632389948978639538e-01
8.100000000000000533e-01 7.624558146716096108e-01
8.699999999999998845e-01 7.519400648253691255e-01
9.299999999999999378e-01 7.337559287904169558e-01
9.899999999999999911e-01 7.087656871266292402e-01
1.050000000000000044e+00 6.773746514335760027e-01
1.109999999999999876e+00 6.424008797506837176e-01
1.169999999999999929e+00 6.045488244996273242e-01
1.229999999999999982e+00 5.638944816053336195e-01
1.290000000000000036e+00 5.230620698281418512e-01
1.349999999999999867e+00 4.812983354416361936e-01
1.409999999999999920e+00 4.403511847189754969e-01
1.469999999999999973e+00 3.997108737519953769e-01
1.530000000000000027e+00 3.612683599666388634e-01
1.589999999999999858e+00 3.242039552903664412e-01
1.649999999999999911e+00 2.896484095472247056e-01
1.709999999999999964e+00 2.580820368509254559e-01
1.770000000000000018e+00 2.284413909579841306e-01
1.829999999999999849e+00 2.011473055114584851e-01
1.889999999999999902e+00 1.763285513841316154e-01
1.949999999999999956e+00 1.540480859843920414e-01
2.009999999999999787e+00 1.338541557585505026e-01
2.070000000000000284e+00 1.160593125742913484e-01
2.129999999999999893e+00 9.993948414696313121e-02
2.189999999999999947e+00 8.584261260340465827e-02
2.250000000000000000e+00 7.347278570654927621e-02
2.309999999999999609e+00 6.282242869917653572e-02
2.370000000000000107e+00 5.328754782506128079e-02
2.429999999999999716e+00 4.532200763580724462e-02
2.490000000000000213e+00 3.821427765790161996e-02
2.549999999999999822e+00 3.223245462647778004e-02
2.609999999999999876e+00 2.700636884842217561e-02
2.669999999999999929e+00 2.263163611162338079e-02
2.729999999999999538e+00 1.879409025587476176e-02
2.790000000000000036e+00 1.579014022363249906e-02
2.849999999999999645e+00 1.307552108201586079e-02
2.910000000000000142e+00 1.088877559535610107e-02
2.969999999999999751e+00 8.919835422926961771e-03
3.030000000000000249e+00 7.324045175961343100e-03
3.089999999999999858e+00 6.043662852682025674e-03
3.149999999999999911e+00 4.991019951466005126e-03
3.209999999999999964e+00 4.048769823540116115e-03
3.269999999999999574e+00 3.346304223424598732e-03
3.330000000000000071e+00 2.715488376051993641e-03
3.389999999999999680e+00 2.192457598663526824e-03
3.450000000000000178e+00 1.816948322589755560e-03
3.509999999999999787e+00 1.438582990514100527e-03
3.569999999999999840e+00 1.167381846683052116e-03
3.629999999999999893e+00 9.241203811312849068e-04
3.689999999999999503e+00 7.418295024023510058e-04
3.750000000000000000e+00 6.092091628366142972e-04
3.809999999999999609e+00 4.791965265769454973e-04
3.870000000000000107e+00 3.822147988608028905e-04
3.929999999999999716e+00 3.096958116825348464e-04
3.989999999999999769e+00 2.447515817266562410e-04
4.049999999999999822e+00 1.870095799494362915e-04
4.109999999999999432e+00 1.528610842747406544e-04
4.169999999999999929e+00 1.149872981628007800e-04
4.230000000000000426e+00 9.946525467430323620e-05
4.290000000000000036e+00 7.425745604897934619e-05
4.349999999999999645e+00 6.233652664981301423e-05
4.410000000000000142e+00 4.569689603014181166e-05
4.469999999999999751e+00 3.551443550168577220e-05
4.529999999999999361e+00 2.607703306067875166e-05
4.589999999999999858e+00 2.371768245042651287e-05
4.650000000000000355e+00 1.875062853410710059e-05
4.709999999999999964e+00 1.390775096569512856e-05
4.769999999999999574e+00 1.167257670335144132e-05
4.830000000000000071e+00 8.319815309835601285e-06
4.889999999999999680e+00 7.698933570295518473e-06
4.949999999999999289e+00 5.215406612135750502e-06
5.009999999999999787e+00 3.352761393515789633e-06
5.070000000000000284e+00 2.856056001883863229e-06
5.129999999999999893e+00 1.986821566527875448e-06
5.189999999999999503e+00 2.483526958159881050e-06
5.250000000000000000e+00 1.117587131171946324e-06
5.309999999999999609e+00 1.365939826987914397e-06
5.369999999999999218e+00 8.692344353559583463e-07
5.429999999999999716e+00 7.450580874479533459e-07
5.490000000000000213e+00 3.725290437239821787e-07
5.549999999999999822e+00 6.208817395399610510e-07
5.609999999999999432e+00 3.725290437239821787e-07
5.669999999999999929e+00 4.967053916319688620e-07
5.730000000000000426e+00 0.000000000000000000e+00
5.789999999999999147e+00 0.000000000000000000e+00
5.849999999999999645e+00 0.000000000000000000e+00
5.910000000000000142e+00 0.000000000000000000e+00
5.969999999999999751e+00 1.241763479079922155e-07
