2.999999999999999889e-02 9.629776223944271074e-02
8.999999999999999667e-02 1.618158096345634622e-01
1.499999999999999944e-01 2.414787845037199843e-01
2.099999999999999922e-01 3.234436162825964911e-01
2.700000000000000178e-01 4.034303188835132170e-01
3.299999999999999600e-01 4.800656261056506779e-01
3.900000000000000133e-01 5.497136545635311622e-01
4.499999999999999556e-01 6.109217893717954206e-01
5.100000000000000089e-01 6.629701802577099290e-01
5.700000000000000622e-01 7.041069473441490256e-01
6.299999999999998934e-01 7.341500481091453034e-01
6.899999999999999467e-01 7.532648854444152775e-01
7.500000000000000000e-01 7.627777868923208970e-01
8.100000000000000533e-01 7.624894494189248251e-01
8.699999999999998845e-01 7.521281751810743321e-01
9.299999999999999378e-01 7.337800026006493503e-01
9.899999999999999911e-01 7.082596526780665647e-01
1.050000000000000044e+00 6.780762326430707088e-01
1.109999999999999876e+00 6.429472413104876383e-01
1.169999999999999929e+00 6.049584687494997670e-01
1.229999999999999982e+00 5.644661768942993429e-01
1.290000000000000036e+00 5.227973141689710168e-01
1.349999999999999867e+00 4.812999389762666613e-01
1.409999999999999920e+00 4.400683011621476237e-01
1.469999999999999973e+00 4.001063664770078132e-01
1.530000000000000027e+00 3.616237445914307069e-01
1.589999999999999858e+00 3.247158029384791811e-01
1.649999999999999911e+00 2.899857902028030177e-01
1.709999999999999964e+00 2.578438608523782594e-01
1.770000000000000018e+00 2.280047818224354150e-01
1.829999999999999849e+00 2.009817739474042408e-01
1.889999999999999902e+00 1.762027568052621784e-01
1.949999999999999956e+00 1.539322260111403995e-01
2.009999999999999787e+00 1.339397102684731500e-01
2.070000000000000284e+00 1.159261929381815576e-01
2.129999999999999893e+00 9.995897759932734217e-02
2.189999999999999947e+00 8.603371807983152542e-02
2.250000000000000000e+00 7.364079465926870460e-02
2.309999999999999609e+00 6.283496910584417117e-02
2.370000000000000107e+00 5.335398097863760375e-02
2.429999999999999716e+00 4.516852466019772444e-02
2.490000000000000213e+00 3.804639038512688809e-02
2.549999999999999822e+00 3.215956239143352019e-02
2.609999999999999876e+00 2.691683709994229998e-02
2.669999999999999929e+00 2.265473240596152169e-02
2.729999999999999538e+00 1.886896817190895914e-02
2.790000000000000036e+00 1.575412873060695260e-02
2.849999999999999645e+00 1.296798407487049706e-02
2.910000000000000142e+00 1.077465729079628808e-02
2.969999999999999751e+00 8.954604600190183700e-03
3.030000000000000249e+00 7.323672483220776581e-03
3.089999999999999858e+00 6.059184760737187231e-03
3.149999999999999911e+00 4.966681276262057201e-03
3.209999999999999964e+00 4.046658735175806369e-03
3.269999999999999574e+00 3.304580896664371763e-03
3.330000000000000071e+00 2.708906969064079056e-03
3.389999999999999680e+00 2.187242143162717624e-03
3.450000000000000178e+00 1.734991894190387714e-03
3.509999999999999787e+00 1.439824721810588652e-03
3.569999999999999840e+00 1.178060986271423777e-03
3.629999999999999893e+00 9.477138660507471602e-04
3.689999999999999503e+00 7.516394170866316348e-04
3.750000000000000000e+00 5.933145770427764682e-04
3.809999999999999609e+00 4.868954492642793086e-04
3.870000000000000107e+00 3.882994312291255861e-04
3.929999999999999716e+00 3.063430434417182039e-04
3.989999999999999769e+00 2.427647547339130570e-04
4.049999999999999822e+00 1.975645651057032878e-04
4.109999999999999432e+00 1.529852572031615871e-04
4.169999999999999929e+00 1.199543493979317402e-04
4.230000000000000426e+00 9.809931265462470777e-05
4.290000000000000036e+00 7.438163073432826954e-05
4.349999999999999645e+00 6.581346292019126291e-05
4.410000000000000142e+00 4.842877460165018086e-05
4.469999999999999751e+00 4.296501541582233854e-05
4.529999999999999361e+00 3.054738090257933870e-05
4.589999999999999858e+00 2.433856364595716454e-05
4.650000000000000355e+00 1.961986253092494155e-05
4.709999999999999964e+00 1.564621948668674887e-05
4.769999999999999574e+00 1.055498933625708892e-05
4.830000000000000071e+00 8.071462433608361217e-06
4.889999999999999680e+00 7.326404362813636350e-06
4.949999999999999289e+00 6.953875327416434853e-06
5.009999999999999787e+00 4.221995734502772887e-06
5.070000000000000284e+00 2.110997867251417784e-06
5.129999999999999893e+00 2.856055938045993573e-06
5.189999999999999503e+00 1.614292486721672498e-06
5.250000000000000000e+00 1.365939796456799854e-06
5.309999999999999609e+00 1.117587106191910483e-06
5.369999999999999218e+00 4.967053805297453920e-07
5.429999999999999716e+00 6.208817256621726079e-07
5.490000000000000213e+00 1.241763451324363639e-06
5.549999999999999822e+00 2.483526902648690432e-07
5.609999999999999432e+00 3.725290353973090705e-07
5.669999999999999929e+00 1.241763451324345216e-07
5.730000000000000426e+00 0.000000000000000000e+00
5.789999999999999147e+00 0.000000000000000000e+00
5.849999999999999645e+00 0.000000000000000000e+00
5.910000000000000142e+00 2.483526902648726960e-07
5.969999999999999751e+00 0.000000000000000000e+00
