2.999999999999999889e-02 9.599353090907578046e-02
8.999999999999999667e-02 1.618179218380682294e-01
1.499999999999999944e-01 2.418222580760725493e-01
2.099999999999999922e-01 3.231889330066750610e-01
2.700000000000000178e-01 4.039259096864193932e-01
3.299999999999999600e-01 4.795294362201415472e-01
3.900000000000000133e-01 5.499027792342627841e-01
4.499999999999999556e-01 6.112083929302184471e-01
5.100000000000000089e-01 6.624368477909052810e-01
5.700000000000000622e-01 7.039904751775526437e-01
6.299999999999998934e-01 7.348374938307645765e-01
6.899999999999999467e-01 7.543572703729449769e-01
7.500000000000000000e-01 7.631062390107806737e-01
8.100000000000000533e-01 7.621679625399707669e-01
8.699999999999998845e-01 7.522318680338241359e-01
9.299999999999999378e-01 7.328257128482836835e-01
9.899999999999999911e-01 7.086536695010532405e-01
1.050000000000000044e+00 6.775203001938324698e-01
1.109999999999999876e+00 6.434013589983507142e-01
1.169999999999999929e+00 6.046842918846965231e-01
1.229999999999999982e+00 5.641736216285884176e-01
1.290000000000000036e+00 5.230178552547128934e-01
1.349999999999999867e+00 4.807827480809007126e-01
1.409999999999999920e+00 4.402853646938207910e-01
1.469999999999999973e+00 4.001027683439969396e-01
1.530000000000000027e+00 3.613996089811035706e-01
1.589999999999999858e+00 3.242942266629348369e-01
1.649999999999999911e+00 2.899758582556809516e-01
1.709999999999999964e+00 2.577008116228063916e-01
1.770000000000000018e+00 2.283450267094013497e-01
1.829999999999999849e+00 2.009013091725898592e-01
1.889999999999999902e+00 1.761684854465631334e-01
1.949999999999999956e+00 1.539185677599585467e-01
2.009999999999999787e+00 1.338870604956733379e-01
2.070000000000000284e+00 1.157614117906805434e-01
2.129999999999999893e+00 9.989775940547337973e-02
2.189999999999999947e+00 8.587688399576191844e-02
2.250000000000000000e+00 7.384307847566326521e-02
2.309999999999999609e+00 6.280504307460130220e-02
2.370000000000000107e+00 5.356321851926283684e-02
2.429999999999999716e+00 4.519547126382397056e-02
2.490000000000000213e+00 3.824457611690255943e-02
2.549999999999999822e+00 3.228535326959731250e-02
2.609999999999999876e+00 2.695024073757787061e-02
2.669999999999999929e+00 2.263560941745955749e-02
2.729999999999999538e+00 1.892782790052504466e-02
2.790000000000000036e+00 1.561443045866953323e-02
2.849999999999999645e+00 1.304770538565850312e-02
2.910000000000000142e+00 1.085201923466764216e-02
2.969999999999999751e+00 8.969630004780161647e-03
3.030000000000000249e+00 7.321064834519179845e-03
3.089999999999999858e+00 6.037826474359720384e-03
3.149999999999999911e+00 4.914651424268573314e-03
3.209999999999999964e+00 4.064167630119888165e-03
3.269999999999999574e+00 3.351767932787314691e-03
3.330000000000000071e+00 2.736970843456031175e-03
3.389999999999999680e+00 2.219776362126038918e-03
3.450000000000000178e+00 1.777708570160906791e-03
3.509999999999999787e+00 1.432870857158892192e-03
3.569999999999999840e+00 1.162787304483574617e-03
3.629999999999999893e+00 9.241203673608178269e-04
3.689999999999999503e+00 7.364899084677519825e-04
3.750000000000000000e+00 6.095816827968630934e-04
3.809999999999999609e+00 4.962086788462547523e-04
3.870000000000000107e+00 3.792345608599754819e-04
3.929999999999999716e+00 3.017485209200198052e-04
3.989999999999999769e+00 2.412746403899599810e-04
4.049999999999999822e+00 1.996755644606536078e-04
4.109999999999999432e+00 1.588215466076988444e-04
4.169999999999999929e+00 1.193334685613731908e-04
4.230000000000000426e+00 9.474655204196576002e-05
4.290000000000000036e+00 7.984539051504990889e-05
4.349999999999999645e+00 6.159146764458062553e-05
4.410000000000000142e+00 4.818042227035743017e-05
4.469999999999999751e+00 4.135072323718758883e-05
4.529999999999999361e+00 2.657373805633115704e-05
4.589999999999999858e+00 2.135833152191070740e-05
4.650000000000000355e+00 1.850227556258571306e-05
4.709999999999999964e+00 1.279016364393490107e-05
4.769999999999999574e+00 1.117587114518600066e-05
4.830000000000000071e+00 7.326404417399711559e-06
4.889999999999999680e+00 6.457169994996260652e-06
4.949999999999999289e+00 6.705522687111601071e-06
5.009999999999999787e+00 3.849466727786232345e-06
5.070000000000000284e+00 2.731879613267689200e-06
5.129999999999999893e+00 2.607703267210028308e-06
5.189999999999999503e+00 3.104408651440555832e-06
5.250000000000000000e+00 1.490116152691466952e-06
5.309999999999999609e+00 7.450580763457224644e-07
5.369999999999999218e+00 1.117587114518600108e-06
5.429999999999999716e+00 7.450580763457224644e-07
5.490000000000000213e+00 4.967053842304888780e-07
5.549999999999999822e+00 1.241763460576203931e-07
5.609999999999999432e+00 1.241763460576222195e-07
5.669999999999999929e+00 1.241763460576203931e-07
5.730000000000000426e+00 1.241763460576222195e-07
5.789999999999999147e+00 0.000000000000000000e+00
5.849999999999999645e+00 1.241763460576203931e-07
5.910000000000000142e+00 2.483526921152444390e-07
5.969999999999999751e+00 0.000000000000000000e+00
