2.999999999999999889e-02 9.626150346386812273e-02
8.999999999999999667e-02 1.619917687225488900e-01
1.499999999999999944e-01 2.417627776063109302e-01
2.099999999999999922e-01 3.231085909107757614e-01
2.700000000000000178e-01 4.036391865033723270e-01
3.299999999999999600e-01 4.796474037488963060e-01
3.900000000000000133e-01 5.499493453640343921e-01
4.499999999999999556e-01 6.109627721177165460e-01
5.100000000000000089e-01 6.627496480066245033e-01
5.700000000000000622e-01 7.042663950184926414e-01
6.299999999999998934e-01 7.344573900354821605e-01
6.899999999999999467e-01 7.541140089110180966e-01
7.500000000000000000e-01 7.630319815558382901e-01
8.100000000000000533e-01 7.615563940356369077e-01
8.699999999999998845e-01 7.520623673214554827e-01
9.299999999999999378e-01 7.335399751908071586e-01
9.899999999999999911e-01 7.090099314378924822e-01
1.050000000000000044e+00 6.775774213130190127e-01
1.109999999999999876e+00 6.430788730276391085e-01
1.169999999999999929e+00 6.048597530616759421e-01
1.229999999999999982e+00 5.639447646228042954e-01
1.290000000000000036e+00 5.227380859470450725e-01
1.349999999999999867e+00 4.813288756508621313e-01
1.409999999999999920e+00 4.401219486224089428e-01
1.469999999999999973e+00 3.999018510160757267e-01
1.530000000000000027e+00 3.612950524977230349e-01
1.589999999999999858e+00 3.245302858967903936e-01
1.649999999999999911e+00 2.900593047602316732e-01
1.709999999999999964e+00 2.579916326252733594e-01
1.770000000000000018e+00 2.284741701093012667e-01
1.829999999999999849e+00 2.011562432110461651e-01
1.889999999999999902e+00 1.759388833827025822e-01
1.949999999999999956e+00 1.539047841855461507e-01
2.009999999999999787e+00 1.337606489753866978e-01
2.070000000000000284e+00 1.156958466799621194e-01
2.129999999999999893e+00 1.001094800755016195e-01
2.189999999999999947e+00 8.587762905383826417e-02
2.250000000000000000e+00 7.351190016072758904e-02
2.309999999999999609e+00 6.274804613176085399e-02
2.370000000000000107e+00 5.342898388917455277e-02
2.429999999999999716e+00 4.518975915190531767e-02
2.490000000000000213e+00 3.821365620673421171e-02
2.549999999999999822e+00 3.222748709233445863e-02
2.609999999999999876e+00 2.707267861479068297e-02
2.669999999999999929e+00 2.267857443319549679e-02
2.729999999999999538e+00 1.884251875078345878e-02
2.790000000000000036e+00 1.577250694720088581e-02
2.849999999999999645e+00 1.310221880157779774e-02
2.910000000000000142e+00 1.085177088197552576e-02
2.969999999999999751e+00 8.921201229817689315e-03
3.030000000000000249e+00 7.392962938886542615e-03
3.089999999999999858e+00 6.050368285311540431e-03
3.149999999999999911e+00 4.926696529836162297e-03
3.209999999999999964e+00 4.055847814934026956e-03
3.269999999999999574e+00 3.300731454557632311e-03
3.330000000000000071e+00 2.713874043089313601e-03
3.389999999999999680e+00 2.209966430787486686e-03
3.450000000000000178e+00 1.772120634588313830e-03
3.509999999999999787e+00 1.445412668110712022e-03
3.569999999999999840e+00 1.139317975078684179e-03
3.629999999999999893e+00 9.257346598595668323e-04
3.689999999999999503e+00 7.348756159690028687e-04
3.750000000000000000e+00 5.993992224201381055e-04
3.809999999999999609e+00 4.793206957824182649e-04
3.870000000000000107e+00 3.915280191196800512e-04
3.929999999999999716e+00 3.125518630270328639e-04
3.989999999999999769e+00 2.546856857641831696e-04
4.049999999999999822e+00 2.009173279212298033e-04
4.109999999999999432e+00 1.519918475745296333e-04
4.169999999999999929e+00 1.265356966327151847e-04
4.230000000000000426e+00 9.872019511580967528e-05
4.290000000000000036e+00 7.587174744120606139e-05
4.349999999999999645e+00 6.010135149188915562e-05
4.410000000000000142e+00 5.041559649939462826e-05
4.469999999999999751e+00 3.762543285545898181e-05
4.529999999999999361e+00 2.793967786296500333e-05
4.589999999999999858e+00 2.359350575094787500e-05
4.650000000000000355e+00 1.875062825470095692e-05
4.709999999999999964e+00 1.502533787297206698e-05
4.769999999999999574e+00 1.403192710451131178e-05
4.830000000000000071e+00 9.313225954321668342e-06
4.889999999999999680e+00 6.705522687111501121e-06
4.949999999999999289e+00 7.202228071342089631e-06
5.009999999999999787e+00 3.849466727786232345e-06
5.070000000000000284e+00 2.483526921152444919e-06
5.129999999999999893e+00 2.359350575094787416e-06
5.189999999999999503e+00 2.235174229037200216e-06
5.250000000000000000e+00 2.359350575094822568e-06
5.309999999999999609e+00 1.241763460576204037e-06
5.369999999999999218e+00 4.967053842304888780e-07
5.429999999999999716e+00 1.117587114518583591e-06
5.490000000000000213e+00 4.967053842304888780e-07
5.549999999999999822e+00 1.241763460576203931e-07
5.609999999999999432e+00 4.967053842304888780e-07
5.669999999999999929e+00 1.241763460576203931e-07
5.730000000000000426e+00 4.967053842304888780e-07
5.789999999999999147e+00 1.241763460576222195e-07
5.849999999999999645e+00 1.241763460576203931e-07
5.910000000000000142e+00 1.241763460576222195e-07
5.969999999999999751e+00 0.000000000000000000e+00
