2.999999999999999889e-02 9.626522803701800801e-02
8.999999999999999667e-02 1.616833134743071720e-01
1.499999999999999944e-01 2.417412932973299622e-01
2.099999999999999922e-01 3.231239863702256021e-01
2.700000000000000178e-01 4.039178352145031403e-01
3.299999999999999600e-01 4.800700964540754456e-01
3.900000000000000133e-01 5.496506971565490174e-01
4.499999999999999556e-01 6.107981097320435149e-01
5.100000000000000089e-01 6.626674383282770142e-01
5.700000000000000622e-01 7.043009107952459269e-01
6.299999999999998934e-01 7.347228735892413765e-01
6.899999999999999467e-01 7.540850702040149400e-01
7.500000000000000000e-01 7.629186028677010789e-01
8.100000000000000533e-01 7.624228908979336916e-01
8.699999999999998845e-01 7.515788190302085114e-01
9.299999999999999378e-01 7.335820655065082851e-01
9.899999999999999911e-01 7.087749845103662460e-01
1.050000000000000044e+00 6.775565546386914662e-01
1.109999999999999876e+00 6.423927939294712397e-01
1.169999999999999929e+00 6.044463655021736770e-01
1.229999999999999982e+00 5.641711338982646762e-01
1.290000000000000036e+00 5.225283482054141615e-01
1.349999999999999867e+00 4.818655622283448681e-01
1.409999999999999920e+00 4.400514131792096495e-01
1.469999999999999973e+00 4.003303806036266899e-01
1.530000000000000027e+00 3.614445581254046025e-01
1.589999999999999858e+00 3.245850452470547265e-01
1.649999999999999911e+00 2.902680430352890251e-01
1.709999999999999964e+00 2.581086048202006489e-01
1.770000000000000018e+00 2.281087174233112636e-01
1.829999999999999849e+00 2.010889381332535697e-01
1.889999999999999902e+00 1.761065201377845224e-01
1.949999999999999956e+00 1.537077151791409468e-01
2.009999999999999787e+00 1.338861902637210888e-01
2.070000000000000284e+00 1.158046242962968986e-01
2.129999999999999893e+00 9.995574901435388959e-02
2.189999999999999947e+00 8.584000298142492602e-02
2.250000000000000000e+00 7.352605571636633419e-02
2.309999999999999609e+00 6.281746024118049776e-02
2.370000000000000107e+00 5.334504028178806839e-02
2.429999999999999716e+00 4.518268076354282209e-02
2.490000000000000213e+00 3.818012830883452113e-02
2.549999999999999822e+00 3.224896935992887376e-02
2.609999999999999876e+00 2.692565362044670521e-02
2.669999999999999929e+00 2.264566753276684927e-02
2.729999999999999538e+00 1.891093977656372466e-02
2.790000000000000036e+00 1.574419462299635544e-02
2.849999999999999645e+00 1.307899772741889441e-02
2.910000000000000142e+00 1.082693553209704458e-02
2.969999999999999751e+00 8.930266036544225183e-03
3.030000000000000249e+00 7.425993791609903152e-03
3.089999999999999858e+00 6.057197939215067106e-03
3.149999999999999911e+00 4.933029486731166022e-03
3.209999999999999964e+00 4.062925836388154265e-03
3.269999999999999574e+00 3.321220526912117832e-03
3.330000000000000071e+00 2.685065110798651438e-03
3.389999999999999680e+00 2.196555369047650287e-03
3.450000000000000178e+00 1.773238208491177996e-03
3.509999999999999787e+00 1.451373121907905154e-03
3.569999999999999840e+00 1.174708224952848018e-03
3.629999999999999893e+00 9.354204078826360447e-04
3.689999999999999503e+00 7.439404836884207055e-04
3.750000000000000000e+00 6.187707277949257116e-04
3.809999999999999609e+00 4.863987438837496027e-04
3.870000000000000107e+00 3.999720076715744879e-04
3.929999999999999716e+00 3.031144584682748987e-04
3.989999999999999769e+00 2.396603461056021512e-04
4.049999999999999822e+00 1.954535672384519294e-04
4.109999999999999432e+00 1.572072529376644125e-04
4.169999999999999929e+00 1.206994074687263397e-04
4.230000000000000426e+00 1.045564826015113995e-04
4.290000000000000036e+00 7.860362646883104073e-05
4.349999999999999645e+00 6.283323063701279712e-05
4.410000000000000142e+00 4.681448211492850116e-05
4.469999999999999751e+00 3.824631430078983434e-05
4.529999999999999361e+00 2.831220669019548597e-05
4.589999999999999858e+00 2.731879592913558967e-05
4.650000000000000355e+00 1.676380659287890563e-05
4.709999999999999964e+00 1.291433989377318855e-05
4.769999999999999574e+00 1.018246030085978069e-05
4.830000000000000071e+00 9.064873194667854331e-06
4.889999999999999680e+00 7.947286088475809382e-06
4.949999999999999289e+00 5.836288221224508488e-06
5.009999999999999787e+00 4.967053805297380863e-06
5.070000000000000284e+00 3.352761318575781634e-06
5.129999999999999893e+00 3.725290353973035224e-06
5.189999999999999503e+00 1.614292486721672498e-06
5.250000000000000000e+00 1.365939796456799854e-06
5.309999999999999609e+00 1.490116141589214259e-06
5.369999999999999218e+00 1.241763451324363639e-06
5.429999999999999716e+00 9.934107610594761727e-07
5.490000000000000213e+00 4.967053805297453920e-07
5.549999999999999822e+00 4.967053805297380863e-07
5.609999999999999432e+00 4.967053805297453920e-07
5.669999999999999929e+00 2.483526902648690432e-07
5.730000000000000426e+00 0.000000000000000000e+00
5.789999999999999147e+00 1.241763451324363480e-07
5.849999999999999645e+00 2.483526902648690432e-07
5.910000000000000142e+00 0.000000000000000000e+00
5.969999999999999751e+00 0.000000000000000000e+00
