2.999999999999999889e-02 9.646602046836927347e-02
8.999999999999999667e-02 1.621068777797635418e-01
1.499999999999999944e-01 2.418709315995693221e-01
2.099999999999999922e-01 3.234886898857009530e-01
2.700000000000000178e-01 4.036503563596583466e-01
3.299999999999999600e-01 4.797237650532804598e-01
3.900000000000000133e-01 5.499042611562032778e-01
4.499999999999999556e-01 6.105522360197125353e-01
5.100000000000000089e-01 6.626644531587588816e-01
5.700000000000000622e-01 7.043514453198874703e-01
6.299999999999998934e-01 7.350410079089882975e-01
6.899999999999999467e-01 7.532066411267211992e-01
7.500000000000000000e-01 7.632039544225026617e-01
8.100000000000000533e-01 7.621087190665961630e-01
8.699999999999998845e-01 7.516057596972027799e-01
9.299999999999999378e-01 7.339978024413018609e-01
9.899999999999999911e-01 7.081891152376112997e-01
1.050000000000000044e+00 6.778756827951143427e-01
1.109999999999999876e+00 6.431814331053321565e-01
1.169999999999999929e+00 6.046521212010486090e-01
1.229999999999999982e+00 5.645917149726921158e-01
1.290000000000000036e+00 5.223342566862786418e-01
1.349999999999999867e+00 4.807598924693452513e-01
1.409999999999999920e+00 4.401796840641371555e-01
1.469999999999999973e+00 3.998812317839353092e-01
1.530000000000000027e+00 3.610360152599909056e-01
1.589999999999999858e+00 3.244441026780323645e-01
1.649999999999999911e+00 2.899886440981572777e-01
1.709999999999999964e+00 2.577004352537324294e-01
1.770000000000000018e+00 2.281269696463673335e-01
1.829999999999999849e+00 2.008636807466322449e-01
1.889999999999999902e+00 1.763475451097949731e-01
1.949999999999999956e+00 1.542971791398810577e-01
2.009999999999999787e+00 1.338989794296445712e-01
2.070000000000000284e+00 1.159254470163988554e-01
2.129999999999999893e+00 9.992395912550847137e-02
2.189999999999999947e+00 8.583851222573657402e-02
2.250000000000000000e+00 7.363433694070325997e-02
2.309999999999999609e+00 6.290276892162433020e-02
2.370000000000000107e+00 5.326854725630487952e-02
2.429999999999999716e+00 4.521819486134889127e-02
2.490000000000000213e+00 3.827872404167095149e-02
2.549999999999999822e+00 3.237389052192782279e-02
2.609999999999999876e+00 2.705343087802420873e-02
2.669999999999999929e+00 2.270552036195137499e-02
2.729999999999999538e+00 1.879384134307880705e-02
2.790000000000000036e+00 1.576319348635667195e-02
2.849999999999999645e+00 1.309265702783556432e-02
2.910000000000000142e+00 1.080172765355601715e-02
2.969999999999999751e+00 8.985027737803954681e-03
3.030000000000000249e+00 7.358069276000572291e-03
3.089999999999999858e+00 6.113325601667102607e-03
3.149999999999999911e+00 4.976242817761354804e-03
3.209999999999999964e+00 4.092479776038323441e-03
3.269999999999999574e+00 3.326808437656422930e-03
3.330000000000000071e+00 2.698724488656154604e-03
3.389999999999999680e+00 2.181157486000338472e-03
3.450000000000000178e+00 1.782551421095067293e-03
3.509999999999999787e+00 1.460562160565669369e-03
3.569999999999999840e+00 1.153846590373771392e-03
3.629999999999999893e+00 9.277214675723614206e-04
3.689999999999999503e+00 7.675339835450094728e-04
3.750000000000000000e+00 5.889684005749845760e-04
3.809999999999999609e+00 4.875163273576617697e-04
3.870000000000000107e+00 3.916521896296650896e-04
3.929999999999999716e+00 3.032386325541033887e-04
3.989999999999999769e+00 2.569208561648012729e-04
4.049999999999999822e+00 1.975645636337325763e-04
4.109999999999999432e+00 1.591940732736951160e-04
4.169999999999999929e+00 1.236796388304196273e-04
4.230000000000000426e+00 9.809931192372786516e-05
4.290000000000000036e+00 7.984538932526086469e-05
4.349999999999999645e+00 5.898376349844397282e-05
4.410000000000000142e+00 5.116065381338719706e-05
4.469999999999999751e+00 4.135072262101378984e-05
4.529999999999999361e+00 3.129243874022711658e-05
4.589999999999999858e+00 2.384185808779173743e-05
4.650000000000000355e+00 1.825392259846581801e-05
4.709999999999999964e+00 1.254181076493211191e-05
4.769999999999999574e+00 1.328686883017579958e-05
4.830000000000000071e+00 7.947286029264030496e-06
4.889999999999999680e+00 7.326404308227669561e-06
4.949999999999999289e+00 5.215406456704519431e-06
5.009999999999999787e+00 4.718701079875447962e-06
5.070000000000000284e+00 2.856055916766760721e-06
5.129999999999999893e+00 2.980232260973967179e-06
5.189999999999999503e+00 1.614292474694256115e-06
5.250000000000000000e+00 1.614292474694256115e-06
5.309999999999999609e+00 8.692344094507404977e-07
5.369999999999999218e+00 1.365939786279755321e-06
5.429999999999999716e+00 6.208817210362431975e-07
5.490000000000000213e+00 7.450580652435028061e-07
5.549999999999999822e+00 2.483526884144973002e-07
5.609999999999999432e+00 1.241763442072504765e-07
5.669999999999999929e+00 1.241763442072486501e-07
5.730000000000000426e+00 2.483526884145009530e-07
5.789999999999999147e+00 1.241763442072504765e-07
5.849999999999999645e+00 1.241763442072486501e-07
5.910000000000000142e+00 0.000000000000000000e+00
5.969999999999999751e+00 0.000000000000000000e+00
