2.999999999999999889e-02 9.615086162315103491e-02
8.999999999999999667e-02 1.618680878758642361e-01
1.499999999999999944e-01 2.417560702824007035e-01
2.099999999999999922e-01 3.235032209282600602e-01
2.700000000000000178e-01 4.036913375609815779e-01
3.299999999999999600e-01 4.801629803602345259e-01
3.900000000000000133e-01 5.497653119231061813e-01
4.499999999999999556e-01 6.111615738942460796e-01
5.100000000000000089e-01 6.630696455101610098e-01
5.700000000000000622e-01 7.044378773039269293e-01
6.299999999999998934e-01 7.344639659096402484e-01
6.899999999999999467e-01 7.534124069424326109e-01
7.500000000000000000e-01 7.633142287032930184e-01
8.100000000000000533e-01 7.615241025118651974e-01
8.699999999999998845e-01 7.517637176081105599e-01
9.299999999999999378e-01 7.337827344802422269e-01
9.899999999999999911e-01 7.081594423675446892e-01
1.050000000000000044e+00 6.778684856176641071e-01
1.109999999999999876e+00 6.426882094545413038e-01
1.169999999999999929e+00 6.047283699819694380e-01
1.229999999999999982e+00 5.641756042466894439e-01
1.290000000000000036e+00 5.226145265889360347e-01
1.349999999999999867e+00 4.814398857172308976e-01
1.409999999999999920e+00 4.396698192706176567e-01
1.469999999999999973e+00 3.999562372757426987e-01
1.530000000000000027e+00 3.614126448047055296e-01
1.589999999999999858e+00 3.244916646355150980e-01
1.649999999999999911e+00 2.899967177211746350e-01
1.709999999999999964e+00 2.577734528646881684e-01
1.770000000000000018e+00 2.283534689995672939e-01
1.829999999999999849e+00 2.011044601763951056e-01
1.889999999999999902e+00 1.765228834230135602e-01
1.949999999999999956e+00 1.539148413228218493e-01
2.009999999999999787e+00 1.339183519371103803e-01
2.070000000000000284e+00 1.157740769153943194e-01
2.129999999999999893e+00 9.984535624353116368e-02
2.189999999999999947e+00 8.600341905161922040e-02
2.250000000000000000e+00 7.355809321341050255e-02
2.309999999999999609e+00 6.275773141917180553e-02
2.370000000000000107e+00 5.344872752997364973e-02
2.429999999999999716e+00 4.524973598991433726e-02
2.490000000000000213e+00 3.823551095876358968e-02
2.549999999999999822e+00 3.219756035304404546e-02
2.609999999999999876e+00 2.703021010304821128e-02
2.669999999999999929e+00 2.276264164988160352e-02
2.729999999999999538e+00 1.885915824064349905e-02
2.790000000000000036e+00 1.582987630113773594e-02
2.849999999999999645e+00 1.310805499217988432e-02
2.910000000000000142e+00 1.080582555342453170e-02
2.969999999999999751e+00 8.956218892676904783e-03
3.030000000000000249e+00 7.299333919574819800e-03
3.089999999999999858e+00 6.091843139507016613e-03
3.149999999999999911e+00 4.908070041359546484e-03
3.209999999999999964e+00 4.052495023397029682e-03
3.269999999999999574e+00 3.310789713920993249e-03
3.330000000000000071e+00 2.697358568966762554e-03
3.389999999999999680e+00 2.183020147428214961e-03
3.450000000000000178e+00 1.763676629915980317e-03
3.509999999999999787e+00 1.457830291854791873e-03
3.569999999999999840e+00 1.190230268094402384e-03
3.629999999999999893e+00 9.385248165109470048e-04
3.689999999999999503e+00 7.510185353609695295e-04
3.750000000000000000e+00 6.073465040427417170e-04
3.809999999999999609e+00 4.793206922112007787e-04
3.870000000000000107e+00 3.947566011760121965e-04
3.929999999999999716e+00 3.074606305479101235e-04
3.989999999999999769e+00 2.508362171675213742e-04
4.049999999999999822e+00 1.997997393180871270e-04
4.109999999999999432e+00 1.593182508049158523e-04
4.169999999999999929e+00 1.202027020881966067e-04
4.230000000000000426e+00 9.785095996435984127e-05
4.290000000000000036e+00 7.798274474316888125e-05
4.349999999999999645e+00 6.382664139807227668e-05
4.410000000000000142e+00 5.041559612376915353e-05
4.469999999999999751e+00 3.812213795565739432e-05
4.529999999999999361e+00 2.806385399993061269e-05
4.589999999999999858e+00 2.359350557516255825e-05
4.650000000000000355e+00 2.073744963711687131e-05
4.709999999999999964e+00 1.229345816811101721e-05
4.769999999999999574e+00 1.130004740705170706e-05
4.830000000000000071e+00 9.561578575197599193e-06
4.889999999999999680e+00 7.202228017681201405e-06
4.949999999999999289e+00 4.967053805297454555e-06
5.009999999999999787e+00 3.476937663708166181e-06
5.070000000000000284e+00 4.221995734502835567e-06
5.129999999999999893e+00 1.986821522118952345e-06
5.189999999999999503e+00 1.365939796456799854e-06
5.250000000000000000e+00 1.862645176986545141e-06
5.309999999999999609e+00 1.490116141589214259e-06
5.369999999999999218e+00 1.365939796456799854e-06
5.429999999999999716e+00 8.692344159270415452e-07
5.490000000000000213e+00 3.725290353973090705e-07
5.549999999999999822e+00 2.483526902648690432e-07
5.609999999999999432e+00 2.483526902648726960e-07
5.669999999999999929e+00 2.483526902648690432e-07
5.730000000000000426e+00 1.241763451324363480e-07
5.789999999999999147e+00 0.000000000000000000e+00
5.849999999999999645e+00 2.483526902648690432e-07
5.910000000000000142e+00 0.000000000000000000e+00
5.969999999999999751e+00 0.000000000000000000e+00
