2.999999999999999889e-02 9.615967671076457168e-02
8.999999999999999667e-02 1.618099709351857596e-01
1.499999999999999944e-01 2.413831651210784912e-01
2.099999999999999922e-01 3.230077524979909631e-01
2.700000000000000178e-01 4.037130624055862427e-01
3.299999999999999600e-01 4.799301425615946637e-01
3.900000000000000133e-01 5.499725540479024621e-01
4.499999999999999556e-01 6.109490990638732910e-01
5.100000000000000089e-01 6.629881759484602677e-01
5.700000000000000622e-01 7.042898486057923568e-01
6.299999999999998934e-01 7.344037294387824044e-01
6.899999999999999467e-01 7.539896915356311125e-01
7.500000000000000000e-01 7.633117338021589982e-01
8.100000000000000533e-01 7.623319824536648470e-01
8.699999999999998845e-01 7.509339600801475667e-01
9.299999999999999378e-01 7.335755974054329887e-01
9.899999999999999911e-01 7.086090743541710868e-01
1.050000000000000044e+00 6.780757258335743387e-01
1.109999999999999876e+00 6.430529057979601504e-01
1.169999999999999929e+00 6.048300613959625149e-01
1.229999999999999982e+00 5.642402917146677188e-01
1.290000000000000036e+00 5.231682211160674223e-01
1.349999999999999867e+00 4.811583707729971127e-01
1.409999999999999920e+00 4.399549216032024312e-01
1.469999999999999973e+00 3.998082131147381313e-01
1.530000000000000027e+00 3.612066308657325142e-01
1.589999999999999858e+00 3.250043839216241182e-01
1.649999999999999911e+00 2.898772557576494990e-01
1.709999999999999964e+00 2.580065280199048683e-01
1.770000000000000018e+00 2.282178650299714340e-01
1.829999999999999849e+00 2.013855924208957093e-01
1.889999999999999902e+00 1.763628174861270603e-01
1.949999999999999956e+00 1.538412024577457404e-01
2.009999999999999787e+00 1.338110615809757209e-01
2.070000000000000284e+00 1.157568146785099283e-01
2.129999999999999893e+00 9.993724524974814671e-02
2.189999999999999947e+00 8.582050601641393051e-02
2.250000000000000000e+00 7.342249155044548725e-02
2.309999999999999609e+00 6.269589066505426578e-02
2.370000000000000107e+00 5.342873434225713092e-02
2.429999999999999716e+00 4.513611396153763972e-02
2.490000000000000213e+00 3.822209934393561159e-02
2.549999999999999822e+00 3.205488125483191980e-02
2.609999999999999876e+00 2.704213062922177294e-02
2.669999999999999929e+00 2.263151109218595330e-02
2.729999999999999538e+00 1.892509559790291757e-02
2.790000000000000036e+00 1.574754714965818925e-02
2.849999999999999645e+00 1.305490732192991950e-02
2.910000000000000142e+00 1.080309351285297682e-02
2.969999999999999751e+00 8.829186360041292939e-03
3.030000000000000249e+00 7.418791453043613142e-03
3.089999999999999858e+00 6.075700124104812215e-03
3.149999999999999911e+00 4.981582363446586219e-03
3.209999999999999964e+00 4.042064150174455063e-03
3.269999999999999574e+00 3.296509385108944718e-03
3.330000000000000071e+00 2.718965212504066697e-03
3.389999999999999680e+00 2.206737796465553948e-03
3.450000000000000178e+00 1.807759205500283168e-03
3.509999999999999787e+00 1.445040106773375164e-03
3.569999999999999840e+00 1.170237859090176788e-03
3.629999999999999893e+00 9.329368670781445138e-04
3.689999999999999503e+00 7.584691047668450526e-04
3.750000000000000000e+00 6.049871444702143016e-04
3.809999999999999609e+00 4.957119623819982281e-04
3.870000000000000107e+00 3.757576147715247579e-04
3.929999999999999716e+00 2.982715765635169996e-04
3.989999999999999769e+00 2.443790435791031346e-04
4.049999999999999822e+00 1.965711514155053634e-04
4.109999999999999432e+00 1.552204291025807736e-04
4.169999999999999929e+00 1.236796379089345169e-04
4.230000000000000426e+00 1.028180122375494922e-04
4.290000000000000036e+00 7.363657156626322929e-05
4.349999999999999645e+00 5.513429641723668727e-05
4.410000000000000142e+00 4.693865776062042212e-05
4.469999999999999751e+00 3.390014171600314014e-05
4.529999999999999361e+00 3.116826216379821535e-05
4.589999999999999858e+00 2.384185791015605349e-05
4.650000000000000355e+00 1.726051171620698256e-05
4.709999999999999964e+00 1.539786656697578497e-05
4.769999999999999574e+00 1.216928164164233166e-05
4.830000000000000071e+00 6.457169850667359778e-06
4.889999999999999680e+00 6.829698880513452081e-06
4.949999999999999289e+00 4.967053731282584835e-06
5.009999999999999787e+00 4.097819328308071587e-06
5.070000000000000284e+00 3.228584925333679889e-06
5.129999999999999893e+00 2.235174179077129803e-06
5.189999999999999503e+00 1.241763432820646209e-06
5.250000000000000000e+00 1.241763432820646209e-06
5.309999999999999609e+00 1.117587089538564901e-06
5.369999999999999218e+00 9.934107462565168400e-07
5.429999999999999716e+00 6.208817164103138929e-07
5.490000000000000213e+00 2.483526865641292100e-07
5.549999999999999822e+00 3.725290298461883358e-07
5.609999999999999432e+00 4.967053731282584200e-07
5.669999999999999929e+00 4.967053731282511143e-07
5.730000000000000426e+00 3.725290298461938415e-07
5.789999999999999147e+00 2.483526865641292100e-07
5.849999999999999645e+00 2.483526865641255572e-07
5.910000000000000142e+00 0.000000000000000000e+00
5.969999999999999751e+00 0.000000000000000000e+00
