2.999999999999999889e-02 9.616042320172622782e-02
8.999999999999999667e-02 1.620945855293857985e-01
1.499999999999999944e-01 2.418190276893828483e-01
2.099999999999999922e-01 3.234275975340744069e-01
2.700000000000000178e-01 4.038740009646714091e-01
3.299999999999999600e-01 4.797479830148019264e-01
3.900000000000000133e-01 5.494212192707442766e-01
4.499999999999999556e-01 6.112596732069007777e-01
5.100000000000000089e-01 6.623566249364105651e-01
5.700000000000000622e-01 7.039009387875743151e-01
6.299999999999998934e-01 7.345234463789586110e-01
6.899999999999999467e-01 7.541022065396432161e-01
7.500000000000000000e-01 7.628217453184977792e-01
8.100000000000000533e-01 7.620535904475099764e-01
8.699999999999998845e-01 7.517818473545000435e-01
9.299999999999999378e-01 7.337153067248353144e-01
9.899999999999999911e-01 7.088359550958261979e-01
1.050000000000000044e+00 6.775392941267180946e-01
1.109999999999999876e+00 6.424907690657807313e-01
1.169999999999999929e+00 6.042902758363422056e-01
1.229999999999999982e+00 5.642831409615740590e-01
1.290000000000000036e+00 5.229818402178377790e-01
1.349999999999999867e+00 4.814912947241157259e-01
1.409999999999999920e+00 4.401188409346165620e-01
1.469999999999999973e+00 4.002351373469101858e-01
1.530000000000000027e+00 3.615729564662714668e-01
1.589999999999999858e+00 3.247079798287358376e-01
1.649999999999999911e+00 2.901759041872007394e-01
1.709999999999999964e+00 2.581836073326606029e-01
1.770000000000000018e+00 2.282030914456119330e-01
1.829999999999999849e+00 2.011393537293773015e-01
1.889999999999999902e+00 1.762254810764214141e-01
1.949999999999999956e+00 1.537671956484593927e-01
2.009999999999999787e+00 1.337337017118984395e-01
2.070000000000000284e+00 1.160208153131724734e-01
2.129999999999999893e+00 9.990098724615048553e-02
2.189999999999999947e+00 8.583217987168158258e-02
2.250000000000000000e+00 7.363471001835722451e-02
2.309999999999999609e+00 6.269017948741976987e-02
2.370000000000000107e+00 5.320472101178841395e-02
2.429999999999999716e+00 4.527556466970188848e-02
2.490000000000000213e+00 3.810537414906479958e-02
2.549999999999999822e+00 3.211535561256637777e-02
2.609999999999999876e+00 2.700289130711907779e-02
2.669999999999999929e+00 2.271917992908525571e-02
2.729999999999999538e+00 1.891578265402388964e-02
2.790000000000000036e+00 1.578492446419979198e-02
2.849999999999999645e+00 1.301852384733939716e-02
2.910000000000000142e+00 1.085586862051290090e-02
2.969999999999999751e+00 8.934984737659258311e-03
3.030000000000000249e+00 7.366389145946334108e-03
3.089999999999999858e+00 6.060053995153113701e-03
3.149999999999999911e+00 4.954015289058548779e-03
3.209999999999999964e+00 4.052619199742163274e-03
3.269999999999999574e+00 3.296261081540498294e-03
3.330000000000000071e+00 2.686679403285372521e-03
3.389999999999999680e+00 2.188980611994571866e-03
3.450000000000000178e+00 1.782303081685845643e-03
3.509999999999999787e+00 1.429890614199993883e-03
3.569999999999999840e+00 1.151859777448479595e-03
3.629999999999999893e+00 9.205192464667437836e-04
3.689999999999999503e+00 7.636845225644779515e-04
3.750000000000000000e+00 6.088366201843309431e-04
3.809999999999999609e+00 4.722426405386519546e-04
3.870000000000000107e+00 3.803521451406497497e-04
3.929999999999999716e+00 3.250936715567159297e-04
3.989999999999999769e+00 2.463658687427536958e-04
4.049999999999999822e+00 1.929700403358032372e-04
4.109999999999999432e+00 1.630435411588889447e-04
4.169999999999999929e+00 1.194576440174020072e-04
4.230000000000000426e+00 9.648502016790304163e-05
4.290000000000000036e+00 7.847945012369861425e-05
4.349999999999999645e+00 6.395081774320471671e-05
4.410000000000000142e+00 5.215406495562326648e-05
4.469999999999999751e+00 3.650784546893574172e-05
4.529999999999999361e+00 2.644956151320894316e-05
4.589999999999999858e+00 2.309680019463281847e-05
4.650000000000000355e+00 1.974403887605737819e-05
4.709999999999999964e+00 1.142422375218397429e-05
4.769999999999999574e+00 1.105169471678683548e-05
4.830000000000000071e+00 7.326404362813744770e-06
4.889999999999999680e+00 5.960464566356857036e-06
4.949999999999999289e+00 4.842877460165017069e-06
5.009999999999999787e+00 4.594524769900076875e-06
5.070000000000000284e+00 2.607703247781163070e-06
5.129999999999999893e+00 3.228584973443297138e-06
5.189999999999999503e+00 9.934107610594907840e-07
5.250000000000000000e+00 2.483526902648727278e-06
5.309999999999999609e+00 1.365939796456779526e-06
5.369999999999999218e+00 6.208817256621818194e-07
5.429999999999999716e+00 7.450580707946071295e-07
5.490000000000000213e+00 6.208817256621818194e-07
5.549999999999999822e+00 4.967053805297380863e-07
5.609999999999999432e+00 2.483526902648726960e-07
5.669999999999999929e+00 7.450580707946071295e-07
5.730000000000000426e+00 0.000000000000000000e+00
5.789999999999999147e+00 0.000000000000000000e+00
5.849999999999999645e+00 1.241763451324345216e-07
5.910000000000000142e+00 0.000000000000000000e+00
5.969999999999999751e+00 6.208817256621726079e-07
