2.999999999999999889e-02 9.645546763505939702e-02
8.999999999999999667e-02 1.623022107969386840e-01
1.499999999999999944e-01 2.418976349204073895e-01
2.099999999999999922e-01 3.235065785102023694e-01
2.700000000000000178e-01 4.043067615520982705e-01
3.299999999999999600e-01 4.801638567496495646e-01
3.900000000000000133e-01 5.498568380829743640e-01
4.499999999999999556e-01 6.111867907997009519e-01
5.100000000000000089e-01 6.627188572104425468e-01
5.700000000000000622e-01 7.036552042858370548e-01
6.299999999999998934e-01 7.347490857466789649e-01
6.899999999999999467e-01 7.535629199016957713e-01
7.500000000000000000e-01 7.629009811948028741e-01
8.100000000000000533e-01 7.614732015571960000e-01
8.699999999999998845e-01 7.515564784871490156e-01
9.299999999999999378e-01 7.337787717713539770e-01
9.899999999999999911e-01 7.075491261745225913e-01
1.050000000000000044e+00 6.777222159819462632e-01
1.109999999999999876e+00 6.424109332485297141e-01
1.169999999999999929e+00 6.044144611879520568e-01
1.229999999999999982e+00 5.641916314023220913e-01
1.290000000000000036e+00 5.229545292145385549e-01
1.349999999999999867e+00 4.808922752010502677e-01
1.409999999999999920e+00 4.401270431317994003e-01
1.469999999999999973e+00 4.001616309134647942e-01
1.530000000000000027e+00 3.613895533896349654e-01
1.589999999999999858e+00 3.244703111391368244e-01
1.649999999999999911e+00 2.902887848105661917e-01
1.709999999999999964e+00 2.581026482016635093e-01
1.770000000000000018e+00 2.284884520914695627e-01
1.829999999999999849e+00 2.008629401782036084e-01
1.889999999999999902e+00 1.762110792461357711e-01
1.949999999999999956e+00 1.537716682882606101e-01
2.009999999999999787e+00 1.338432272427247938e-01
2.070000000000000284e+00 1.159600948083427951e-01
2.129999999999999893e+00 1.001685887625392013e-01
2.189999999999999947e+00 8.586260435569156857e-02
2.250000000000000000e+00 7.359236698127880061e-02
2.309999999999999609e+00 6.280541607157630324e-02
2.370000000000000107e+00 5.342637658396487410e-02
2.429999999999999716e+00 4.539328452130009239e-02
2.490000000000000213e+00 3.818584098972399588e-02
2.549999999999999822e+00 3.219756083282510062e-02
2.609999999999999876e+00 2.711787900679960700e-02
2.669999999999999929e+00 2.270303734251966077e-02
2.729999999999999538e+00 1.887952344257204373e-02
2.790000000000000036e+00 1.577983346918720997e-02
2.849999999999999645e+00 1.312258382010211832e-02
2.910000000000000142e+00 1.080669494887276372e-02
2.969999999999999751e+00 8.974472949141443223e-03
3.030000000000000249e+00 7.398799282276602440e-03
3.089999999999999858e+00 6.041427633407536746e-03
3.149999999999999911e+00 4.974504460131294430e-03
3.209999999999999964e+00 4.060194017296847591e-03
3.269999999999999574e+00 3.316129346175866743e-03
3.330000000000000071e+00 2.736474158460122652e-03
3.389999999999999680e+00 2.227847841218544289e-03
3.450000000000000178e+00 1.765539301401553018e-03
3.509999999999999787e+00 1.432870867834612483e-03
3.569999999999999840e+00 1.144657566487525388e-03
3.629999999999999893e+00 9.444852951512316963e-04
3.689999999999999503e+00 7.435679657330496184e-04
3.750000000000000000e+00 6.038695753773914987e-04
3.809999999999999609e+00 4.788239939657046307e-04
3.870000000000000107e+00 3.947566070583441444e-04
3.929999999999999716e+00 3.146628632544334891e-04
3.989999999999999769e+00 2.483526939656162781e-04
4.049999999999999822e+00 2.052635015625788126e-04
4.109999999999999432e+00 1.547237283405789314e-04
4.169999999999999929e+00 1.256664631465999554e-04
4.230000000000000426e+00 1.019487808728854845e-04
4.290000000000000036e+00 7.189810490304485038e-05
4.349999999999999645e+00 6.208817349140406954e-05
4.410000000000000142e+00 4.693865915950147380e-05
4.469999999999999751e+00 3.799796217673873073e-05
4.529999999999999361e+00 2.744297268320059836e-05
4.589999999999999858e+00 2.098580264009426390e-05
4.650000000000000355e+00 1.750886492457594980e-05
4.709999999999999964e+00 1.539786702586798316e-05
4.769999999999999574e+00 1.092751853448711646e-05
4.830000000000000071e+00 8.692344288796569600e-06
4.889999999999999680e+00 5.712111961209089653e-06
4.949999999999999289e+00 5.587935614226366292e-06
5.009999999999999787e+00 4.967053879312252278e-06
5.070000000000000284e+00 3.601114062501435989e-06
5.129999999999999893e+00 2.483526939656126139e-06
5.189999999999999503e+00 1.862645204742122027e-06
5.250000000000000000e+00 2.483526939656162985e-06
5.309999999999999609e+00 1.241763469828063069e-06
5.369999999999999218e+00 1.117587122845273216e-06
5.429999999999999716e+00 8.692344288796441698e-07
5.490000000000000213e+00 4.967053879312325758e-07
5.549999999999999822e+00 3.725290409484188996e-07
5.609999999999999432e+00 4.967053879312325758e-07
5.669999999999999929e+00 0.000000000000000000e+00
5.730000000000000426e+00 1.241763469828081439e-07
5.789999999999999147e+00 0.000000000000000000e+00
5.849999999999999645e+00 0.000000000000000000e+00
5.910000000000000142e+00 2.483526939656162879e-07
5.969999999999999751e+00 2.483526939656125821e-07
