2.999999999999999889e-02 9.629714279265630394e-02
8.999999999999999667e-02 1.618060021143953864e-01
1.499999999999999944e-01 2.413847866073683957e-01
2.099999999999999922e-01 3.230796602292754782e-01
2.700000000000000178e-01 4.039241742270442415e-01
3.299999999999999600e-01 4.800855014747034133e-01
3.900000000000000133e-01 5.495194509482219658e-01
4.499999999999999556e-01 6.107986155390326966e-01
5.100000000000000089e-01 6.628637710073714828e-01
5.700000000000000622e-01 7.041322898109448891e-01
6.299999999999998934e-01 7.345990807195237338e-01
6.899999999999999467e-01 7.538860267565450357e-01
7.500000000000000000e-01 7.631858417347814338e-01
8.100000000000000533e-01 7.622764983458276689e-01
8.699999999999998845e-01 7.522313769330005728e-01
9.299999999999999378e-01 7.338214884347160627e-01
9.899999999999999911e-01 7.081538649843288624e-01
1.050000000000000044e+00 6.779079837970325428e-01
1.109999999999999876e+00 6.426265033868917564e-01
1.169999999999999929e+00 6.046810678049241439e-01
1.229999999999999982e+00 5.642829010173544546e-01
1.290000000000000036e+00 5.231062727105515453e-01
1.349999999999999867e+00 4.812477920824620448e-01
1.409999999999999920e+00 4.398657760977475739e-01
1.469999999999999973e+00 4.002516587650273294e-01
1.530000000000000027e+00 3.611559776809603051e-01
1.589999999999999858e+00 3.244145559593415440e-01
1.649999999999999911e+00 2.899505284413850248e-01
1.709999999999999964e+00 2.578766472501548002e-01
1.770000000000000018e+00 2.286158570234739229e-01
1.829999999999999849e+00 2.011307885586455235e-01
1.889999999999999902e+00 1.762659651915021719e-01
1.949999999999999956e+00 1.539281304854589472e-01
2.009999999999999787e+00 1.335750063332419302e-01
2.070000000000000284e+00 1.156998211850668312e-01
2.129999999999999893e+00 1.000820378486921847e-01
2.189999999999999947e+00 8.593984204351487466e-02
2.250000000000000000e+00 7.349687537044902186e-02
2.309999999999999609e+00 6.268732436559565357e-02
2.370000000000000107e+00 5.339048961968684281e-02
2.429999999999999716e+00 4.528314010152634239e-02
2.490000000000000213e+00 3.821291143336624785e-02
2.549999999999999822e+00 3.217111127091776268e-02
2.609999999999999876e+00 2.698786637150860784e-02
2.669999999999999929e+00 2.267273831385585581e-02
2.729999999999999538e+00 1.886623657344488336e-02
2.790000000000000036e+00 1.573488163157943376e-02
2.849999999999999645e+00 1.301330863475724797e-02
2.910000000000000142e+00 1.085524790054304134e-02
2.969999999999999751e+00 8.958205847686695478e-03
3.030000000000000249e+00 7.318333009431743363e-03
3.089999999999999858e+00 6.036708932222190072e-03
3.149999999999999911e+00 4.942963667997660529e-03
3.209999999999999964e+00 4.045541208352876339e-03
3.269999999999999574e+00 3.363813063417264715e-03
3.330000000000000071e+00 2.686679443320016958e-03
3.389999999999999680e+00 2.223998374462077265e-03
3.450000000000000178e+00 1.793603155819667450e-03
3.509999999999999787e+00 1.439948919612632494e-03
3.569999999999999840e+00 1.163532371228912085e-03
3.629999999999999893e+00 9.493281726835611778e-04
3.689999999999999503e+00 7.684032351296110619e-04
3.750000000000000000e+00 6.106992744614458957e-04
3.809999999999999609e+00 4.786998176187218235e-04
3.870000000000000107e+00 3.900379058729974702e-04
3.929999999999999716e+00 3.129243943966741881e-04
3.989999999999999769e+00 2.441306981682007785e-04
4.049999999999999822e+00 1.901139872306764676e-04
4.109999999999999432e+00 1.528610831358367961e-04
4.169999999999999929e+00 1.164774134698723027e-04
4.230000000000000426e+00 9.487072909486541890e-05
4.290000000000000036e+00 7.910033302804761479e-05
4.349999999999999645e+00 5.910794116381666921e-05
4.410000000000000142e+00 5.215406573277941760e-05
4.469999999999999751e+00 3.787378582975592351e-05
4.529999999999999361e+00 3.178914482759888485e-05
4.589999999999999858e+00 2.173086072199110043e-05
4.650000000000000355e+00 1.775721761854156424e-05
4.709999999999999964e+00 1.316269278017746680e-05
4.769999999999999574e+00 1.130004757543553980e-05
4.830000000000000071e+00 6.457170043106022744e-06
4.889999999999999680e+00 5.339582920260670542e-06
4.949999999999999289e+00 5.215406573277941252e-06
5.009999999999999787e+00 5.091230226295058648e-06
5.070000000000000284e+00 3.601114062501435989e-06
5.129999999999999893e+00 3.973643103449801314e-06
5.189999999999999503e+00 2.110997898707738368e-06
5.250000000000000000e+00 1.490116163793697621e-06
5.309999999999999609e+00 1.241763469828063069e-06
5.369999999999999218e+00 6.208817349140407462e-07
5.429999999999999716e+00 7.450580818968377993e-07
5.490000000000000213e+00 3.725290409484244054e-07
5.549999999999999822e+00 6.208817349140315347e-07
5.609999999999999432e+00 4.967053879312325758e-07
5.669999999999999929e+00 2.483526939656125821e-07
5.730000000000000426e+00 0.000000000000000000e+00
5.789999999999999147e+00 1.241763469828081439e-07
5.849999999999999645e+00 1.241763469828062911e-07
5.910000000000000142e+00 0.000000000000000000e+00
5.969999999999999751e+00 1.241763469828062911e-07
