2.999999999999999889e-02 9.633625618867271145e-02
8.999999999999999667e-02 1.620651545281099060e-01
1.499999999999999944e-01 2.415911622960703886e-01
2.099999999999999922e-01 3.232783351586138720e-01
2.700000000000000178e-01 4.037691931210646845e-01
3.299999999999999600e-01 4.803150928043953272e-01
3.900000000000000133e-01 5.497198592850555121e-01
4.499999999999999556e-01 6.110678162008610359e-01
5.100000000000000089e-01 6.627950866728649082e-01
5.700000000000000622e-01 7.041085563906180900e-01
6.299999999999998934e-01 7.344876781192007931e-01
6.899999999999999467e-01 7.540137873640684330e-01
7.500000000000000000e-01 7.628362682673049955e-01
8.100000000000000533e-01 7.620749431009717911e-01
8.699999999999998845e-01 7.517946319167420066e-01
9.299999999999999378e-01 7.333509678643261864e-01
9.899999999999999911e-01 7.081663909666213730e-01
1.050000000000000044e+00 6.781448971093556599e-01
1.109999999999999876e+00 6.426026471649822769e-01
1.169999999999999929e+00 6.039928689896523206e-01
1.229999999999999982e+00 5.642642619530175985e-01
1.290000000000000036e+00 5.228079894394291882e-01
1.349999999999999867e+00 4.812921122806175789e-01
1.409999999999999920e+00 4.401142431307399905e-01
1.469999999999999973e+00 3.999705145754203217e-01
1.530000000000000027e+00 3.612889624731410732e-01
1.589999999999999858e+00 3.247243686869081825e-01
1.649999999999999911e+00 2.903350960984955043e-01
1.709999999999999964e+00 2.580563246562304625e-01
1.770000000000000018e+00 2.281382696936901933e-01
1.829999999999999849e+00 2.011458094006711161e-01
1.889999999999999902e+00 1.762736601849916318e-01
1.949999999999999956e+00 1.537508032253691315e-01
2.009999999999999787e+00 1.339112728877210889e-01
2.070000000000000284e+00 1.158454774507293866e-01
2.129999999999999893e+00 9.985889072114387255e-02
2.189999999999999947e+00 8.597423696995511178e-02
2.250000000000000000e+00 7.374808247199708677e-02
2.309999999999999609e+00 6.274469243544850139e-02
2.370000000000000107e+00 5.349181632318950746e-02
2.429999999999999716e+00 4.522713555813181324e-02
2.490000000000000213e+00 3.811729479420153388e-02
2.549999999999999822e+00 3.223021849168004188e-02
2.609999999999999876e+00 2.703629454252360828e-02
2.669999999999999929e+00 2.254185594028621994e-02
2.729999999999999538e+00 1.892037703782599098e-02
2.790000000000000036e+00 1.579796286273470185e-02
2.849999999999999645e+00 1.307887345362855960e-02
2.910000000000000142e+00 1.086170482780811873e-02
2.969999999999999751e+00 8.928651677533865072e-03
3.030000000000000249e+00 7.309640501759744925e-03
3.089999999999999858e+00 6.087496922071994679e-03
3.149999999999999911e+00 5.002568202733292599e-03
3.209999999999999964e+00 4.025921255543237626e-03
3.269999999999999574e+00 3.288065418263761037e-03
3.330000000000000071e+00 2.709031125225355892e-03
3.389999999999999680e+00 2.175942079543633986e-03
3.450000000000000178e+00 1.776715132917326559e-03
3.509999999999999787e+00 1.434236775593732225e-03
3.569999999999999840e+00 1.189361024817045011e-03
3.629999999999999893e+00 9.384006331741847826e-04
3.689999999999999503e+00 7.698933340849472163e-04
3.750000000000000000e+00 5.982816263905283002e-04
3.809999999999999609e+00 4.973262585500344383e-04
3.870000000000000107e+00 3.830840218793648633e-04
3.929999999999999716e+00 2.988924605068496508e-04
3.989999999999999769e+00 2.473592776608429409e-04
4.049999999999999822e+00 1.899898066370904015e-04
4.109999999999999432e+00 1.616776001578401091e-04
4.169999999999999929e+00 1.257906366819428715e-04
4.230000000000000426e+00 9.499490331854661021e-05
4.290000000000000036e+00 7.723768609690864902e-05
4.349999999999999645e+00 6.233652479203973386e-05
4.410000000000000142e+00 5.190571187863070177e-05
4.469999999999999751e+00 3.911554842528331636e-05
4.529999999999999361e+00 3.029902798656911595e-05
4.589999999999999858e+00 2.582867959510771498e-05
4.650000000000000355e+00 1.961986238474557439e-05
4.709999999999999964e+00 1.875062797529454219e-05
4.769999999999999574e+00 8.940696782922032826e-06
4.830000000000000071e+00 8.692344094507533514e-06
4.889999999999999680e+00 6.829698931398674325e-06
4.949999999999999289e+00 5.836288177740772793e-06
5.009999999999999787e+00 4.967053768289945580e-06
5.070000000000000284e+00 2.483526884145009636e-06
5.129999999999999893e+00 2.980232260973967179e-06
5.189999999999999503e+00 1.117587097865254103e-06
5.250000000000000000e+00 1.117587097865254103e-06
5.309999999999999609e+00 6.208817210362431975e-07
5.369999999999999218e+00 9.934107536580038120e-07
5.429999999999999716e+00 7.450580652434917946e-07
5.490000000000000213e+00 7.450580652435028061e-07
5.549999999999999822e+00 4.967053768289946003e-07
5.609999999999999432e+00 4.967053768290019060e-07
5.669999999999999929e+00 4.967053768289946003e-07
5.730000000000000426e+00 1.241763442072504765e-07
5.789999999999999147e+00 0.000000000000000000e+00
5.849999999999999645e+00 0.000000000000000000e+00
5.910000000000000142e+00 1.241763442072504765e-07
5.969999999999999751e+00 2.483526884144973002e-07
