2.999999999999999889e-02 9.630235604670413230e-02
8.999999999999999667e-02 1.619078230999992929e-01
1.499999999999999944e-01 2.415555236852829080e-01
2.099999999999999922e-01 3.235203548534738016e-01
2.700000000000000178e-01 4.036735773360250468e-01
3.299999999999999600e-01 4.799964563051595801e-01
3.900000000000000133e-01 5.494955968074172192e-01
4.499999999999999556e-01 6.112373169107039317e-01
5.100000000000000089e-01 6.631009330086473641e-01
5.700000000000000622e-01 7.042069040552302317e-01
6.299999999999998934e-01 7.345813070827330593e-01
6.899999999999999467e-01 7.536837266411655634e-01
7.500000000000000000e-01 7.629077938415683713e-01
8.100000000000000533e-01 7.619405842965395470e-01
8.699999999999998845e-01 7.519795304932666014e-01
9.299999999999999378e-01 7.331535274770366595e-01
9.899999999999999911e-01 7.082785222054405194e-01
1.050000000000000044e+00 6.779560248898164332e-01
1.109999999999999876e+00 6.421233264763422932e-01
1.169999999999999929e+00 6.048717891539513447e-01
1.229999999999999982e+00 5.644754859145141301e-01
1.290000000000000036e+00 5.229730198008806230e-01
1.349999999999999867e+00 4.814901735496281421e-01
1.409999999999999920e+00 4.398538453369373880e-01
1.469999999999999973e+00 4.001008997368379339e-01
1.530000000000000027e+00 3.615478701508131887e-01
1.589999999999999858e+00 3.249261552462449076e-01
1.649999999999999911e+00 2.899273009841188964e-01
1.709999999999999964e+00 2.576582152967019645e-01
1.770000000000000018e+00 2.282614526271437849e-01
1.829999999999999849e+00 2.012677505706826353e-01
1.889999999999999902e+00 1.761729531698395801e-01
1.949999999999999956e+00 1.536836238231530372e-01
2.009999999999999787e+00 1.337575425735925139e-01
2.070000000000000284e+00 1.160228012702573391e-01
2.129999999999999893e+00 1.000107583901093389e-01
2.189999999999999947e+00 8.588110471179967453e-02
2.250000000000000000e+00 7.349265173196278811e-02
2.309999999999999609e+00 6.282751805703473691e-02
2.370000000000000107e+00 5.344053149303192030e-02
2.429999999999999716e+00 4.515089128278855501e-02
2.490000000000000213e+00 3.830306260513557243e-02
2.549999999999999822e+00 3.224859659062270789e-02
2.609999999999999876e+00 2.699606140700045939e-02
2.669999999999999929e+00 2.263610578553952243e-02
2.729999999999999538e+00 1.885096246141414189e-02
2.790000000000000036e+00 1.571699988631157507e-02
2.849999999999999645e+00 1.307564486867917111e-02
2.910000000000000142e+00 1.081439364066515661e-02
2.969999999999999751e+00 8.967394696926526965e-03
3.030000000000000249e+00 7.326031779195101880e-03
3.089999999999999858e+00 6.038695618798545564e-03
3.149999999999999911e+00 4.971275763993065686e-03
3.209999999999999964e+00 4.052370816859381802e-03
3.269999999999999574e+00 3.325690850558557683e-03
3.330000000000000071e+00 2.694378316608900866e-03
3.389999999999999680e+00 2.186497068801250207e-03
3.450000000000000178e+00 1.783793184537139790e-03
3.509999999999999787e+00 1.428152134727577209e-03
3.569999999999999840e+00 1.171852160283822809e-03
3.629999999999999893e+00 9.331852267174802970e-04
3.689999999999999503e+00 7.505218243886162700e-04
3.750000000000000000e+00 6.005168005862587940e-04
3.809999999999999609e+00 5.029141940393606729e-04
3.870000000000000107e+00 3.920247186622868385e-04
3.929999999999999716e+00 3.258387271998228261e-04
3.989999999999999769e+00 2.445032217440761988e-04
4.049999999999999822e+00 1.999239141736702927e-04
4.109999999999999432e+00 1.564621937011355965e-04
4.169999999999999929e+00 1.218169936673108960e-04
4.230000000000000426e+00 9.511907966275385986e-05
4.290000000000000036e+00 7.959703663684637893e-05
4.349999999999999645e+00 6.121893769417448695e-05
4.410000000000000142e+00 4.830459789662043464e-05
4.469999999999999751e+00 3.551443444327311022e-05
4.529999999999999361e+00 3.129243874022711658e-05
4.589999999999999858e+00 2.458691615303522859e-05
4.650000000000000355e+00 1.949568604053832473e-05
4.709999999999999964e+00 1.005828388078713912e-05
4.769999999999999574e+00 1.018246022499453955e-05
4.830000000000000071e+00 9.561578503958286188e-06
4.889999999999999680e+00 6.457169898776928746e-06
4.949999999999999289e+00 5.836288177740772793e-06
5.009999999999999787e+00 3.973643014631956803e-06
5.070000000000000284e+00 4.221995703046516254e-06
5.129999999999999893e+00 2.483526884144972790e-06
5.189999999999999503e+00 1.490116130487005612e-06
5.250000000000000000e+00 1.117587097865254103e-06
5.309999999999999609e+00 2.110997851523226787e-06
5.369999999999999218e+00 4.967053768290019060e-07
5.429999999999999716e+00 4.967053768289946003e-07
5.490000000000000213e+00 4.967053768290019060e-07
5.549999999999999822e+00 2.483526884144973002e-07
5.609999999999999432e+00 1.241763442072504765e-07
5.669999999999999929e+00 3.725290326217458973e-07
5.730000000000000426e+00 2.483526884145009530e-07
5.789999999999999147e+00 2.483526884145009530e-07
5.849999999999999645e+00 0.000000000000000000e+00
5.910000000000000142e+00 0.000000000000000000e+00
5.969999999999999751e+00 1.241763442072486501e-07
