2.999999999999999889e-02 9.644354455006777516e-02
8.999999999999999667e-02 1.619460694140151535e-01
1.499999999999999944e-01 2.418449787436300069e-01
2.099999999999999922e-01 3.233486189694351753e-01
2.700000000000000178e-01 4.037468413791073796e-01
3.299999999999999600e-01 4.803750699786474287e-01
3.900000000000000133e-01 5.498082728421311849e-01
4.499999999999999556e-01 6.114083077366773145e-01
5.100000000000000089e-01 6.629458367547325093e-01
5.700000000000000622e-01 7.037465823472540682e-01
6.299999999999998934e-01 7.347965046872442230e-01
6.899999999999999467e-01 7.539477255489500651e-01
7.500000000000000000e-01 7.633093801387346167e-01
8.100000000000000533e-01 7.622243272430531125e-01
8.699999999999998845e-01 7.518188463038624203e-01
9.299999999999999378e-01 7.329029396144265407e-01
9.899999999999999911e-01 7.084523690873306689e-01
1.050000000000000044e+00 6.771799227385211228e-01
1.109999999999999876e+00 6.427728929328904162e-01
1.169999999999999929e+00 6.043178384824428040e-01
1.229999999999999982e+00 5.639900805850079912e-01
1.290000000000000036e+00 5.231636304892388623e-01
1.349999999999999867e+00 4.807636177596714688e-01
1.409999999999999920e+00 4.400828265156555008e-01
1.469999999999999973e+00 3.994001726264764240e-01
1.530000000000000027e+00 3.610444592513969986e-01
1.589999999999999858e+00 3.243431473101918705e-01
1.649999999999999911e+00 2.900400531046590791e-01
1.709999999999999964e+00 2.581171710648919593e-01
1.770000000000000018e+00 2.283861256767278913e-01
1.829999999999999849e+00 2.008475378218853025e-01
1.889999999999999902e+00 1.764960600174668159e-01
1.949999999999999956e+00 1.538306486146943930e-01
2.009999999999999787e+00 1.337586601606903791e-01
2.070000000000000284e+00 1.159125326766013014e-01
2.129999999999999893e+00 1.000904796030903932e-01
2.189999999999999947e+00 8.612386946472483373e-02
2.250000000000000000e+00 7.363061165037704248e-02
2.309999999999999609e+00 6.277958598817075242e-02
2.370000000000000107e+00 5.353080769527058386e-02
2.429999999999999716e+00 4.521807068500468402e-02
2.490000000000000213e+00 3.841718066546204180e-02
2.549999999999999822e+00 3.216999296473951886e-02
2.609999999999999876e+00 2.725658337714727264e-02
2.669999999999999929e+00 2.263026949736178170e-02
2.729999999999999538e+00 1.887120320551992012e-02
2.790000000000000036e+00 1.565764359378051321e-02
2.849999999999999645e+00 1.308396468374105510e-02
2.910000000000000142e+00 1.082792886218374509e-02
2.969999999999999751e+00 9.021783935689302314e-03
3.030000000000000249e+00 7.374584729780135628e-03
3.089999999999999858e+00 6.065269356458896990e-03
3.149999999999999911e+00 5.021443007052794547e-03
3.209999999999999964e+00 4.073232442686199745e-03
3.269999999999999574e+00 3.339846953798184144e-03
3.330000000000000071e+00 2.689783791873232629e-03
3.389999999999999680e+00 2.189228948373809699e-03
3.450000000000000178e+00 1.793478939385305263e-03
3.509999999999999787e+00 1.442680766999825418e-03
3.569999999999999840e+00 1.158565291453646879e-03
3.629999999999999893e+00 9.554127923305780938e-04
3.689999999999999503e+00 7.656713383819007280e-04
3.750000000000000000e+00 6.121893769417403701e-04
3.809999999999999609e+00 4.780789251979107959e-04
3.870000000000000107e+00 3.801037896183908716e-04
3.929999999999999716e+00 3.080815099781861253e-04
3.989999999999999769e+00 2.462416905629776940e-04
4.049999999999999822e+00 2.034008518114732559e-04
4.109999999999999432e+00 1.537303141285760769e-04
4.169999999999999929e+00 1.277774581892588389e-04
4.230000000000000426e+00 1.013278968731163833e-04
4.290000000000000036e+00 7.798274416215214696e-05
4.349999999999999645e+00 6.469587533197750442e-05
4.410000000000000142e+00 4.967053768290018764e-05
4.469999999999999751e+00 3.563861078748035987e-05
4.529999999999999361e+00 2.806385379083860520e-05
4.589999999999999858e+00 2.495944518565697417e-05
4.650000000000000355e+00 1.937150969633107169e-05
4.709999999999999964e+00 1.502533764907708470e-05
4.769999999999999574e+00 1.105169463444529222e-05
4.830000000000000071e+00 8.940696782922032826e-06
4.889999999999999680e+00 5.712111833533436739e-06
4.949999999999999289e+00 3.849466670424764745e-06
5.009999999999999787e+00 3.725290326217458761e-06
5.070000000000000284e+00 3.973643014632015248e-06
5.129999999999999893e+00 2.235174195730475172e-06
5.189999999999999503e+00 1.241763442072504818e-06
5.250000000000000000e+00 9.934107536580038120e-07
5.309999999999999609e+00 1.241763442072486395e-06
5.369999999999999218e+00 9.934107536580038120e-07
5.429999999999999716e+00 7.450580652434917946e-07
5.490000000000000213e+00 8.692344094507533090e-07
5.549999999999999822e+00 3.725290326217458973e-07
5.609999999999999432e+00 3.725290326217514030e-07
5.669999999999999929e+00 2.483526884144973002e-07
5.730000000000000426e+00 6.208817210362524090e-07
5.789999999999999147e+00 2.483526884145009530e-07
5.849999999999999645e+00 0.000000000000000000e+00
5.910000000000000142e+00 1.241763442072504765e-07
5.969999999999999751e+00 0.000000000000000000e+00
