2.999999999999999889e-02 9.647086406455732122e-02
8.999999999999999667e-02 1.617090179777495862e-01
1.499999999999999944e-01 2.416304038211266880e-01
2.099999999999999922e-01 3.231966295321280769e-01
2.700000000000000178e-01 4.036339680895303927e-01
3.299999999999999600e-01 4.798188877078725101e-01
3.900000000000000133e-01 5.498785607498669625e-01
4.499999999999999556e-01 6.107293160368399976e-01
5.100000000000000089e-01 6.629582593285772152e-01
5.700000000000000622e-01 7.039574390246096103e-01
6.299999999999998934e-01 7.343918194531181554e-01
6.899999999999999467e-01 7.546773913702966574e-01
7.500000000000000000e-01 7.632681592792488479e-01
8.100000000000000533e-01 7.619900121588020214e-01
8.699999999999998845e-01 7.517799847093230570e-01
9.299999999999999378e-01 7.334054867437299619e-01
9.899999999999999911e-01 7.085458791535969025e-01
1.050000000000000044e+00 6.780988327378848490e-01
1.109999999999999876e+00 6.429946766743283026e-01
1.169999999999999929e+00 6.041592697922275601e-01
1.229999999999999982e+00 5.643196488070429950e-01
1.290000000000000036e+00 5.224302488927594634e-01
1.349999999999999867e+00 4.817659727995486918e-01
1.409999999999999920e+00 4.399492160471656366e-01
1.469999999999999973e+00 3.995073397880889443e-01
1.530000000000000027e+00 3.611276600926265901e-01
1.589999999999999858e+00 3.247521866076029107e-01
1.649999999999999911e+00 2.901423765740149818e-01
1.709999999999999964e+00 2.579879054127319216e-01
1.770000000000000018e+00 2.280297412678070346e-01
1.829999999999999849e+00 2.012863785220141422e-01
1.889999999999999902e+00 1.762910461866513401e-01
1.949999999999999956e+00 1.539859943685827348e-01
2.009999999999999787e+00 1.337852348951284187e-01
2.070000000000000284e+00 1.159002400820488693e-01
2.129999999999999893e+00 1.000007008512918405e-01
2.189999999999999947e+00 8.590718238414159214e-02
2.250000000000000000e+00 7.353909423260523992e-02
2.309999999999999609e+00 6.269216630894187958e-02
2.370000000000000107e+00 5.343929012774358694e-02
2.429999999999999716e+00 4.534199901434773222e-02
2.490000000000000213e+00 3.825513082129451681e-02
2.549999999999999822e+00 3.226747163535361590e-02
2.609999999999999876e+00 2.712396324362320241e-02
2.669999999999999929e+00 2.260307504638642620e-02
2.729999999999999538e+00 1.884860325130724434e-02
2.790000000000000036e+00 1.572246376259818154e-02
2.849999999999999645e+00 1.300250509881731298e-02
2.910000000000000142e+00 1.078757163069006368e-02
2.969999999999999751e+00 8.946408961411442956e-03
3.030000000000000249e+00 7.292504220592535558e-03
3.089999999999999858e+00 6.063530932816821317e-03
3.149999999999999911e+00 4.974256033315135189e-03
3.209999999999999964e+00 4.072114885927955071e-03
3.269999999999999574e+00 3.304456720319239038e-03
3.330000000000000071e+00 2.685189287143783729e-03
3.389999999999999680e+00 2.191339962552087996e-03
3.450000000000000178e+00 1.788015193561937532e-03
3.509999999999999787e+00 1.451994003633567476e-03
3.569999999999999840e+00 1.150369661306890369e-03
3.629999999999999893e+00 9.215126572278033038e-04
3.689999999999999503e+00 7.696449871308348560e-04
3.750000000000000000e+00 6.025036265825767321e-04
3.809999999999999609e+00 4.892547998217956556e-04
3.870000000000000107e+00 3.856917279813444404e-04
3.929999999999999716e+00 3.108133918664858822e-04
3.989999999999999769e+00 2.519538042737133480e-04
4.049999999999999822e+00 1.948326855127897428e-04
4.109999999999999432e+00 1.549720787252805462e-04
4.169999999999999929e+00 1.174708224952830346e-04
4.230000000000000426e+00 1.036872481855843464e-04
4.290000000000000036e+00 7.587174687591748210e-05
4.349999999999999645e+00 6.159146718568842395e-05
4.410000000000000142e+00 4.408260252201490187e-05
4.469999999999999751e+00 4.048148851317365319e-05
4.529999999999999361e+00 3.054738090257933870e-05
4.589999999999999858e+00 2.048909694685169310e-05
4.650000000000000355e+00 1.887480446013032511e-05
4.709999999999999964e+00 1.303851623890562350e-05
4.769999999999999574e+00 1.142422375218414370e-05
4.830000000000000071e+00 1.092751837165439884e-05
4.889999999999999680e+00 6.953875327416332362e-06
4.949999999999999289e+00 4.221995734502835567e-06
5.009999999999999787e+00 3.849466699105469746e-06
5.070000000000000284e+00 2.980232283178472564e-06
5.129999999999999893e+00 1.986821522118952345e-06
5.189999999999999503e+00 1.738468831854108713e-06
5.250000000000000000e+00 1.862645176986545141e-06
5.309999999999999609e+00 1.738468831854083090e-06
5.369999999999999218e+00 8.692344159270543566e-07
5.429999999999999716e+00 6.208817256621726079e-07
5.490000000000000213e+00 4.967053805297453920e-07
5.549999999999999822e+00 1.117587106191910483e-06
5.609999999999999432e+00 2.483526902648726960e-07
5.669999999999999929e+00 2.483526902648690432e-07
5.730000000000000426e+00 0.000000000000000000e+00
5.789999999999999147e+00 2.483526902648726960e-07
5.849999999999999645e+00 2.483526902648690432e-07
5.910000000000000142e+00 1.241763451324363480e-07
5.969999999999999751e+00 0.000000000000000000e+00
