2.999999999999999889e-02 9.611584460994253287e-02
8.999999999999999667e-02 1.619911478408186112e-01
1.499999999999999944e-01 2.415747746183797007e-01
2.099999999999999922e-01 3.234677089035744024e-01
2.700000000000000178e-01 4.035680334570813099e-01
3.299999999999999600e-01 4.796506323338938227e-01
3.900000000000000133e-01 5.498591933367965590e-01
4.499999999999999556e-01 6.111224628987466101e-01
5.100000000000000089e-01 6.627040752876213192e-01
5.700000000000000622e-01 7.043106017976892286e-01
6.299999999999998934e-01 7.350416397436833060e-01
6.899999999999999467e-01 7.539161959917483058e-01
7.500000000000000000e-01 7.629932385358683122e-01
8.100000000000000533e-01 7.622213583687754701e-01
8.699999999999998845e-01 7.519532163132708336e-01
9.299999999999999378e-01 7.337217693614355163e-01
9.899999999999999911e-01 7.081459124220236268e-01
1.050000000000000044e+00 6.771760833625607434e-01
1.109999999999999876e+00 6.424838199773309499e-01
1.169999999999999929e+00 6.044715778038998177e-01
1.229999999999999982e+00 5.649615205443240251e-01
1.290000000000000036e+00 5.228746799277084190e-01
1.349999999999999867e+00 4.814405101859678959e-01
1.409999999999999920e+00 4.396615027312272828e-01
1.469999999999999973e+00 3.999058246591495891e-01
1.530000000000000027e+00 3.613371482790365685e-01
1.589999999999999858e+00 3.246804150991740578e-01
1.649999999999999911e+00 2.903009519296598229e-01
1.709999999999999964e+00 2.580165920708309413e-01
1.770000000000000018e+00 2.282552472112016895e-01
1.829999999999999849e+00 2.009508555346668501e-01
1.889999999999999902e+00 1.761194357898703544e-01
1.949999999999999956e+00 1.539347106849460467e-01
2.009999999999999787e+00 1.336003373126262994e-01
2.070000000000000284e+00 1.160925901056162196e-01
2.129999999999999893e+00 9.994209036101595056e-02
2.189999999999999947e+00 8.579145066967427957e-02
2.250000000000000000e+00 7.360925441603677344e-02
2.309999999999999609e+00 6.268372278450300150e-02
2.370000000000000107e+00 5.346747855645241077e-02
2.429999999999999716e+00 4.518814485940656628e-02
2.490000000000000213e+00 3.829834447474551179e-02
2.549999999999999822e+00 3.231627317976566022e-02
2.609999999999999876e+00 2.700525085888139457e-02
2.669999999999999929e+00 2.269223383126183283e-02
2.729999999999999538e+00 1.885493638538922323e-02
2.790000000000000036e+00 1.569191649860949070e-02
2.849999999999999645e+00 1.313798158924239269e-02
2.910000000000000142e+00 1.081166192219891464e-02
2.969999999999999751e+00 8.905058304830197960e-03
3.030000000000000249e+00 7.398550874459135576e-03
3.089999999999999858e+00 6.019945080527423775e-03
3.149999999999999911e+00 4.969164840187868804e-03
3.209999999999999964e+00 4.033620248989713310e-03
3.269999999999999574e+00 3.301849041672150903e-03
3.330000000000000071e+00 2.673765083312702046e-03
3.389999999999999680e+00 2.186745454074711780e-03
3.450000000000000178e+00 1.781309684196577666e-03
3.509999999999999787e+00 1.450255545606959256e-03
3.569999999999999840e+00 1.163284009867805247e-03
3.629999999999999893e+00 9.313225954321597937e-04
3.689999999999999503e+00 7.549921840303375296e-04
3.750000000000000000e+00 6.109476226034968923e-04
3.809999999999999609e+00 5.083779607599016098e-04
3.870000000000000107e+00 3.830840275877617804e-04
3.929999999999999716e+00 3.051012822635755821e-04
3.989999999999999769e+00 2.464900469243801054e-04
4.049999999999999822e+00 1.983096246540197818e-04
4.109999999999999432e+00 1.575797831471226218e-04
4.169999999999999929e+00 1.197059975995460549e-04
4.230000000000000426e+00 1.007070166527316397e-04
4.290000000000000036e+00 7.227063340553507799e-05
4.349999999999999645e+00 6.295740745121446505e-05
4.410000000000000142e+00 5.016724380727938780e-05
4.469999999999999751e+00 3.688037477911326040e-05
4.529999999999999361e+00 2.967814670777171372e-05
4.589999999999999858e+00 2.036492075344974553e-05
4.650000000000000355e+00 1.738468844806711401e-05
4.709999999999999964e+00 1.490116152691444675e-05
4.769999999999999574e+00 1.142422383730124451e-05
4.830000000000000071e+00 1.055498941489788932e-05
4.889999999999999680e+00 6.208817302881020184e-06
4.949999999999999289e+00 5.463759226535378399e-06
5.009999999999999787e+00 3.476937689613371218e-06
5.070000000000000284e+00 2.731879613267689200e-06
5.129999999999999893e+00 2.731879613267648542e-06
5.189999999999999503e+00 1.241763460576222460e-06
5.250000000000000000e+00 9.934107684609777560e-07
5.309999999999999609e+00 1.241763460576204037e-06
5.369999999999999218e+00 1.117587114518600108e-06
5.429999999999999716e+00 3.725290381728612322e-07
5.490000000000000213e+00 4.967053842304888780e-07
5.549999999999999822e+00 3.725290381728612322e-07
5.609999999999999432e+00 3.725290381728667379e-07
5.669999999999999929e+00 2.483526921152407862e-07
5.730000000000000426e+00 0.000000000000000000e+00
5.789999999999999147e+00 4.967053842304888780e-07
5.849999999999999645e+00 0.000000000000000000e+00
5.910000000000000142e+00 0.000000000000000000e+00
5.969999999999999751e+00 0.000000000000000000e+00
