2.999999999999999889e-02 9.626460643806512840e-02
8.999999999999999667e-02 1.619678002742513945e-01
1.499999999999999944e-01 2.417317299177129952e-01
2.099999999999999922e-01 3.236822808063199997e-01
2.700000000000000178e-01 4.040334403815376563e-01
3.299999999999999600e-01 4.791341757709843829e-01
3.900000000000000133e-01 5.500004978229640074e-01
4.499999999999999556e-01 6.108940934953150936e-01
5.100000000000000089e-01 6.631671190001098282e-01
5.700000000000000622e-01 7.033858500673318970e-01
6.299999999999998934e-01 7.344772473062873841e-01
6.899999999999999467e-01 7.541808045470270727e-01
7.500000000000000000e-01 7.629510072093524942e-01
8.100000000000000533e-01 7.616578347607796395e-01
8.699999999999998845e-01 7.516921864327710257e-01
9.299999999999999378e-01 7.338911349616277224e-01
9.899999999999999911e-01 7.086634688724828823e-01
1.050000000000000044e+00 6.775829991518178552e-01
1.109999999999999876e+00 6.422503588764663096e-01
1.169999999999999929e+00 6.050189381218369356e-01
1.229999999999999982e+00 5.646694493641657431e-01
1.290000000000000036e+00 5.229335317234227176e-01
1.349999999999999867e+00 4.811638381170514900e-01
1.409999999999999920e+00 4.401399476339908912e-01
1.469999999999999973e+00 3.998397568849700878e-01
1.530000000000000027e+00 3.612689700817236504e-01
1.589999999999999858e+00 3.247148071084042242e-01
1.649999999999999911e+00 2.901356688896986058e-01
1.709999999999999964e+00 2.579942364841267821e-01
1.770000000000000018e+00 2.285045899091016075e-01
1.829999999999999849e+00 2.010107055381736285e-01
1.889999999999999902e+00 1.761977884386810300e-01
1.949999999999999956e+00 1.540208867740198995e-01
2.009999999999999787e+00 1.337176819671019867e-01
2.070000000000000284e+00 1.159115392658476434e-01
2.129999999999999893e+00 9.997598901373130897e-02
2.189999999999999947e+00 8.582212094830121707e-02
2.250000000000000000e+00 7.359000598582127184e-02
2.309999999999999609e+00 6.281447954089297570e-02
2.370000000000000107e+00 5.332591672732862886e-02
2.429999999999999716e+00 4.520552887423975180e-02
2.490000000000000213e+00 3.818956542653015318e-02
2.549999999999999822e+00 3.206928594958744633e-02
2.609999999999999876e+00 2.709130466300742335e-02
2.669999999999999929e+00 2.261325733820538503e-02
2.729999999999999538e+00 1.889852200124551504e-02
2.790000000000000036e+00 1.566174141313935245e-02
2.849999999999999645e+00 1.305006454177247595e-02
2.910000000000000142e+00 1.084978389876422276e-02
2.969999999999999751e+00 8.934363789367396821e-03
3.030000000000000249e+00 7.369617676011846509e-03
3.089999999999999858e+00 6.059308891936949007e-03
3.149999999999999911e+00 4.960720774735449465e-03
3.209999999999999964e+00 4.041319122224936583e-03
3.269999999999999574e+00 3.313273216137832284e-03
3.330000000000000071e+00 2.696861843493045859e-03
3.389999999999999680e+00 2.199783937631425487e-03
3.450000000000000178e+00 1.812229567360599961e-03
3.509999999999999787e+00 1.447896173456529904e-03
3.569999999999999840e+00 1.156454293602123635e-03
3.629999999999999893e+00 9.259829987534599254e-04
3.689999999999999503e+00 7.431954200803885403e-04
3.750000000000000000e+00 6.075948522060720244e-04
3.809999999999999609e+00 4.991889037131431832e-04
3.870000000000000107e+00 3.869334885497896026e-04
3.929999999999999716e+00 3.128002110580616665e-04
3.989999999999999769e+00 2.458691615303559451e-04
4.049999999999999822e+00 1.980612690105615749e-04
4.109999999999999432e+00 1.519918453096745818e-04
4.169999999999999929e+00 1.235554624862124048e-04
4.230000000000000426e+00 9.834766461214236447e-05
4.290000000000000036e+00 8.059044739050436263e-05
4.349999999999999645e+00 5.972882156368747753e-05
4.410000000000000142e+00 5.414088607436120913e-05
4.469999999999999751e+00 3.936390111369781567e-05
4.529999999999999361e+00 3.327926024754313141e-05
4.589999999999999858e+00 2.297262367834099661e-05
4.650000000000000355e+00 1.713633550060056433e-05
4.709999999999999964e+00 1.552204302590608163e-05
4.769999999999999574e+00 1.117587097865254188e-05
4.830000000000000071e+00 7.823109685056779146e-06
4.889999999999999680e+00 7.823109685056663950e-06
4.949999999999999289e+00 5.215406456704519431e-06
5.009999999999999787e+00 3.476937637802961991e-06
5.070000000000000284e+00 2.980232260974011224e-06
5.129999999999999893e+00 3.228584949388464373e-06
5.189999999999999503e+00 2.359350539937759133e-06
5.250000000000000000e+00 1.986821507316007624e-06
5.309999999999999609e+00 8.692344094507404977e-07
5.369999999999999218e+00 3.725290326217514030e-07
5.429999999999999716e+00 3.725290326217458973e-07
5.490000000000000213e+00 7.450580652435028061e-07
5.549999999999999822e+00 4.967053768289946003e-07
5.609999999999999432e+00 0.000000000000000000e+00
5.669999999999999929e+00 3.725290326217458973e-07
5.730000000000000426e+00 1.241763442072504765e-07
5.789999999999999147e+00 2.483526884145009530e-07
5.849999999999999645e+00 0.000000000000000000e+00
5.910000000000000142e+00 2.483526884145009530e-07
5.969999999999999751e+00 1.241763442072486501e-07
