2.999999999999999889e-02 9.583930245915529833e-02
8.999999999999999667e-02 1.616209757448805462e-01
1.499999999999999944e-01 2.411965298741797215e-01
2.099999999999999922e-01 3.228565081173418450e-01
2.700000000000000178e-01 4.036366969617954936e-01
3.299999999999999600e-01 4.797409013887810603e-01
3.900000000000000133e-01 5.494926165751562452e-01
4.499999999999999556e-01 6.109318431039540975e-01
5.100000000000000089e-01 6.628231505266557466e-01
5.700000000000000622e-01 7.042280140337454641e-01
6.299999999999998934e-01 7.348790819561419330e-01
6.899999999999999467e-01 7.546678241690079059e-01
7.500000000000000000e-01 7.626654016176759310e-01
8.100000000000000533e-01 7.619438128814889355e-01
8.699999999999998845e-01 7.521095431256515917e-01
9.299999999999999378e-01 7.339836463380622344e-01
9.899999999999999911e-01 7.093809597893123708e-01
1.050000000000000044e+00 6.784507434451381158e-01
1.109999999999999876e+00 6.431452977891678469e-01
1.169999999999999929e+00 6.047486062204976420e-01
1.229999999999999982e+00 5.642854961078770382e-01
1.290000000000000036e+00 5.229933847213307230e-01
1.349999999999999867e+00 4.810356881298296083e-01
1.409999999999999920e+00 4.398666355003906792e-01
1.469999999999999973e+00 3.998784999043627497e-01
1.530000000000000027e+00 3.615920769293509696e-01
1.589999999999999858e+00 3.246015582824872125e-01
1.649999999999999911e+00 2.902797134489790709e-01
1.709999999999999964e+00 2.579804529099197774e-01
1.770000000000000018e+00 2.280940629151524401e-01
1.829999999999999849e+00 2.009042864111880156e-01
1.889999999999999902e+00 1.759635918535061572e-01
1.949999999999999956e+00 1.538818092685078076e-01
2.009999999999999787e+00 1.336867620573943816e-01
2.070000000000000284e+00 1.161153126466917401e-01
2.129999999999999893e+00 9.986261601147009004e-02
2.189999999999999947e+00 8.578635816116952917e-02
2.250000000000000000e+00 7.331433450168117760e-02
2.309999999999999609e+00 6.268334932141012006e-02
2.370000000000000107e+00 5.318596998740705156e-02
2.429999999999999716e+00 4.531045788509487776e-02
2.490000000000000213e+00 3.814150918132194756e-02
2.549999999999999822e+00 3.217930619055506258e-02
2.609999999999999876e+00 2.695371727362578726e-02
2.669999999999999929e+00 2.266503887373980813e-02
2.729999999999999538e+00 1.886188997970437639e-02
2.790000000000000036e+00 1.572345705621035206e-02
2.849999999999999645e+00 1.307167122566453739e-02
2.910000000000000142e+00 1.086170482780811873e-02
2.969999999999999751e+00 8.962675995846649743e-03
3.030000000000000249e+00 7.372101202895991502e-03
3.089999999999999858e+00 6.055583601610731517e-03
3.149999999999999911e+00 4.934271213419304421e-03
3.209999999999999964e+00 4.028777311460005235e-03
3.269999999999999574e+00 3.330285375294225921e-03
3.330000000000000071e+00 2.710024535979014323e-03
3.389999999999999680e+00 2.207855400004897148e-03
3.450000000000000178e+00 1.748899631814902853e-03
3.509999999999999787e+00 1.440942298180923706e-03
3.569999999999999840e+00 1.149003712949688656e-03
3.629999999999999893e+00 9.552886159863708442e-04
3.689999999999999503e+00 7.392217770657566597e-04
3.750000000000000000e+00 5.985299790789427995e-04
3.809999999999999609e+00 4.677722886287090744e-04
3.870000000000000107e+00 3.871818412382041020e-04
3.929999999999999716e+00 3.084540390108078743e-04
3.989999999999999769e+00 2.453724561535269464e-04
4.049999999999999822e+00 1.949568604053803606e-04
4.109999999999999432e+00 1.527369033749180797e-04
4.169999999999999929e+00 1.198301721599949286e-04
4.230000000000000426e+00 1.008311914962873847e-04
4.290000000000000036e+00 7.773439147373764765e-05
4.349999999999999645e+00 5.823870543320047488e-05
4.410000000000000142e+00 4.967053768290018764e-05
4.469999999999999751e+00 3.762543229479633404e-05
4.529999999999999361e+00 2.955396992132561124e-05
4.589999999999999858e+00 2.185503658047575987e-05
4.650000000000000355e+00 1.812974625425857174e-05
4.709999999999999964e+00 1.527369033749158232e-05
4.769999999999999574e+00 1.080334194603079122e-05
4.830000000000000071e+00 7.698933340849529490e-06
4.889999999999999680e+00 5.215406456704442351e-06
4.949999999999999289e+00 5.091230112497269775e-06
5.009999999999999787e+00 3.228584949388464373e-06
5.070000000000000284e+00 3.849466670424764745e-06
5.129999999999999893e+00 2.359350539937723981e-06
5.189999999999999503e+00 2.359350539937759133e-06
5.250000000000000000e+00 1.365939786279755321e-06
5.309999999999999609e+00 1.117587097865237586e-06
5.369999999999999218e+00 2.483526884145009530e-07
5.429999999999999716e+00 6.208817210362431975e-07
5.490000000000000213e+00 8.692344094507533090e-07
5.549999999999999822e+00 3.725290326217458973e-07
5.609999999999999432e+00 1.241763442072504765e-07
5.669999999999999929e+00 2.483526884144973002e-07
5.730000000000000426e+00 2.483526884145009530e-07
5.789999999999999147e+00 0.000000000000000000e+00
5.849999999999999645e+00 0.000000000000000000e+00
5.910000000000000142e+00 0.000000000000000000e+00
5.969999999999999751e+00 0.000000000000000000e+00
