2.999999999999999889e-02 9.587158902294819207e-02
8.999999999999999667e-02 1.615732932325198157e-01
1.499999999999999944e-01 2.414019193460830159e-01
2.099999999999999922e-01 3.233196882901542835e-01
2.700000000000000178e-01 4.036018064161411290e-01
3.299999999999999600e-01 4.797934315571203978e-01
3.900000000000000133e-01 5.498908542080350736e-01
4.499999999999999556e-01 6.111025901303080987e-01
5.100000000000000089e-01 6.629331757068605002e-01
5.700000000000000622e-01 7.043356801718829718e-01
6.299999999999998934e-01 7.343374302139501486e-01
6.899999999999999467e-01 7.536459826476267221e-01
7.500000000000000000e-01 7.632242008530719657e-01
8.100000000000000533e-01 7.620657597293328811e-01
8.699999999999998845e-01 7.519590469990039550e-01
9.299999999999999378e-01 7.339368373245516164e-01
9.899999999999999911e-01 7.091052935884184505e-01
1.050000000000000044e+00 6.783258270967869041e-01
1.109999999999999876e+00 6.430188910616291276e-01
1.169999999999999929e+00 6.048191428902611744e-01
1.229999999999999982e+00 5.640599960693710724e-01
1.290000000000000036e+00 5.229211179850680180e-01
1.349999999999999867e+00 4.811943890829040726e-01
1.409999999999999920e+00 4.398134913019358661e-01
1.469999999999999973e+00 3.999895165362381544e-01
1.530000000000000027e+00 3.610377564187507438e-01
1.589999999999999858e+00 3.244905470484089061e-01
1.649999999999999911e+00 2.900527212528293819e-01
1.709999999999999964e+00 2.577735770410333749e-01
1.770000000000000018e+00 2.282871588312665734e-01
1.829999999999999849e+00 2.009256462394043985e-01
1.889999999999999902e+00 1.763287957955715635e-01
1.949999999999999956e+00 1.540750288080426911e-01
2.009999999999999787e+00 1.338704198678892510e-01
2.070000000000000284e+00 1.161965248415348650e-01
2.129999999999999893e+00 1.000401889290439550e-01
2.189999999999999947e+00 8.577505875292067150e-02
2.250000000000000000e+00 7.347278406430451936e-02
2.309999999999999609e+00 6.257320537030501562e-02
2.370000000000000107e+00 5.343618571911527143e-02
2.429999999999999716e+00 4.515995649238358639e-02
2.490000000000000213e+00 3.805793878522420459e-02
2.549999999999999822e+00 3.210343468343366397e-02
2.609999999999999876e+00 2.702462216751725169e-02
2.669999999999999929e+00 2.260021899044837787e-02
2.729999999999999538e+00 1.891553430133362246e-02
2.790000000000000036e+00 1.577548706196972919e-02
2.849999999999999645e+00 1.307415484995872942e-02
2.910000000000000142e+00 1.079303538987588969e-02
2.969999999999999751e+00 8.961558475517598932e-03
3.030000000000000249e+00 7.346024225344614973e-03
3.089999999999999858e+00 6.065021048958410543e-03
3.149999999999999911e+00 4.961465869766494910e-03
3.209999999999999964e+00 4.038711449087329340e-03
3.269999999999999574e+00 3.312776535443112506e-03
3.330000000000000071e+00 2.718344371294143576e-03
3.389999999999999680e+00 2.152100237490238519e-03
3.450000000000000178e+00 1.772989855800912980e-03
3.509999999999999787e+00 1.423930149633637196e-03
3.569999999999999840e+00 1.174708224952848018e-03
3.629999999999999893e+00 9.475896897056147608e-04
3.689999999999999503e+00 7.556130601308694988e-04
3.750000000000000000e+00 6.005168050604576917e-04
3.809999999999999609e+00 4.830459825651738440e-04
3.870000000000000107e+00 3.956258355919393174e-04
3.929999999999999716e+00 3.083298649638371901e-04
3.989999999999999769e+00 2.473592795038132160e-04
4.049999999999999822e+00 1.957019199287167823e-04
4.109999999999999432e+00 1.557171367960751593e-04
4.169999999999999929e+00 1.216928182297858193e-04
4.230000000000000426e+00 9.164214270773802964e-05
4.290000000000000036e+00 7.897615550422834726e-05
4.349999999999999645e+00 5.625188434499366541e-05
4.410000000000000142e+00 4.855295094678260733e-05
4.469999999999999751e+00 4.221995734502773226e-05
4.529999999999999361e+00 2.719461958400355960e-05
4.589999999999999858e+00 2.098580232738143288e-05
4.650000000000000355e+00 1.701215928314377891e-05
4.709999999999999964e+00 1.477698507075970595e-05
4.769999999999999574e+00 1.043081299112465228e-05
4.830000000000000071e+00 8.195638778740799550e-06
4.889999999999999680e+00 7.698933398210939491e-06
4.949999999999999289e+00 4.097819389370399775e-06
5.009999999999999787e+00 3.973643044237904691e-06
5.070000000000000284e+00 2.359350557516290639e-06
5.129999999999999893e+00 2.359350557516255487e-06
5.189999999999999503e+00 2.483526902648727278e-06
5.250000000000000000e+00 1.614292486721672498e-06
5.309999999999999609e+00 1.117587106191910483e-06
5.369999999999999218e+00 1.738468831854108713e-06
5.429999999999999716e+00 8.692344159270415452e-07
5.490000000000000213e+00 3.725290353973090705e-07
5.549999999999999822e+00 8.692344159270415452e-07
5.609999999999999432e+00 2.483526902648726960e-07
5.669999999999999929e+00 3.725290353973035648e-07
5.730000000000000426e+00 1.241763451324363480e-07
5.789999999999999147e+00 2.483526902648726960e-07
5.849999999999999645e+00 0.000000000000000000e+00
5.910000000000000142e+00 1.241763451324363480e-07
5.969999999999999751e+00 0.000000000000000000e+00
