2.999999999999999889e-02 9.639821946620941162e-02
8.999999999999999667e-02 1.617805411418279105e-01
1.499999999999999944e-01 2.413322528203328543e-01
2.099999999999999922e-01 3.233636418978373395e-01
2.700000000000000178e-01 4.038147628307342529e-01
3.299999999999999600e-01 4.799060523509979248e-01
3.900000000000000133e-01 5.495503544807434082e-01
4.499999999999999556e-01 6.110078344742457812e-01
5.100000000000000089e-01 6.629704187313709696e-01
5.700000000000000622e-01 7.043411334355679232e-01
6.299999999999998934e-01 7.344545175631848055e-01
6.899999999999999467e-01 7.540126641591383683e-01
7.500000000000000000e-01 7.633070151011142057e-01
8.100000000000000533e-01 7.614664733409889363e-01
8.699999999999998845e-01 7.517620921134956502e-01
9.299999999999999378e-01 7.338892668485634818e-01
9.899999999999999911e-01 7.089758912722263773e-01
1.050000000000000044e+00 6.778148313363386857e-01
1.109999999999999876e+00 6.423407544692375515e-01
1.169999999999999929e+00 6.046158572038009549e-01
1.229999999999999982e+00 5.643684417009348087e-01
1.290000000000000036e+00 5.227576941251769194e-01
1.349999999999999867e+00 4.814001421133672909e-01
1.409999999999999920e+00 4.398449013630545412e-01
1.469999999999999973e+00 4.001237452030178554e-01
1.530000000000000027e+00 3.614814331134157399e-01
1.589999999999999858e+00 3.246194372574497389e-01
1.649999999999999911e+00 2.902840574582415401e-01
1.709999999999999964e+00 2.577229092518486531e-01
1.770000000000000018e+00 2.282151331504192471e-01
1.829999999999999849e+00 2.005845308303831342e-01
1.889999999999999902e+00 1.764314870039620509e-01
1.949999999999999956e+00 1.539126038551329179e-01
2.009999999999999787e+00 1.338974883159000373e-01
2.070000000000000284e+00 1.158439864714939371e-01
2.129999999999999893e+00 1.001550505558648774e-01
2.189999999999999947e+00 8.570986489454961166e-02
2.250000000000000000e+00 7.355771958827965473e-02
2.309999999999999609e+00 6.284142533938084918e-02
2.370000000000000107e+00 5.330902834733322604e-02
2.429999999999999716e+00 4.522937039534247194e-02
2.490000000000000213e+00 3.815268476804094255e-02
2.549999999999999822e+00 3.223183254400886072e-02
2.609999999999999876e+00 2.704970538616198114e-02
2.669999999999999929e+00 2.270887295405068021e-02
2.729999999999999538e+00 1.884140074253080541e-02
2.790000000000000036e+00 1.573115587234495683e-02
2.849999999999999645e+00 1.305006444454191901e-02
2.910000000000000142e+00 1.085052887598672577e-02
2.969999999999999751e+00 8.963296810785921845e-03
3.030000000000000249e+00 7.354343930880222029e-03
3.089999999999999858e+00 6.107737620671584676e-03
3.149999999999999911e+00 4.967550436655712720e-03
3.209999999999999964e+00 4.039083917935685532e-03
3.269999999999999574e+00 3.295143445332842161e-03
3.330000000000000071e+00 2.697731057802833787e-03
3.389999999999999680e+00 2.184386054674782463e-03
3.450000000000000178e+00 1.794348160425820278e-03
3.509999999999999787e+00 1.443301637967426198e-03
3.569999999999999840e+00 1.146271824836738330e-03
3.629999999999999893e+00 9.407599767049145334e-04
3.689999999999999503e+00 7.310261329015089885e-04
3.750000000000000000e+00 6.103267272313430813e-04
3.809999999999999609e+00 4.924833774566646054e-04
3.870000000000000107e+00 3.907829523086544599e-04
3.929999999999999716e+00 3.080815076828000219e-04
3.989999999999999769e+00 2.489735682805395314e-04
4.049999999999999822e+00 1.957019170125309348e-04
4.109999999999999432e+00 1.531094312667856709e-04
4.169999999999999929e+00 1.247972249984730911e-04
4.230000000000000426e+00 1.018246014912929773e-04
4.290000000000000036e+00 7.587174574534035062e-05
4.349999999999999645e+00 6.283322970072469495e-05
4.410000000000000142e+00 4.942218462626171623e-05
4.469999999999999751e+00 3.923972447713183846e-05
4.529999999999999361e+00 2.620120843251563390e-05
4.589999999999999858e+00 2.582867940266905625e-05
4.650000000000000355e+00 1.850227514902762622e-05
4.709999999999999964e+00 1.539786656697578497e-05
4.769999999999999574e+00 1.229345798492439603e-05
4.830000000000000071e+00 7.450580596923876406e-06
4.889999999999999680e+00 7.947285970052017829e-06
4.949999999999999289e+00 5.091230074564649202e-06
5.009999999999999787e+00 4.346172014872196933e-06
5.070000000000000284e+00 1.862645149230969101e-06
5.129999999999999893e+00 2.235174179077129803e-06
5.189999999999999503e+00 2.607703208923356784e-06
5.250000000000000000e+00 1.862645149230969101e-06
5.309999999999999609e+00 1.986821492513004457e-06
5.369999999999999218e+00 2.483526865641292100e-07
5.429999999999999716e+00 4.967053731282511143e-07
5.490000000000000213e+00 6.208817164103231044e-07
5.549999999999999822e+00 4.967053731282511143e-07
5.609999999999999432e+00 2.483526865641292100e-07
5.669999999999999929e+00 3.725290298461883358e-07
5.730000000000000426e+00 2.483526865641292100e-07
5.789999999999999147e+00 2.483526865641292100e-07
5.849999999999999645e+00 2.483526865641255572e-07
5.910000000000000142e+00 1.241763432820646050e-07
5.969999999999999751e+00 0.000000000000000000e+00
