2.999999999999999889e-02 9.619953803370052958e-02
8.999999999999999667e-02 1.616069438179851547e-01
1.499999999999999944e-01 2.417493629585903969e-01
2.099999999999999922e-01 3.234400127587717111e-01
2.700000000000000178e-01 4.038235823598274599e-01
3.299999999999999600e-01 4.797130858876785808e-01
3.900000000000000133e-01 5.501781941715245816e-01
4.499999999999999556e-01 6.112662499989042209e-01
5.100000000000000089e-01 6.630019644623141861e-01
5.700000000000000622e-01 7.039466304377719474e-01
6.299999999999998934e-01 7.341382458866015925e-01
6.899999999999999467e-01 7.542447553642939173e-01
7.500000000000000000e-01 7.632462985558773338e-01
8.100000000000000533e-01 7.621488280257751047e-01
8.699999999999998845e-01 7.513629949442776068e-01
9.299999999999999378e-01 7.334007625783532935e-01
9.899999999999999911e-01 7.080846829321330027e-01
1.050000000000000044e+00 6.777573427390848337e-01
1.109999999999999876e+00 6.430774975052306885e-01
1.169999999999999929e+00 6.050507272659538804e-01
1.229999999999999982e+00 5.639549386795972286e-01
1.290000000000000036e+00 5.226584811210037707e-01
1.349999999999999867e+00 4.809316283533838776e-01
1.409999999999999920e+00 4.402950438879056905e-01
1.469999999999999973e+00 3.997551927945649508e-01
1.530000000000000027e+00 3.612739371354919959e-01
1.589999999999999858e+00 3.247031345320487428e-01
1.649999999999999911e+00 2.903072805973930803e-01
1.709999999999999964e+00 2.580542136583788837e-01
1.770000000000000018e+00 2.285363790532186357e-01
1.829999999999999849e+00 2.010550364930556166e-01
1.889999999999999902e+00 1.762493216215270386e-01
1.949999999999999956e+00 1.538932334921748468e-01
2.009999999999999787e+00 1.338955024920067682e-01
2.070000000000000284e+00 1.155999808182316541e-01
2.129999999999999893e+00 9.984225109102010109e-02
2.189999999999999947e+00 8.594468300003377248e-02
2.250000000000000000e+00 7.348520115131035313e-02
2.309999999999999609e+00 6.276940352794574407e-02
2.370000000000000107e+00 5.342414021559656334e-02
2.429999999999999716e+00 4.522465203124766131e-02
2.490000000000000213e+00 3.824358213626030678e-02
2.549999999999999822e+00 3.233576838425619715e-02
2.609999999999999876e+00 2.705852210813670597e-02
2.669999999999999929e+00 2.267323451245748661e-02
2.729999999999999538e+00 1.887977137327022034e-02
2.790000000000000036e+00 1.572382958524297381e-02
2.849999999999999645e+00 1.301889627937645802e-02
2.910000000000000142e+00 1.077391215245359149e-02
2.969999999999999751e+00 8.952121006589035257e-03
3.030000000000000249e+00 7.401779349161523303e-03
3.089999999999999858e+00 6.070857291948223225e-03
3.149999999999999911e+00 4.967302120978432829e-03
3.209999999999999964e+00 4.096825948085577179e-03
3.269999999999999574e+00 3.340964540896049391e-03
3.330000000000000071e+00 2.657125413346725969e-03
3.389999999999999680e+00 2.168491498891199007e-03
3.450000000000000178e+00 1.769885433985927828e-03
3.509999999999999787e+00 1.433988422905317726e-03
3.569999999999999840e+00 1.169368633399677599e-03
3.629999999999999893e+00 9.153038331516364550e-04
3.689999999999999503e+00 7.455547706203263921e-04
3.750000000000000000e+00 6.036212091914401438e-04
3.809999999999999609e+00 4.975746112384489377e-04
3.870000000000000107e+00 3.914038369412505903e-04
3.929999999999999716e+00 3.094474497644659258e-04
3.989999999999999769e+00 2.458691615303559451e-04
4.049999999999999822e+00 1.934667442748933648e-04
4.109999999999999432e+00 1.533577850959543280e-04
4.169999999999999929e+00 1.216928173231036599e-04
4.230000000000000426e+00 9.362896353226685044e-05
4.290000000000000036e+00 7.363657211489844966e-05
4.349999999999999645e+00 5.898376349844397282e-05
4.410000000000000142e+00 5.078812478076544132e-05
4.469999999999999751e+00 4.159907530942828915e-05
4.529999999999999361e+00 3.017485164236186290e-05
4.589999999999999858e+00 2.458691615303522859e-05
4.650000000000000355e+00 1.800556991005131870e-05
4.709999999999999964e+00 1.577039571432057756e-05
4.769999999999999574e+00 1.229345807651779556e-05
4.830000000000000071e+00 1.018246022499453955e-05
4.889999999999999680e+00 6.457169898776928746e-06
4.949999999999999289e+00 5.339582800911769934e-06
5.009999999999999787e+00 4.842877424082696771e-06
5.070000000000000284e+00 3.228584949388512230e-06
5.129999999999999893e+00 2.483526884144972790e-06
5.189999999999999503e+00 2.359350539937759133e-06
5.250000000000000000e+00 1.614292474694256115e-06
5.309999999999999609e+00 8.692344094507404977e-07
5.369999999999999218e+00 7.450580652435028061e-07
5.429999999999999716e+00 1.117587097865237586e-06
5.490000000000000213e+00 7.450580652435028061e-07
5.549999999999999822e+00 2.483526884144973002e-07
5.609999999999999432e+00 6.208817210362524090e-07
5.669999999999999929e+00 4.967053768289946003e-07
5.730000000000000426e+00 6.208817210362524090e-07
5.789999999999999147e+00 1.241763442072504765e-07
5.849999999999999645e+00 0.000000000000000000e+00
5.910000000000000142e+00 2.483526884145009530e-07
5.969999999999999751e+00 0.000000000000000000e+00
