2.999999999999999889e-02 9.599303348848771400e-02
8.999999999999999667e-02 1.614961797221925732e-01
1.499999999999999944e-01 2.416484093911708819e-01
2.099999999999999922e-01 3.232140142204465438e-01
2.700000000000000178e-01 4.036057800591853484e-01
3.299999999999999600e-01 4.799297771840758120e-01
3.900000000000000133e-01 5.492746911834879286e-01
4.499999999999999556e-01 6.107846986867692118e-01
5.100000000000000089e-01 6.630770960908689560e-01
5.700000000000000622e-01 7.042499984937415913e-01
6.299999999999998934e-01 7.348284234826037986e-01
6.899999999999999467e-01 7.545833898770314407e-01
7.500000000000000000e-01 7.626963272099139823e-01
8.100000000000000533e-01 7.618169103336874803e-01
8.699999999999998845e-01 7.520936541571275891e-01
9.299999999999999378e-01 7.341276963670201328e-01
9.899999999999999911e-01 7.087547437661095850e-01
1.050000000000000044e+00 6.780582270730265426e-01
1.109999999999999876e+00 6.429853634484433700e-01
1.169999999999999929e+00 6.039581041131130146e-01
1.229999999999999982e+00 5.641112808999108053e-01
1.290000000000000036e+00 5.230117667170146589e-01
1.349999999999999867e+00 4.815287959803457030e-01
1.409999999999999920e+00 4.400547659405282253e-01
1.469999999999999973e+00 3.997401704352122609e-01
1.530000000000000027e+00 3.614164942714045980e-01
1.589999999999999858e+00 3.248188693049390285e-01
1.649999999999999911e+00 2.902115427982537854e-01
1.709999999999999964e+00 2.579644360835018913e-01
1.770000000000000018e+00 2.282938643539037249e-01
1.829999999999999849e+00 2.010977546537579541e-01
1.889999999999999902e+00 1.766437070068274384e-01
1.949999999999999956e+00 1.538626872578662264e-01
2.009999999999999787e+00 1.337082455611462994e-01
2.070000000000000284e+00 1.157148447987661477e-01
2.129999999999999893e+00 9.985243429520371250e-02
2.189999999999999947e+00 8.578946320895604327e-02
2.250000000000000000e+00 7.348197311384432884e-02
2.309999999999999609e+00 6.268086626153483720e-02
2.370000000000000107e+00 5.321092982904503804e-02
2.429999999999999716e+00 4.527928996005586154e-02
2.490000000000000213e+00 3.824507253733878953e-02
2.549999999999999822e+00 3.211659737601770676e-02
2.609999999999999876e+00 2.700996935879162661e-02
2.669999999999999929e+00 2.256557379015642836e-02
2.729999999999999538e+00 1.889591443880269880e-02
2.790000000000000036e+00 1.580516520845638359e-02
2.849999999999999645e+00 1.307639002417111326e-02
2.910000000000000142e+00 1.079849914906171569e-02
2.969999999999999751e+00 8.916109933199127535e-03
3.030000000000000249e+00 7.329508771442000761e-03
3.089999999999999858e+00 6.057446291905332555e-03
3.149999999999999911e+00 4.935885542669212617e-03
3.209999999999999964e+00 4.060318133140373119e-03
3.269999999999999574e+00 3.295267670779439100e-03
3.330000000000000071e+00 2.692639867851729426e-03
3.389999999999999680e+00 2.208227945490099080e-03
3.450000000000000178e+00 1.749893055606279975e-03
3.509999999999999787e+00 1.442184072368104999e-03
3.569999999999999840e+00 1.155212538767055354e-03
3.629999999999999893e+00 9.377797584401523917e-04
3.689999999999999503e+00 7.607042902812994993e-04
3.750000000000000000e+00 5.924453426268494558e-04
3.809999999999999609e+00 4.933526192111660274e-04
3.870000000000000107e+00 3.850708462556822267e-04
3.929999999999999716e+00 3.100683337956912692e-04
3.989999999999999769e+00 2.471109268135483089e-04
4.049999999999999822e+00 1.939634510968627032e-04
4.109999999999999432e+00 1.541028443093535067e-04
4.169999999999999929e+00 1.245488741678318315e-04
4.230000000000000426e+00 9.648502016790304163e-05
4.290000000000000036e+00 7.736186301750669467e-05
4.349999999999999645e+00 6.258487794674791706e-05
4.410000000000000142e+00 5.339582840694762609e-05
4.469999999999999751e+00 3.539025836274383569e-05
4.529999999999999361e+00 3.178914435390370509e-05
4.589999999999999858e+00 2.396603461055986140e-05
4.650000000000000355e+00 1.663963024774647238e-05
4.709999999999999964e+00 1.440445603536240281e-05
4.769999999999999574e+00 1.117587106191927042e-05
4.830000000000000071e+00 7.698933398211052994e-06
4.889999999999999680e+00 6.829698982283897417e-06
4.949999999999999289e+00 4.842877460165017069e-06
5.009999999999999787e+00 4.594524769900076875e-06
5.070000000000000284e+00 3.104408628310908356e-06
5.129999999999999893e+00 2.110997867251386443e-06
5.189999999999999503e+00 2.731879592913599709e-06
5.250000000000000000e+00 1.365939796456799854e-06
5.309999999999999609e+00 9.934107610594761727e-07
5.369999999999999218e+00 4.967053805297453920e-07
5.429999999999999716e+00 1.241763451324345216e-06
5.490000000000000213e+00 7.450580707946181409e-07
5.549999999999999822e+00 2.483526902648690432e-07
5.609999999999999432e+00 0.000000000000000000e+00
5.669999999999999929e+00 3.725290353973035648e-07
5.730000000000000426e+00 0.000000000000000000e+00
5.789999999999999147e+00 1.241763451324363480e-07
5.849999999999999645e+00 2.483526902648690432e-07
5.910000000000000142e+00 0.000000000000000000e+00
5.969999999999999751e+00 0.000000000000000000e+00
