2.999999999999999889e-02 9.610354900360107422e-02
8.999999999999999667e-02 1.618636151154836111e-01
1.499999999999999944e-01 2.416974554459254132e-01
2.099999999999999922e-01 3.231690575679143640e-01
2.700000000000000178e-01 4.034809768199920654e-01
3.299999999999999600e-01 4.801034927368164062e-01
3.900000000000000133e-01 5.499552935361862183e-01
4.499999999999999556e-01 6.108546008666356775e-01
5.100000000000000089e-01 6.630234420299524478e-01
5.700000000000000622e-01 7.042494912942257601e-01
6.299999999999998934e-01 7.347470770279573848e-01
6.899999999999999467e-01 7.537151376406344694e-01
7.500000000000000000e-01 7.630504667758934989e-01
8.100000000000000533e-01 7.620867341756828450e-01
8.699999999999998845e-01 7.514542589584993770e-01
9.299999999999999378e-01 7.337375233570727628e-01
9.899999999999999911e-01 7.086618493000660379e-01
1.050000000000000044e+00 6.778113543987268619e-01
1.109999999999999876e+00 6.426264842351295803e-01
1.169999999999999929e+00 6.044689565896982364e-01
1.229999999999999982e+00 5.641619364420568106e-01
1.290000000000000036e+00 5.231195439895008903e-01
1.349999999999999867e+00 4.814912875493363442e-01
1.409999999999999920e+00 4.399704436461127077e-01
1.469999999999999973e+00 4.000794142484661586e-01
1.530000000000000027e+00 3.610597302516298512e-01
1.589999999999999858e+00 3.248048325379698786e-01
1.649999999999999911e+00 2.903620402018226576e-01
1.709999999999999964e+00 2.577261378367739497e-01
1.770000000000000018e+00 2.281886835893001675e-01
1.829999999999999849e+00 2.009805291891096357e-01
1.889999999999999902e+00 1.763833065827686009e-01
1.949999999999999956e+00 1.538224518299101395e-01
2.009999999999999787e+00 1.339603215456007801e-01
2.070000000000000284e+00 1.159171263376870681e-01
2.129999999999999893e+00 9.977842370669037786e-02
2.189999999999999947e+00 8.585726221402542602e-02
2.250000000000000000e+00 7.358243068059279468e-02
2.309999999999999609e+00 6.281199554602300006e-02
2.370000000000000107e+00 5.342997610568995387e-02
2.429999999999999716e+00 4.510295887788132868e-02
2.490000000000000213e+00 3.815193970998125017e-02
2.549999999999999822e+00 3.221407532691952791e-02
2.609999999999999876e+00 2.704933285713213495e-02
2.669999999999999929e+00 2.261437475681302850e-02
2.729999999999999538e+00 1.892584065596260995e-02
2.790000000000000036e+00 1.573711633682249589e-02
2.849999999999999645e+00 1.307067771752674218e-02
2.910000000000000142e+00 1.081873973210651686e-02
2.969999999999999751e+00 8.920331796010327191e-03
3.030000000000000249e+00 7.346024115880324043e-03
3.089999999999999858e+00 6.083399057388300460e-03
3.149999999999999911e+00 4.959354797999096509e-03
3.209999999999999964e+00 4.091983040173844711e-03
3.269999999999999574e+00 3.310789664586382200e-03
3.330000000000000071e+00 2.705554167429603807e-03
3.389999999999999680e+00 2.204750974973040782e-03
3.450000000000000178e+00 1.792361338933307329e-03
3.509999999999999787e+00 1.432249943415322664e-03
3.569999999999999840e+00 1.137703657150275927e-03
3.629999999999999893e+00 9.257346391677847772e-04
3.689999999999999503e+00 7.549921671549472300e-04
3.750000000000000000e+00 5.929420391718540767e-04
3.809999999999999609e+00 4.752228657404577550e-04
3.870000000000000107e+00 3.969917694727576139e-04
3.929999999999999716e+00 3.093232711156206419e-04
3.989999999999999769e+00 2.576659123102840879e-04
4.049999999999999822e+00 1.989305019378645575e-04
4.109999999999999432e+00 1.549720764160166279e-04
4.169999999999999929e+00 1.293917496999094066e-04
4.230000000000000426e+00 9.946525096893375599e-05
4.290000000000000036e+00 7.748603820800717553e-05
4.349999999999999645e+00 5.972882111867307731e-05
4.410000000000000142e+00 4.569689432779977506e-05
4.469999999999999751e+00 4.085401693979864981e-05
4.529999999999999361e+00 2.980232238769550562e-05
4.589999999999999858e+00 2.036492029825829526e-05
4.650000000000000355e+00 1.812974611918143482e-05
4.709999999999999964e+00 1.328686873118071614e-05
4.769999999999999574e+00 1.055498917897549150e-05
4.830000000000000071e+00 8.071462313334199087e-06
4.889999999999999680e+00 6.953875223795515601e-06
4.949999999999999289e+00 4.221995671590196941e-06
5.009999999999999787e+00 3.725290298461883146e-06
5.070000000000000284e+00 3.725290298461938203e-06
5.129999999999999893e+00 2.731879552205380917e-06
5.189999999999999503e+00 1.490116119384775366e-06
5.250000000000000000e+00 9.934107462565168400e-07
5.309999999999999609e+00 8.692344029744394501e-07
5.369999999999999218e+00 3.725290298461938415e-07
5.429999999999999716e+00 1.241763432820627786e-06
5.490000000000000213e+00 6.208817164103231044e-07
5.549999999999999822e+00 3.725290298461883358e-07
5.609999999999999432e+00 4.967053731282584200e-07
5.669999999999999929e+00 6.208817164103138929e-07
5.730000000000000426e+00 0.000000000000000000e+00
5.789999999999999147e+00 0.000000000000000000e+00
5.849999999999999645e+00 0.000000000000000000e+00
5.910000000000000142e+00 3.725290298461938415e-07
5.969999999999999751e+00 0.000000000000000000e+00
