2.999999999999999889e-02 9.615346789360046387e-02
8.999999999999999667e-02 1.618256171544392996e-01
1.499999999999999944e-01 2.414806435505549298e-01
2.099999999999999922e-01 3.231221189101537439e-01
2.700000000000000178e-01 4.037035008271535608e-01
3.299999999999999600e-01 4.798947523037592755e-01
3.900000000000000133e-01 5.496703088283538818e-01
4.499999999999999556e-01 6.106916815042495728e-01
5.100000000000000089e-01 6.627667695283884219e-01
5.700000000000000622e-01 7.044576108455664620e-01
6.299999999999998934e-01 7.341140260299053866e-01
6.899999999999999467e-01 7.541738450527184501e-01
7.500000000000000000e-01 7.632963359355919852e-01
8.100000000000000533e-01 7.619501401980725008e-01
8.699999999999998845e-01 7.520020008087165975e-01
9.299999999999999378e-01 7.337929060061766373e-01
9.899999999999999911e-01 7.084830353657398661e-01
1.050000000000000044e+00 6.778089950482044657e-01
1.109999999999999876e+00 6.422710915406563137e-01
1.169999999999999929e+00 6.056234240531915836e-01
1.229999999999999982e+00 5.641440550486241934e-01
1.290000000000000036e+00 5.232357730468129020e-01
1.349999999999999867e+00 4.816509783267970413e-01
1.409999999999999920e+00 4.400512824455893313e-01
1.469999999999999973e+00 3.993093967437740810e-01
1.530000000000000027e+00 3.611542284488674648e-01
1.589999999999999858e+00 3.246935705343891310e-01
1.649999999999999911e+00 2.904232591390606966e-01
1.709999999999999964e+00 2.578532944122948201e-01
1.770000000000000018e+00 2.283692359924322790e-01
1.829999999999999849e+00 2.014306684335070985e-01
1.889999999999999902e+00 1.761749386787412885e-01
1.949999999999999956e+00 1.539360731840132279e-01
2.009999999999999787e+00 1.337572932243346058e-01
2.070000000000000284e+00 1.158862064282098342e-01
2.129999999999999893e+00 9.981840848922721166e-02
2.189999999999999947e+00 8.579219381014561996e-02
2.250000000000000000e+00 7.348818083604170825e-02
2.309999999999999609e+00 6.262399256229395084e-02
2.370000000000000107e+00 5.336416264375046237e-02
2.429999999999999716e+00 4.513959089914953982e-02
2.490000000000000213e+00 3.825736542542772234e-02
2.549999999999999822e+00 3.221494456132250467e-02
2.609999999999999876e+00 2.700040737787899950e-02
2.669999999999999929e+00 2.261723081270851712e-02
2.729999999999999538e+00 1.883084575335183114e-02
2.790000000000000036e+00 1.575313508510588212e-02
2.849999999999999645e+00 1.308359205722807624e-02
2.910000000000000142e+00 1.078781982262928298e-02
2.969999999999999751e+00 8.892516295115145478e-03
3.030000000000000249e+00 7.351363698641452497e-03
3.089999999999999858e+00 6.033355991045628169e-03
3.149999999999999911e+00 4.961341619491609241e-03
3.209999999999999964e+00 4.097943504651383774e-03
3.269999999999999574e+00 3.290673096974687864e-03
3.330000000000000071e+00 2.702449758847552067e-03
3.389999999999999680e+00 2.192457516988116466e-03
3.450000000000000178e+00 1.756474375724790963e-03
3.509999999999999787e+00 1.452242334683734792e-03
3.569999999999999840e+00 1.166636745134997082e-03
3.629999999999999893e+00 9.324401617050162225e-04
3.689999999999999503e+00 7.520119349161776988e-04
3.750000000000000000e+00 6.038695573806757274e-04
3.809999999999999609e+00 4.911174376805619397e-04
3.870000000000000107e+00 3.827114899953202947e-04
3.929999999999999716e+00 3.140419721603390844e-04
3.989999999999999769e+00 2.438823382059748975e-04
4.049999999999999822e+00 1.995513836542748675e-04
4.109999999999999432e+00 1.531094312667856709e-04
4.169999999999999929e+00 1.228104035059600883e-04
4.230000000000000426e+00 9.102125962575335872e-05
4.290000000000000036e+00 7.587174574534035062e-05
4.349999999999999645e+00 5.935629208882688590e-05
4.410000000000000142e+00 5.128482977549268681e-05
4.469999999999999751e+00 3.799796104431121173e-05
4.529999999999999361e+00 2.893308798472105336e-05
4.589999999999999858e+00 2.582867940266905625e-05
4.650000000000000355e+00 1.577039559682220677e-05
4.709999999999999964e+00 1.303851604461659080e-05
4.769999999999999574e+00 1.142422358194994377e-05
4.830000000000000071e+00 8.568167686462458248e-06
4.889999999999999680e+00 6.581346193949326736e-06
4.949999999999999289e+00 4.842877388000519621e-06
5.009999999999999787e+00 4.842877388000448471e-06
5.070000000000000284e+00 2.483526865641292418e-06
5.129999999999999893e+00 1.862645149230941573e-06
5.189999999999999503e+00 2.359350522359227627e-06
5.250000000000000000e+00 1.614292462666839944e-06
5.309999999999999609e+00 1.862645149230941573e-06
5.369999999999999218e+00 8.692344029744522615e-07
5.429999999999999716e+00 6.208817164103138929e-07
5.490000000000000213e+00 4.967053731282584200e-07
5.549999999999999822e+00 7.450580596923766715e-07
5.609999999999999432e+00 2.483526865641292100e-07
5.669999999999999929e+00 3.725290298461883358e-07
5.730000000000000426e+00 1.241763432820646050e-07
5.789999999999999147e+00 2.483526865641292100e-07
5.849999999999999645e+00 0.000000000000000000e+00
5.910000000000000142e+00 0.000000000000000000e+00
5.969999999999999751e+00 0.000000000000000000e+00
