2.999999999999999889e-02 9.628112189184469261e-02
8.999999999999999667e-02 1.617974303299990757e-01
1.499999999999999944e-01 2.416932352510087478e-01
2.099999999999999922e-01 3.233511024963192648e-01
2.700000000000000178e-01 4.039232959642258813e-01
3.299999999999999600e-01 4.795674270359234770e-01
3.900000000000000133e-01 5.495163342568999409e-01
4.499999999999999556e-01 6.111430670654506292e-01
5.100000000000000089e-01 6.629967490558574816e-01
5.700000000000000622e-01 7.035993092030241591e-01
6.299999999999998934e-01 7.351964766919356631e-01
6.899999999999999467e-01 7.537966029380499533e-01
7.500000000000000000e-01 7.628147857597572523e-01
8.100000000000000533e-01 7.618243552383615613e-01
8.699999999999998845e-01 7.521177387643692702e-01
9.299999999999999378e-01 7.332296475760358145e-01
9.899999999999999911e-01 7.085532002788268446e-01
1.050000000000000044e+00 6.777702570788823877e-01
1.109999999999999876e+00 6.428514965587736052e-01
1.169999999999999929e+00 6.048553978765159878e-01
1.229999999999999982e+00 5.645519785425457959e-01
1.290000000000000036e+00 5.226944922608238731e-01
1.349999999999999867e+00 4.813168233731147660e-01
1.409999999999999920e+00 4.401154848941820075e-01
1.469999999999999973e+00 3.996875166869719997e-01
1.530000000000000027e+00 3.613580045205202484e-01
1.589999999999999858e+00 3.250603898743330000e-01
1.649999999999999911e+00 2.898690622786856963e-01
1.709999999999999964e+00 2.583290159081095827e-01
1.770000000000000018e+00 2.283638981111147659e-01
1.829999999999999849e+00 2.010062351897821675e-01
1.889999999999999902e+00 1.762529227355090489e-01
1.949999999999999956e+00 1.538801949760330856e-01
2.009999999999999787e+00 1.337580392789693429e-01
2.070000000000000284e+00 1.159194865518769074e-01
2.129999999999999893e+00 9.988981063085147771e-02
2.189999999999999947e+00 8.584397598488170689e-02
2.250000000000000000e+00 7.358851586969078484e-02
2.309999999999999609e+00 6.256066309333335740e-02
2.370000000000000107e+00 5.324346363477501509e-02
2.429999999999999716e+00 4.523284766996533979e-02
2.490000000000000213e+00 3.833981880302091833e-02
2.549999999999999822e+00 3.228796049173641297e-02
2.609999999999999876e+00 2.706075728233243646e-02
2.669999999999999929e+00 2.253937241340207495e-02
2.729999999999999538e+00 1.889529341629613002e-02
2.790000000000000036e+00 1.574394615300454825e-02
2.849999999999999645e+00 1.304261396112004097e-02
2.910000000000000142e+00 1.081017164496211012e-02
2.969999999999999751e+00 8.894999888253700415e-03
3.030000000000000249e+00 7.317091082412179905e-03
3.089999999999999858e+00 6.082778220992119192e-03
3.149999999999999911e+00 4.934892095140340669e-03
3.209999999999999964e+00 4.060193926544438531e-03
3.269999999999999574e+00 3.275771960187243322e-03
3.330000000000000071e+00 2.712135533830537567e-03
3.389999999999999680e+00 2.177432195674120982e-03
3.450000000000000178e+00 1.795714113581035757e-03
3.509999999999999787e+00 1.472234736921150620e-03
3.569999999999999840e+00 1.166388401138703608e-03
3.629999999999999893e+00 9.345511665037601516e-04
3.689999999999999503e+00 7.430712437361812906e-04
3.750000000000000000e+00 6.135553167280200079e-04
3.809999999999999609e+00 4.944702026332678047e-04
3.870000000000000107e+00 3.876785466150331006e-04
3.929999999999999716e+00 3.182639702031805971e-04
3.989999999999999769e+00 2.387911099105426334e-04
4.049999999999999822e+00 1.917282754559918967e-04
4.109999999999999432e+00 1.627951872557053560e-04
4.169999999999999929e+00 1.152356474243267320e-04
4.230000000000000426e+00 9.288390546702335251e-05
4.290000000000000036e+00 7.723768609690864902e-05
4.349999999999999645e+00 6.444752264356299156e-05
4.410000000000000142e+00 5.165735919021619568e-05
4.469999999999999751e+00 3.774960863900358370e-05
4.529999999999999361e+00 2.831220647925310451e-05
4.589999999999999858e+00 2.297262367834099661e-05
4.650000000000000355e+00 1.949568604053832473e-05
4.709999999999999964e+00 1.353522151859010069e-05
4.769999999999999574e+00 8.568167750300282164e-06
4.830000000000000071e+00 7.326404308227777981e-06
4.889999999999999680e+00 6.705522587191425516e-06
4.949999999999999289e+00 4.842877424082767922e-06
5.009999999999999787e+00 4.346172047253702382e-06
5.070000000000000284e+00 3.725290326217513819e-06
5.129999999999999893e+00 1.986821507315978401e-06
5.189999999999999503e+00 1.117587097865254103e-06
5.250000000000000000e+00 1.986821507316007624e-06
5.309999999999999609e+00 1.614292474694232186e-06
5.369999999999999218e+00 1.365939786279755321e-06
5.429999999999999716e+00 6.208817210362431975e-07
5.490000000000000213e+00 8.692344094507533090e-07
5.549999999999999822e+00 4.967053768289946003e-07
5.609999999999999432e+00 2.483526884145009530e-07
5.669999999999999929e+00 4.967053768289946003e-07
5.730000000000000426e+00 1.241763442072504765e-07
5.789999999999999147e+00 1.241763442072504765e-07
5.849999999999999645e+00 2.483526884144973002e-07
5.910000000000000142e+00 0.000000000000000000e+00
5.969999999999999751e+00 0.000000000000000000e+00
