2.999999999999999889e-02 9.612788899930153896e-02
8.999999999999999667e-02 1.619710300659790436e-01
1.499999999999999944e-01 2.415115670588349472e-01
2.099999999999999922e-01 3.234987505798352925e-01
2.700000000000000178e-01 4.033736944701328264e-01
3.299999999999999600e-01 4.801681957667300882e-01
3.900000000000000133e-01 5.498509936012475618e-01
4.499999999999999556e-01 6.111906311590070695e-01
5.100000000000000089e-01 6.632960189873374768e-01
5.700000000000000622e-01 7.037782525585835058e-01
6.299999999999998934e-01 7.346250226292768692e-01
6.899999999999999467e-01 7.536163045011400330e-01
7.500000000000000000e-01 7.633039220666469893e-01
8.100000000000000533e-01 7.616973285133249449e-01
8.699999999999998845e-01 7.519542041215437900e-01
9.299999999999999378e-01 7.331332921951996262e-01
9.899999999999999911e-01 7.088286286914634582e-01
1.050000000000000044e+00 6.778547020433544068e-01
1.109999999999999876e+00 6.424660579730995247e-01
1.169999999999999929e+00 6.049056938028185559e-01
1.229999999999999982e+00 5.644922539267771544e-01
1.290000000000000036e+00 5.232823469730583099e-01
1.349999999999999867e+00 4.809096527235153795e-01
1.409999999999999920e+00 4.398814157627233268e-01
1.469999999999999973e+00 3.998823523503889366e-01
1.530000000000000027e+00 3.613231136598650806e-01
1.589999999999999858e+00 3.246143508645059073e-01
1.649999999999999911e+00 2.897473716201487415e-01
1.709999999999999964e+00 2.579436986338647375e-01
1.770000000000000018e+00 2.282866621258860529e-01
1.829999999999999849e+00 2.011264393894835467e-01
1.889999999999999902e+00 1.763129012233946302e-01
1.949999999999999956e+00 1.537556472483620762e-01
2.009999999999999787e+00 1.338875562035175271e-01
2.070000000000000284e+00 1.158581443010489737e-01
2.129999999999999893e+00 9.990359494939826668e-02
2.189999999999999947e+00 8.592158684017693615e-02
2.250000000000000000e+00 7.356094926934855782e-02
2.309999999999999609e+00 6.288116270623343718e-02
2.370000000000000107e+00 5.315914829312481243e-02
2.429999999999999716e+00 4.536348152205565282e-02
2.490000000000000213e+00 3.825537917398477705e-02
2.549999999999999822e+00 3.217558113995560437e-02
2.609999999999999876e+00 2.707764546688880627e-02
2.669999999999999929e+00 2.266255551570486512e-02
2.729999999999999538e+00 1.898668734709450800e-02
2.790000000000000036e+00 1.570892854097874144e-02
2.849999999999999645e+00 1.314530789571961497e-02
2.910000000000000142e+00 1.079874750175198288e-02
2.969999999999999751e+00 9.014085069508619152e-03
3.030000000000000249e+00 7.342423111335774633e-03
3.089999999999999858e+00 5.985548188073652395e-03
3.149999999999999911e+00 4.955257052509872556e-03
3.209999999999999964e+00 4.038338920051932034e-03
3.269999999999999574e+00 3.361702015425291953e-03
3.330000000000000071e+00 2.695371747444643296e-03
3.389999999999999680e+00 2.177556388242387654e-03
3.450000000000000178e+00 1.777584380570812949e-03
3.509999999999999787e+00 1.461058876828235124e-03
3.569999999999999840e+00 1.159807063536955540e-03
3.629999999999999893e+00 9.206434228118762914e-04
3.689999999999999503e+00 7.505218299804397152e-04
3.750000000000000000e+00 6.093333255648606490e-04
3.809999999999999609e+00 4.826734535297765374e-04
3.870000000000000107e+00 3.866851387424039607e-04
3.929999999999999716e+00 3.119309789726778018e-04
3.989999999999999769e+00 2.494702773710646558e-04
4.049999999999999822e+00 1.952052145481870493e-04
4.109999999999999432e+00 1.464039109111424418e-04
4.169999999999999929e+00 1.241763451324345250e-04
4.230000000000000426e+00 1.062949514333655056e-04
4.290000000000000036e+00 7.487833611485800254e-05
4.349999999999999645e+00 6.482005215913176979e-05
4.410000000000000142e+00 4.532436597333926826e-05
4.469999999999999751e+00 3.886719602645200060e-05
4.529999999999999361e+00 2.967814648665228900e-05
4.589999999999999858e+00 2.036492060171925985e-05
4.650000000000000355e+00 1.912315715039519839e-05
4.709999999999999964e+00 1.303851623890562350e-05
4.769999999999999574e+00 1.043081299112465228e-05
4.830000000000000071e+00 9.437402230065162554e-06
4.889999999999999680e+00 7.078051672548767307e-06
4.949999999999999289e+00 6.332993601754254198e-06
5.009999999999999787e+00 4.594524769900076875e-06
5.070000000000000284e+00 3.352761318575781634e-06
5.129999999999999893e+00 1.365939796456779526e-06
5.189999999999999503e+00 2.110997867251417784e-06
5.250000000000000000e+00 1.365939796456799854e-06
5.309999999999999609e+00 1.862645176986517612e-06
5.369999999999999218e+00 6.208817256621818194e-07
5.429999999999999716e+00 3.725290353973035648e-07
5.490000000000000213e+00 9.934107610594907840e-07
5.549999999999999822e+00 4.967053805297380863e-07
5.609999999999999432e+00 8.692344159270543566e-07
5.669999999999999929e+00 2.483526902648690432e-07
5.730000000000000426e+00 1.241763451324363480e-07
5.789999999999999147e+00 0.000000000000000000e+00
5.849999999999999645e+00 0.000000000000000000e+00
5.910000000000000142e+00 0.000000000000000000e+00
5.969999999999999751e+00 0.000000000000000000e+00
