2.999999999999999889e-02 9.602382922208055338e-02
8.999999999999999667e-02 1.618140711657316266e-01
1.499999999999999944e-01 2.414966658974190550e-01
2.099999999999999922e-01 3.232390978421633698e-01
2.700000000000000178e-01 4.035736183857960291e-01
3.299999999999999600e-01 4.797440093717576515e-01
3.900000000000000133e-01 5.496685785502480881e-01
4.499999999999999556e-01 6.107663205876895374e-01
5.100000000000000089e-01 6.626404920613833127e-01
5.700000000000000622e-01 7.041559970004763747e-01
6.299999999999998934e-01 7.347730408326748064e-01
6.899999999999999467e-01 7.541066768880679838e-01
7.500000000000000000e-01 7.627350702295953022e-01
8.100000000000000533e-01 7.622952376151376219e-01
8.699999999999998845e-01 7.520025087198002334e-01
9.299999999999999378e-01 7.338865459047729800e-01
9.899999999999999911e-01 7.089195257761004010e-01
1.050000000000000044e+00 6.782643598059463486e-01
1.109999999999999876e+00 6.429652468805319154e-01
1.169999999999999929e+00 6.044926832789080384e-01
1.229999999999999982e+00 5.642632727463529063e-01
1.290000000000000036e+00 5.229809709834218889e-01
1.349999999999999867e+00 4.814048679879035508e-01
1.409999999999999920e+00 4.402112281353950940e-01
1.469999999999999973e+00 3.997068911747168052e-01
1.530000000000000027e+00 3.612976575091128573e-01
1.589999999999999858e+00 3.246519762970810352e-01
1.649999999999999911e+00 2.903112564033951126e-01
1.709999999999999964e+00 2.579008577947940473e-01
1.770000000000000018e+00 2.283083929862842198e-01
1.829999999999999849e+00 2.010323137198731791e-01
1.889999999999999902e+00 1.760019636551830302e-01
1.949999999999999956e+00 1.538158727757513167e-01
2.009999999999999787e+00 1.335995912591554091e-01
2.070000000000000284e+00 1.159073181337214181e-01
2.129999999999999893e+00 9.997760405109720749e-02
2.189999999999999947e+00 8.589488892597348102e-02
2.250000000000000000e+00 7.355809321341050255e-02
2.309999999999999609e+00 6.280914042605663383e-02
2.370000000000000107e+00 5.321179906346096278e-02
2.429999999999999716e+00 4.522837765855155373e-02
2.490000000000000213e+00 3.816659308721508798e-02
2.549999999999999822e+00 3.210715997378763703e-02
2.609999999999999876e+00 2.701729576315444262e-02
2.669999999999999929e+00 2.253428135118305461e-02
2.729999999999999538e+00 1.893031128640438460e-02
2.790000000000000036e+00 1.572209123356278423e-02
2.849999999999999645e+00 1.306285480255167664e-02
2.910000000000000142e+00 1.087151483999958777e-02
2.969999999999999751e+00 8.927285804261046731e-03
3.030000000000000249e+00 7.351487984530441847e-03
3.089999999999999858e+00 6.083895853418541319e-03
3.149999999999999911e+00 4.925206376987822585e-03
3.209999999999999964e+00 4.044051031928025224e-03
3.269999999999999574e+00 3.311162242956390556e-03
3.330000000000000071e+00 2.689287106533153667e-03
3.389999999999999680e+00 2.181778383976890317e-03
3.450000000000000178e+00 1.808380114163657100e-03
3.509999999999999787e+00 1.458451173580453978e-03
3.569999999999999840e+00 1.171603816324536841e-03
3.629999999999999893e+00 9.340544680861793264e-04
3.689999999999999503e+00 7.552405310954721923e-04
3.750000000000000000e+00 6.129344395737013149e-04
3.809999999999999609e+00 4.865229202288820021e-04
3.870000000000000107e+00 3.894170183353175057e-04
3.929999999999999716e+00 3.054738090257911372e-04
3.989999999999999769e+00 2.565483290436134799e-04
4.049999999999999822e+00 1.965711543446438218e-04
4.109999999999999432e+00 1.563380185217373730e-04
4.169999999999999929e+00 1.220653472651831258e-04
4.230000000000000426e+00 1.038114245307167864e-04
4.290000000000000036e+00 7.500251245999044257e-05
4.349999999999999645e+00 5.898376393790726469e-05
4.410000000000000142e+00 4.532436597333926826e-05
4.469999999999999751e+00 3.936390140698174038e-05
4.529999999999999361e+00 2.880891207072523252e-05
4.589999999999999858e+00 2.160668405304360252e-05
4.650000000000000355e+00 1.850227542473301519e-05
4.709999999999999964e+00 1.614292486721648527e-05
4.769999999999999574e+00 7.078051672548871492e-06
4.830000000000000071e+00 6.705522637151563269e-06
4.889999999999999680e+00 5.587935530959552201e-06
4.949999999999999289e+00 3.725290353973090281e-06
5.009999999999999787e+00 4.594524769900076875e-06
5.070000000000000284e+00 2.731879592913599709e-06
5.129999999999999893e+00 2.359350557516255487e-06
5.189999999999999503e+00 2.856055938046035925e-06
5.250000000000000000e+00 2.110997867251417784e-06
5.309999999999999609e+00 3.725290353973035648e-07
5.369999999999999218e+00 4.967053805297453920e-07
5.429999999999999716e+00 8.692344159270415452e-07
5.490000000000000213e+00 1.241763451324363480e-07
5.549999999999999822e+00 3.725290353973035648e-07
5.609999999999999432e+00 1.241763451324363480e-07
5.669999999999999929e+00 4.967053805297380863e-07
5.730000000000000426e+00 2.483526902648726960e-07
5.789999999999999147e+00 2.483526902648726960e-07
5.849999999999999645e+00 1.241763451324345216e-07
5.910000000000000142e+00 1.241763451324363480e-07
5.969999999999999751e+00 0.000000000000000000e+00
