2.999999999999999889e-02 9.623108025908401475e-02
8.999999999999999667e-02 1.618706967851427092e-01
1.499999999999999944e-01 2.422797237349488264e-01
2.099999999999999922e-01 3.236398173192102656e-01
2.700000000000000178e-01 4.037996223424787923e-01
3.299999999999999600e-01 4.798063494718500799e-01
3.900000000000000133e-01 5.497737600107089895e-01
4.499999999999999556e-01 6.114357598198499888e-01
5.100000000000000089e-01 6.630927472507817111e-01
5.700000000000000622e-01 7.042600620248437027e-01
6.299999999999998934e-01 7.337394024025770678e-01
6.899999999999999467e-01 7.545436590683773925e-01
7.500000000000000000e-01 7.629595867460866598e-01
8.100000000000000533e-01 7.616810670870788336e-01
8.699999999999998845e-01 7.514614779828826530e-01
9.299999999999999378e-01 7.328043545167617356e-01
9.899999999999999911e-01 7.082787811123052446e-01
1.050000000000000044e+00 6.775266331874814085e-01
1.109999999999999876e+00 6.430279607257554098e-01
1.169999999999999929e+00 6.045545276030662718e-01
1.229999999999999982e+00 5.642424153243044138e-01
1.290000000000000036e+00 5.228251335656314280e-01
1.349999999999999867e+00 4.811054824043044520e-01
1.409999999999999920e+00 4.401041914049227399e-01
1.469999999999999973e+00 4.000569472723016773e-01
1.530000000000000027e+00 3.608832837341959809e-01
1.589999999999999858e+00 3.248944951197773601e-01
1.649999999999999911e+00 2.902983442263926128e-01
1.709999999999999964e+00 2.579363741512777364e-01
1.770000000000000018e+00 2.282691549619601523e-01
1.829999999999999849e+00 2.008281693047619387e-01
1.889999999999999902e+00 1.761852492532809122e-01
1.949999999999999956e+00 1.538968368993984537e-01
2.009999999999999787e+00 1.339117715885388138e-01
2.070000000000000284e+00 1.157913382900804394e-01
2.129999999999999893e+00 9.999176089943899448e-02
2.189999999999999947e+00 8.609146072174948816e-02
2.250000000000000000e+00 7.361124123757369075e-02
2.309999999999999609e+00 6.276592752559315147e-02
2.370000000000000107e+00 5.338440458093986901e-02
2.429999999999999716e+00 4.540371499616260159e-02
2.490000000000000213e+00 3.822917824999141206e-02
2.549999999999999822e+00 3.214279882432315855e-02
2.609999999999999876e+00 2.699916621792457228e-02
2.669999999999999929e+00 2.261698296555091428e-02
2.729999999999999538e+00 1.892584107898812387e-02
2.790000000000000036e+00 1.571190889032476543e-02
2.849999999999999645e+00 1.308669675832059565e-02
2.910000000000000142e+00 1.081762238680968047e-02
2.969999999999999751e+00 9.007752143019850249e-03
3.030000000000000249e+00 7.390106882927217034e-03
3.089999999999999858e+00 6.087372836436712176e-03
3.149999999999999911e+00 4.984811059791129095e-03
3.209999999999999964e+00 4.052122524552298315e-03
3.269999999999999574e+00 3.365427330853652896e-03
3.330000000000000071e+00 2.697855294447880446e-03
3.389999999999999680e+00 2.194444387530284160e-03
3.450000000000000178e+00 1.779074509967540482e-03
3.509999999999999787e+00 1.454105012334745445e-03
3.569999999999999840e+00 1.177812642356546946e-03
3.629999999999999893e+00 9.659677959822361541e-04
3.689999999999999503e+00 7.682790530585030878e-04
3.750000000000000000e+00 6.088366247205173653e-04
3.809999999999999609e+00 4.726151730953067113e-04
3.870000000000000107e+00 3.977368364225610832e-04
3.929999999999999716e+00 3.113100995664566683e-04
3.989999999999999769e+00 2.472351050007258336e-04
4.049999999999999822e+00 1.889963986996982337e-04
4.109999999999999432e+00 1.541028454575091875e-04
4.169999999999999929e+00 1.236796406733899024e-04
4.230000000000000426e+00 9.487072838802337686e-05
4.290000000000000036e+00 8.220474109014469673e-05
4.349999999999999645e+00 6.034970418400440286e-05
4.410000000000000142e+00 4.818042227035743017e-05
4.469999999999999751e+00 4.172325227536045292e-05
4.529999999999999361e+00 3.029902843805982505e-05
4.589999999999999858e+00 2.160668421402594787e-05
4.650000000000000355e+00 1.539786691114515638e-05
4.709999999999999964e+00 1.527369056508730914e-05
4.769999999999999574e+00 1.055498941489788932e-05
4.830000000000000071e+00 1.092751845307075680e-05
4.889999999999999680e+00 7.202228071341982905e-06
4.949999999999999289e+00 4.842877496247267064e-06
5.009999999999999787e+00 4.470348458074334363e-06
5.070000000000000284e+00 3.104408651440555832e-06
5.129999999999999893e+00 2.359350575094787416e-06
5.189999999999999503e+00 2.856055959325311128e-06
5.250000000000000000e+00 1.117587114518600108e-06
5.309999999999999609e+00 7.450580763457224644e-07
5.369999999999999218e+00 4.967053842304888780e-07
5.429999999999999716e+00 7.450580763457224644e-07
5.490000000000000213e+00 6.208817302881112299e-07
5.549999999999999822e+00 4.967053842304815724e-07
5.609999999999999432e+00 1.241763460576222195e-07
5.669999999999999929e+00 3.725290381728612322e-07
5.730000000000000426e+00 3.725290381728667379e-07
5.789999999999999147e+00 2.483526921152444390e-07
5.849999999999999645e+00 1.241763460576203931e-07
5.910000000000000142e+00 1.241763460576222195e-07
5.969999999999999751e+00 2.483526921152407862e-07
