2.999999999999999889e-02 9.637127463576110331e-02
8.999999999999999667e-02 1.619894081650586071e-01
1.499999999999999944e-01 2.415565188957728981e-01
2.099999999999999922e-01 3.232168702763846269e-01
2.700000000000000178e-01 4.038382381772732677e-01
3.299999999999999600e-01 4.796824179045720005e-01
3.900000000000000133e-01 5.498162242246105169e-01
4.499999999999999556e-01 6.112059048494583591e-01
5.100000000000000089e-01 6.627588321182945608e-01
5.700000000000000622e-01 7.041161363936888629e-01
6.299999999999998934e-01 7.347152988321882239e-01
6.899999999999999467e-01 7.539780301945108176e-01
7.500000000000000000e-01 7.625927641380735311e-01
8.100000000000000533e-01 7.618520522393600336e-01
8.699999999999998845e-01 7.520710540623133378e-01
9.299999999999999378e-01 7.330527017472087126e-01
9.899999999999999911e-01 7.083463277669691527e-01
1.050000000000000044e+00 6.779498211237259264e-01
1.109999999999999876e+00 6.426517016090723677e-01
1.169999999999999929e+00 6.046537399985447703e-01
1.229999999999999982e+00 5.646145676267325664e-01
1.290000000000000036e+00 5.228464880016434613e-01
1.349999999999999867e+00 4.812934818063197562e-01
1.409999999999999920e+00 4.401724851157137741e-01
1.469999999999999973e+00 4.001664678280518750e-01
1.530000000000000027e+00 3.615484937262804510e-01
1.589999999999999858e+00 3.248512793310185942e-01
1.649999999999999911e+00 2.900516036657231900e-01
1.709999999999999964e+00 2.579048314378383222e-01
1.770000000000000018e+00 2.283091380443550145e-01
1.829999999999999849e+00 2.012689938336955642e-01
1.889999999999999902e+00 1.759464568289088315e-01
1.949999999999999956e+00 1.538533740319812937e-01
2.009999999999999787e+00 1.337887118327921177e-01
2.070000000000000284e+00 1.158167935781198726e-01
2.129999999999999893e+00 9.974949210508893271e-02
2.189999999999999947e+00 8.591363955408846953e-02
2.250000000000000000e+00 7.358280430609187572e-02
2.309999999999999609e+00 6.279448761733101569e-02
2.370000000000000107e+00 5.330791155459346786e-02
2.429999999999999716e+00 4.520639844546311265e-02
2.490000000000000213e+00 3.822644608556892420e-02
2.549999999999999822e+00 3.215832062798220509e-02
2.609999999999999876e+00 2.699519237372086447e-02
2.669999999999999929e+00 2.271458540431535097e-02
2.729999999999999538e+00 1.890646942813895698e-02
2.790000000000000036e+00 1.569117132362480779e-02
2.849999999999999645e+00 1.309973517705600998e-02
2.910000000000000142e+00 1.081054425453956309e-02
2.969999999999999751e+00 8.941193554915880665e-03
3.030000000000000249e+00 7.308647145459752463e-03
3.089999999999999858e+00 6.047139655259339830e-03
3.149999999999999911e+00 4.997849538890298225e-03
3.209999999999999964e+00 4.096453449573911852e-03
3.269999999999999574e+00 3.318364470974072104e-03
3.330000000000000071e+00 2.723063072409176704e-03
3.389999999999999680e+00 2.184758616260068769e-03
3.450000000000000178e+00 1.790250367774321371e-03
3.509999999999999787e+00 1.445040128306150943e-03
3.569999999999999840e+00 1.158192771050233806e-03
3.629999999999999893e+00 9.180357195640951457e-04
3.689999999999999503e+00 7.587174687591804589e-04
3.750000000000000000e+00 6.061047405914172896e-04
3.809999999999999609e+00 4.783272814501412585e-04
3.870000000000000107e+00 3.863126097070066541e-04
3.929999999999999716e+00 3.104408628310885757e-04
3.989999999999999769e+00 2.498428064064619624e-04
4.049999999999999822e+00 2.026557952561331257e-04
4.109999999999999432e+00 1.548479023801481468e-04
4.169999999999999929e+00 1.210719365041236463e-04
4.230000000000000426e+00 1.033147191501870398e-04
4.290000000000000036e+00 8.183221144227434591e-05
4.349999999999999645e+00 6.134311449542355745e-05
4.410000000000000142e+00 4.979471439810697372e-05
4.469999999999999751e+00 3.613531643353844197e-05
4.529999999999999361e+00 3.315508415036050473e-05
4.589999999999999858e+00 2.272427115923551194e-05
4.650000000000000355e+00 1.850227542473301519e-05
4.709999999999999964e+00 1.390775065483266472e-05
4.769999999999999574e+00 1.043081299112465228e-05
4.830000000000000071e+00 7.574757053078617202e-06
4.889999999999999680e+00 5.836288221224422091e-06
4.949999999999999289e+00 3.725290353973090281e-06
5.009999999999999787e+00 4.097819389370338789e-06
5.070000000000000284e+00 2.607703247781163070e-06
5.129999999999999893e+00 1.490116141589214259e-06
5.189999999999999503e+00 1.862645176986545141e-06
5.250000000000000000e+00 1.365939796456799854e-06
5.309999999999999609e+00 6.208817256621726079e-07
5.369999999999999218e+00 1.117587106191927000e-06
5.429999999999999716e+00 0.000000000000000000e+00
5.490000000000000213e+00 3.725290353973090705e-07
5.549999999999999822e+00 7.450580707946071295e-07
5.609999999999999432e+00 3.725290353973090705e-07
5.669999999999999929e+00 1.241763451324345216e-07
5.730000000000000426e+00 2.483526902648726960e-07
5.789999999999999147e+00 1.241763451324363480e-07
5.849999999999999645e+00 1.241763451324345216e-07
5.910000000000000142e+00 0.000000000000000000e+00
5.969999999999999751e+00 1.241763451324345216e-07
