2.999999999999999889e-02 9.651817525205277915e-02
8.999999999999999667e-02 1.617360884209884386e-01
1.499999999999999944e-01 2.414315974925696495e-01
2.099999999999999922e-01 3.234783856592335360e-01
2.700000000000000178e-01 4.039264033823172784e-01
3.299999999999999600e-01 4.803411734154995338e-01
3.900000000000000133e-01 5.496180387777791498e-01
4.499999999999999556e-01 6.105981858163801457e-01
5.100000000000000089e-01 6.625322102884277919e-01
5.700000000000000622e-01 7.044748818547764690e-01
6.299999999999998934e-01 7.346343358551618019e-01
6.899999999999999467e-01 7.538974397465199040e-01
7.500000000000000000e-01 7.629280402699311070e-01
8.100000000000000533e-01 7.620694850196868542e-01
8.699999999999998845e-01 7.511252028414395765e-01
9.299999999999999378e-01 7.333433985711637071e-01
9.899999999999999911e-01 7.083219892033231213e-01
1.050000000000000044e+00 6.779893092014780409e-01
1.109999999999999876e+00 6.428588277527532702e-01
1.169999999999999929e+00 6.051208914089329927e-01
1.229999999999999982e+00 5.644258195821312274e-01
1.290000000000000036e+00 5.226376233891306677e-01
1.349999999999999867e+00 4.808827064566216780e-01
1.409999999999999920e+00 4.406593805649780538e-01
1.469999999999999973e+00 3.999542504542206167e-01
1.530000000000000027e+00 3.610584938683877865e-01
1.589999999999999858e+00 3.245351263563114874e-01
1.649999999999999911e+00 2.899039579913607056e-01
1.709999999999999964e+00 2.580062835118114850e-01
1.770000000000000018e+00 2.285849337068941722e-01
1.829999999999999849e+00 2.013885756540580996e-01
1.889999999999999902e+00 1.762786285521380780e-01
1.949999999999999956e+00 1.539558195167155530e-01
2.009999999999999787e+00 1.338673154592609493e-01
2.070000000000000284e+00 1.158499486622702329e-01
2.129999999999999893e+00 9.989850371924785533e-02
2.189999999999999947e+00 8.583478757492936373e-02
2.250000000000000000e+00 7.354691734234858336e-02
2.309999999999999609e+00 6.278778209469386418e-02
2.370000000000000107e+00 5.329996426850499430e-02
2.429999999999999716e+00 4.518901375714457630e-02
2.490000000000000213e+00 3.818584042071061779e-02
2.549999999999999822e+00 3.213845241276101078e-02
2.609999999999999876e+00 2.700289130711907779e-02
2.669999999999999929e+00 2.268602484493489543e-02
2.729999999999999538e+00 1.893142887351057652e-02
2.790000000000000036e+00 1.574965838218218492e-02
2.849999999999999645e+00 1.306484162407379676e-02
2.910000000000000142e+00 1.085388179899078424e-02
2.969999999999999751e+00 8.944297963544190974e-03
3.030000000000000249e+00 7.388616711725040642e-03
3.089999999999999858e+00 6.058563879011524475e-03
3.149999999999999911e+00 4.962086751492155931e-03
3.209999999999999964e+00 4.044547737308554387e-03
3.269999999999999574e+00 3.297999550372352536e-03
3.330000000000000071e+00 2.695744276480040603e-03
3.389999999999999680e+00 2.178053093622917252e-03
3.450000000000000178e+00 1.756598578243431493e-03
3.509999999999999787e+00 1.445288480996415959e-03
3.569999999999999840e+00 1.153474069935201329e-03
3.629999999999999893e+00 9.251137712366439697e-04
3.689999999999999503e+00 7.551163547503399014e-04
3.750000000000000000e+00 6.000200996799279858e-04
3.809999999999999609e+00 4.809349846979224042e-04
3.870000000000000107e+00 3.705422138751873263e-04
3.929999999999999716e+00 3.131727424240021750e-04
3.989999999999999769e+00 2.525746859993755074e-04
4.049999999999999822e+00 1.986821522118952074e-04
4.109999999999999432e+00 1.548479023801481468e-04
4.169999999999999929e+00 1.310060441147183877e-04
4.230000000000000426e+00 9.300808250419481573e-05
4.290000000000000036e+00 7.947286088475809382e-05
4.349999999999999645e+00 6.370246505293985020e-05
4.410000000000000142e+00 4.991889074323941375e-05
4.469999999999999751e+00 3.514190567247896919e-05
4.529999999999999361e+00 3.054738090257933870e-05
4.589999999999999858e+00 2.632538516807611349e-05
4.650000000000000355e+00 1.850227542473301519e-05
4.709999999999999964e+00 1.353522161943535989e-05
4.769999999999999574e+00 1.303851623890581662e-05
4.830000000000000071e+00 9.189049539800290970e-06
4.889999999999999680e+00 6.705522637151463319e-06
4.949999999999999289e+00 3.849466699105526497e-06
5.009999999999999787e+00 2.980232283178428518e-06
5.070000000000000284e+00 2.359350557516290639e-06
5.129999999999999893e+00 1.241763451324345216e-06
5.189999999999999503e+00 1.738468831854108713e-06
5.250000000000000000e+00 1.365939796456799854e-06
5.309999999999999609e+00 9.934107610594761727e-07
5.369999999999999218e+00 4.967053805297453920e-07
5.429999999999999716e+00 9.934107610594761727e-07
5.490000000000000213e+00 7.450580707946181409e-07
5.549999999999999822e+00 0.000000000000000000e+00
5.609999999999999432e+00 1.241763451324363480e-07
5.669999999999999929e+00 2.483526902648690432e-07
5.730000000000000426e+00 1.241763451324363480e-07
5.789999999999999147e+00 0.000000000000000000e+00
5.849999999999999645e+00 0.000000000000000000e+00
5.910000000000000142e+00 1.241763451324363480e-07
5.969999999999999751e+00 0.000000000000000000e+00
