2.999999999999999889e-02 9.606865545113882354e-02
8.999999999999999667e-02 1.621566712856292725e-01
1.499999999999999944e-01 2.417727063099543439e-01
2.099999999999999922e-01 3.232604513565699444e-01
2.700000000000000178e-01 4.040191570917765485e-01
3.299999999999999600e-01 4.800338298082351685e-01
3.900000000000000133e-01 5.495568116505941125e-01
4.499999999999999556e-01 6.110866864522298547e-01
5.100000000000000089e-01 6.625859687725697000e-01
5.700000000000000622e-01 7.039227833350506502e-01
6.299999999999998934e-01 7.345670213301983553e-01
6.899999999999999467e-01 7.538908471663786637e-01
7.500000000000000000e-01 7.625624537467949882e-01
8.100000000000000533e-01 7.616215695937481600e-01
8.699999999999998845e-01 7.513587673505154330e-01
9.299999999999999378e-01 7.340673357248299613e-01
9.899999999999999911e-01 7.085882127284997001e-01
1.050000000000000044e+00 6.779576341311130960e-01
1.109999999999999876e+00 6.427374978860237453e-01
1.169999999999999929e+00 6.044987589120859317e-01
1.229999999999999982e+00 5.643001447121297476e-01
1.290000000000000036e+00 5.229450762271895536e-01
1.349999999999999867e+00 4.813630133867259353e-01
1.409999999999999920e+00 4.403654485940929342e-01
1.469999999999999973e+00 4.001618673404054305e-01
1.530000000000000027e+00 3.615104903777437428e-01
1.589999999999999858e+00 3.248549997806557954e-01
1.649999999999999911e+00 2.901711811621981441e-01
1.709999999999999964e+00 2.579266826311745198e-01
1.770000000000000018e+00 2.282198518514639562e-01
1.829999999999999849e+00 2.010626097520190614e-01
1.889999999999999902e+00 1.761969178915022138e-01
1.949999999999999956e+00 1.539052774508792854e-01
2.009999999999999787e+00 1.339733600616453968e-01
2.070000000000000284e+00 1.159019768238066656e-01
2.129999999999999893e+00 9.996592998504630345e-02
2.189999999999999947e+00 8.575916290283258636e-02
2.250000000000000000e+00 7.356268664201094654e-02
2.309999999999999609e+00 6.260176499684645679e-02
2.370000000000000107e+00 5.326208968957260592e-02
2.429999999999999716e+00 4.514356454213456354e-02
2.490000000000000213e+00 3.824941813945766794e-02
2.549999999999999822e+00 3.220016757647193445e-02
2.609999999999999876e+00 2.701493601004300096e-02
2.669999999999999929e+00 2.259649336338041131e-02
2.729999999999999538e+00 1.893676817417143041e-02
2.790000000000000036e+00 1.575847466786700971e-02
2.849999999999999645e+00 1.304733256498971476e-02
2.910000000000000142e+00 1.082345843315123471e-02
2.969999999999999751e+00 8.926043907801302704e-03
3.030000000000000249e+00 7.345651586850477852e-03
3.089999999999999858e+00 6.048257152239475826e-03
3.149999999999999911e+00 4.964570204416943189e-03
3.209999999999999964e+00 4.052246610323584873e-03
3.269999999999999574e+00 3.316129247347511088e-03
3.330000000000000071e+00 2.717971801757809898e-03
3.389999999999999680e+00 2.189725637435911351e-03
3.450000000000000178e+00 1.757840315500893520e-03
3.509999999999999787e+00 1.441563169161477450e-03
3.569999999999999840e+00 1.156330108642585714e-03
3.629999999999999893e+00 9.349236885706575708e-04
3.689999999999999503e+00 7.515152295430495158e-04
3.750000000000000000e+00 6.098300218582147899e-04
3.809999999999999609e+00 4.790723323822017148e-04
3.870000000000000107e+00 3.909071286519365056e-04
3.929999999999999716e+00 3.023693958918251051e-04
3.989999999999999769e+00 2.494702736536678228e-04
4.049999999999999822e+00 1.960744460423771262e-04
4.109999999999999432e+00 1.565863688786834663e-04
4.169999999999999929e+00 1.215686400731394548e-04
4.230000000000000426e+00 1.023213068644212415e-04
4.290000000000000036e+00 7.065633932749371159e-05
4.349999999999999645e+00 5.972882111867307731e-05
4.410000000000000142e+00 5.438923835754429768e-05
4.469999999999999751e+00 3.762543201446502032e-05
4.529999999999999361e+00 3.166496753692647282e-05
4.589999999999999858e+00 2.346932888030986547e-05
4.650000000000000355e+00 2.148250738779717780e-05
4.709999999999999964e+00 1.390775044759103120e-05
4.769999999999999574e+00 1.105169455210375067e-05
4.830000000000000071e+00 7.450580596923876406e-06
4.889999999999999680e+00 7.078051567077578273e-06
4.949999999999999289e+00 5.463759104410843149e-06
5.009999999999999787e+00 3.476937611897757800e-06
5.070000000000000284e+00 3.352761268615744679e-06
5.129999999999999893e+00 2.235174179077129803e-06
5.189999999999999503e+00 1.614292462666839944e-06
5.250000000000000000e+00 1.117587089538581419e-06
5.309999999999999609e+00 7.450580596923766715e-07
5.369999999999999218e+00 1.117587089538581419e-06
5.429999999999999716e+00 6.208817164103138929e-07
5.490000000000000213e+00 3.725290298461938415e-07
5.549999999999999822e+00 1.241763432820627786e-07
5.609999999999999432e+00 6.208817164103231044e-07
5.669999999999999929e+00 1.241763432820627786e-07
5.730000000000000426e+00 4.967053731282584200e-07
5.789999999999999147e+00 1.241763432820646050e-07
5.849999999999999645e+00 1.241763432820627786e-07
5.910000000000000142e+00 2.483526865641292100e-07
5.969999999999999751e+00 2.483526865641255572e-07
