2.999999999999999889e-02 9.631974001725515655e-02
8.999999999999999667e-02 1.618823657433192120e-01
1.499999999999999944e-01 2.416143814722697125e-01
2.099999999999999922e-01 3.231889257828394757e-01
2.700000000000000178e-01 4.036689798037211285e-01
3.299999999999999600e-01 4.800256341695785522e-01
3.900000000000000133e-01 5.496750275293986743e-01
4.499999999999999556e-01 6.108315040667852136e-01
5.100000000000000089e-01 6.625596433877939395e-01
5.700000000000000622e-01 7.045744607845948471e-01
6.299999999999998934e-01 7.343564182519919381e-01
6.899999999999999467e-01 7.544303933779391569e-01
7.500000000000000000e-01 7.628669341405226456e-01
8.100000000000000533e-01 7.616388301054644039e-01
8.699999999999998845e-01 7.518404473861065584e-01
9.299999999999999378e-01 7.337828477223707901e-01
9.899999999999999911e-01 7.087443023920052543e-01
1.050000000000000044e+00 6.778237720330549942e-01
1.109999999999999876e+00 6.426241248846071841e-01
1.169999999999999929e+00 6.047294785579040433e-01
1.229999999999999982e+00 5.643895516792928335e-01
1.290000000000000036e+00 5.230020731687560209e-01
1.349999999999999867e+00 4.814910391966497616e-01
1.409999999999999920e+00 4.397893945376074587e-01
1.469999999999999973e+00 3.999428202708558699e-01
1.530000000000000027e+00 3.611642867326733120e-01
1.589999999999999858e+00 3.243344525496174025e-01
1.649999999999999911e+00 2.900833884874977064e-01
1.709999999999999964e+00 2.580557018518445656e-01
1.770000000000000018e+00 2.283815294504172033e-01
1.829999999999999849e+00 2.011112868785856489e-01
1.889999999999999902e+00 1.764266441265740504e-01
1.949999999999999956e+00 1.538878927628197779e-01
2.009999999999999787e+00 1.338724046945570789e-01
2.070000000000000284e+00 1.158419996500014287e-01
2.129999999999999893e+00 9.996220469474784154e-02
2.189999999999999947e+00 8.569185932477371703e-02
2.250000000000000000e+00 7.372610270977013325e-02
2.309999999999999609e+00 6.274084250132237750e-02
2.370000000000000107e+00 5.322160820166265544e-02
2.429999999999999716e+00 4.523731768131251940e-02
2.490000000000000213e+00 3.812387585639950144e-02
2.549999999999999822e+00 3.206022083759305086e-02
2.609999999999999876e+00 2.698215345541653612e-02
2.669999999999999929e+00 2.265597383181252103e-02
2.729999999999999538e+00 1.890013615290322274e-02
2.790000000000000036e+00 1.580764849980670697e-02
2.849999999999999645e+00 1.310917238394418254e-02
2.910000000000000142e+00 1.082569360733031186e-02
2.969999999999999751e+00 8.978694677352896600e-03
3.030000000000000249e+00 7.339566946029656147e-03
3.089999999999999858e+00 6.056825319925938228e-03
3.149999999999999911e+00 4.963949322700532581e-03
3.209999999999999964e+00 4.017601410547889072e-03
3.269999999999999574e+00 3.275275230407711808e-03
3.330000000000000071e+00 2.719337741533912889e-03
3.389999999999999680e+00 2.207607030868528105e-03
3.450000000000000178e+00 1.783420642216998735e-03
3.509999999999999787e+00 1.465032498041787508e-03
3.569999999999999840e+00 1.164401570955919934e-03
3.629999999999999893e+00 9.588897228240958123e-04
3.689999999999999503e+00 7.479141155878695933e-04
3.750000000000000000e+00 6.093333164850864986e-04
3.809999999999999609e+00 4.782030979792272862e-04
3.870000000000000107e+00 3.951291243235266568e-04
3.929999999999999716e+00 3.022452195485430052e-04
3.989999999999999769e+00 2.595285574595150449e-04
4.049999999999999822e+00 1.954535643259668162e-04
4.109999999999999432e+00 1.496324936548878483e-04
4.169999999999999929e+00 1.262873411178578296e-04
4.230000000000000426e+00 9.971360365549788811e-05
4.290000000000000036e+00 8.021791776021254755e-05
4.349999999999999645e+00 6.531675656636598906e-05
4.410000000000000142e+00 4.991888999938997370e-05
4.469999999999999751e+00 4.197160402933721726e-05
4.529999999999999361e+00 3.104408582051615607e-05
4.589999999999999858e+00 2.471109231313049220e-05
4.650000000000000355e+00 1.763304074605317396e-05
4.709999999999999964e+00 1.663962999979641170e-05
4.769999999999999574e+00 1.092751820882168630e-05
4.830000000000000071e+00 8.071462313334199087e-06
4.889999999999999680e+00 7.450580596923766292e-06
4.949999999999999289e+00 4.594524701436390888e-06
5.009999999999999787e+00 2.856055895487443590e-06
5.070000000000000284e+00 2.110997835795098470e-06
5.129999999999999893e+00 3.476937611897757800e-06
5.189999999999999503e+00 1.490116119384775366e-06
5.250000000000000000e+00 1.614292462666839944e-06
5.309999999999999609e+00 9.934107462565022287e-07
5.369999999999999218e+00 1.614292462666839944e-06
5.429999999999999716e+00 9.934107462565022287e-07
5.490000000000000213e+00 1.241763432820646050e-07
5.549999999999999822e+00 3.725290298461883358e-07
5.609999999999999432e+00 2.483526865641292100e-07
5.669999999999999929e+00 3.725290298461883358e-07
5.730000000000000426e+00 0.000000000000000000e+00
5.789999999999999147e+00 1.241763432820646050e-07
5.849999999999999645e+00 0.000000000000000000e+00
5.910000000000000142e+00 2.483526865641292100e-07
5.969999999999999751e+00 0.000000000000000000e+00
