2.999999999999999889e-02 9.624138546169835884e-02
8.999999999999999667e-02 1.622193815476153100e-01
1.499999999999999944e-01 2.416521328810761204e-01
2.099999999999999922e-01 3.231655830380736338e-01
2.700000000000000178e-01 4.037843426350579690e-01
3.299999999999999600e-01 4.800607796514589354e-01
3.900000000000000133e-01 5.496439875387449936e-01
4.499999999999999556e-01 6.114958520593434255e-01
5.100000000000000089e-01 6.630671570430229922e-01
5.700000000000000622e-01 7.039847525754434621e-01
6.299999999999998934e-01 7.345421915343077757e-01
6.899999999999999467e-01 7.544120208999410826e-01
7.500000000000000000e-01 7.627296007876309680e-01
8.100000000000000533e-01 7.617404120296774606e-01
8.699999999999998845e-01 7.520825968589586186e-01
9.299999999999999378e-01 7.332637960706926972e-01
9.899999999999999911e-01 7.084971967475894861e-01
1.050000000000000044e+00 6.774945855947422935e-01
1.109999999999999876e+00 6.424776015863655765e-01
1.169999999999999929e+00 6.042958592695181208e-01
1.229999999999999982e+00 5.641310207356832196e-01
1.290000000000000036e+00 5.228695809061560951e-01
1.349999999999999867e+00 4.807235088004925827e-01
1.409999999999999920e+00 4.402389161803240136e-01
1.469999999999999973e+00 3.997789104763085355e-01
1.530000000000000027e+00 3.613596188129949982e-01
1.589999999999999858e+00 3.243931903769074476e-01
1.649999999999999911e+00 2.901920449499687527e-01
1.709999999999999964e+00 2.580583114777377229e-01
1.770000000000000018e+00 2.285312878231061384e-01
1.829999999999999849e+00 2.011934931168467000e-01
1.889999999999999902e+00 1.764100058109311919e-01
1.949999999999999956e+00 1.538712542792501636e-01
2.009999999999999787e+00 1.338571320016467281e-01
2.070000000000000284e+00 1.160364606681201366e-01
2.129999999999999893e+00 9.982846751681309638e-02
2.189999999999999947e+00 8.581678136550031921e-02
2.250000000000000000e+00 7.350221331046673245e-02
2.309999999999999609e+00 6.284204668930698512e-02
2.370000000000000107e+00 5.349852184577669895e-02
2.429999999999999716e+00 4.534572396684972972e-02
2.490000000000000213e+00 3.840141026974771415e-02
2.549999999999999822e+00 3.213360929588679471e-02
2.609999999999999876e+00 2.700500210378338137e-02
2.669999999999999929e+00 2.255154169513438542e-02
2.729999999999999538e+00 1.889194065500253428e-02
2.790000000000000036e+00 1.576070995947252695e-02
2.849999999999999645e+00 1.301181822775664479e-02
2.910000000000000142e+00 1.080793647076637963e-02
2.969999999999999751e+00 8.959323234553054002e-03
3.030000000000000249e+00 7.408360695404508402e-03
3.089999999999999858e+00 6.081784810238461195e-03
3.149999999999999911e+00 4.957368013441853724e-03
3.209999999999999964e+00 4.068265388917910626e-03
3.269999999999999574e+00 3.325194145181728251e-03
3.330000000000000071e+00 2.701208015540299164e-03
3.389999999999999680e+00 2.207482870972275399e-03
3.450000000000000178e+00 1.769885433985927828e-03
3.509999999999999787e+00 1.451248934750125645e-03
3.569999999999999840e+00 1.187125850621314517e-03
3.629999999999999893e+00 9.500732095296663586e-04
3.689999999999999503e+00 7.492800609465438818e-04
3.750000000000000000e+00 6.038695618798545347e-04
3.809999999999999609e+00 4.917383230607082038e-04
3.870000000000000107e+00 3.871818412382041020e-04
3.929999999999999716e+00 3.101925078297094237e-04
3.989999999999999769e+00 2.387911099105426334e-04
4.049999999999999822e+00 1.997997378294630701e-04
4.109999999999999432e+00 1.537303141285760769e-04
4.169999999999999929e+00 1.221895226999326586e-04
4.230000000000000426e+00 8.866190976397683710e-05
4.290000000000000036e+00 8.021791835788261366e-05
4.349999999999999645e+00 6.097058500575998086e-05
4.410000000000000142e+00 4.433095488198841855e-05
4.469999999999999751e+00 3.923972476949057279e-05
4.529999999999999361e+00 2.942979357711836158e-05
4.589999999999999858e+00 2.197921292468300614e-05
4.650000000000000355e+00 2.024074410578182605e-05
4.709999999999999964e+00 1.390775055121184796e-05
4.769999999999999574e+00 1.179675269968879524e-05
4.830000000000000071e+00 1.005828388078728820e-05
4.889999999999999680e+00 7.450580652434917523e-06
4.949999999999999289e+00 5.215406456704519431e-06
5.009999999999999787e+00 3.352761293595712758e-06
5.070000000000000284e+00 2.235174195730508206e-06
5.129999999999999893e+00 2.235174195730475172e-06
5.189999999999999503e+00 1.490116130487005612e-06
5.250000000000000000e+00 1.614292474694256115e-06
5.309999999999999609e+00 6.208817210362431975e-07
5.369999999999999218e+00 1.117587097865254103e-06
5.429999999999999716e+00 3.725290326217458973e-07
5.490000000000000213e+00 6.208817210362524090e-07
5.549999999999999822e+00 2.483526884144973002e-07
5.609999999999999432e+00 2.483526884145009530e-07
5.669999999999999929e+00 4.967053768289946003e-07
5.730000000000000426e+00 3.725290326217514030e-07
5.789999999999999147e+00 2.483526884145009530e-07
5.849999999999999645e+00 0.000000000000000000e+00
5.910000000000000142e+00 0.000000000000000000e+00
5.969999999999999751e+00 1.241763442072486501e-07
