2.999999999999999889e-02 9.622536599636077881e-02
8.999999999999999667e-02 1.619464407364527569e-01
1.499999999999999944e-01 2.415662010510762625e-01
2.099999999999999922e-01 3.231919060150782452e-01
2.700000000000000178e-01 4.035342484712600708e-01
3.299999999999999600e-01 4.801583786805471155e-01
3.900000000000000133e-01 5.493717888991038745e-01
4.499999999999999556e-01 6.103796263535817834e-01
5.100000000000000089e-01 6.628479808568948917e-01
5.700000000000000622e-01 7.042665034532553658e-01
6.299999999999998934e-01 7.349466284116116244e-01
6.899999999999999467e-01 7.544493923584613126e-01
7.500000000000000000e-01 7.628109306097023978e-01
8.100000000000000533e-01 7.617135842641201693e-01
8.699999999999998845e-01 7.518552243709571981e-01
9.299999999999999378e-01 7.340335597594572770e-01
9.899999999999999911e-01 7.080934941768639579e-01
1.050000000000000044e+00 6.780513872702910172e-01
1.109999999999999876e+00 6.431322544813173891e-01
1.169999999999999929e+00 6.049680213133488138e-01
1.229999999999999982e+00 5.643109480539952871e-01
1.290000000000000036e+00 5.226033429304773881e-01
1.349999999999999867e+00 4.812667767206823544e-01
1.409999999999999920e+00 4.398786773284272256e-01
1.469999999999999973e+00 3.999873995780941494e-01
1.530000000000000027e+00 3.611964484055834035e-01
1.589999999999999858e+00 3.246321032444645094e-01
1.649999999999999911e+00 2.901867032051083650e-01
1.709999999999999964e+00 2.580448985099790260e-01
1.770000000000000018e+00 2.283830195665365881e-01
1.829999999999999849e+00 2.008659144242602723e-01
1.889999999999999902e+00 1.763431976238885035e-01
1.949999999999999956e+00 1.539385567108788599e-01
2.009999999999999787e+00 1.337728152672448545e-01
2.070000000000000284e+00 1.159598429997761027e-01
2.129999999999999893e+00 9.990930557250968236e-02
2.189999999999999947e+00 8.581727743148859222e-02
2.250000000000000000e+00 7.350295782089226460e-02
2.309999999999999609e+00 6.282950441042577105e-02
2.370000000000000107e+00 5.335273842016851481e-02
2.429999999999999716e+00 4.528003434340155398e-02
2.490000000000000213e+00 3.822669386863705027e-02
2.549999999999999822e+00 3.217197954654690828e-02
2.609999999999999876e+00 2.704635262489336542e-02
2.669999999999999929e+00 2.268652121225990873e-02
2.729999999999999538e+00 1.882649958133695775e-02
2.790000000000000036e+00 1.575052738189695878e-02
2.849999999999999645e+00 1.306248207887012597e-02
2.910000000000000142e+00 1.082656284173328688e-02
2.969999999999999751e+00 8.961434165636690888e-03
3.030000000000000249e+00 7.332861423492424702e-03
3.089999999999999858e+00 6.064275900522862056e-03
3.149999999999999911e+00 4.922226071357759143e-03
3.209999999999999964e+00 4.078696171442663596e-03
3.269999999999999574e+00 3.301973144213355815e-03
3.330000000000000071e+00 2.678732077280678026e-03
3.389999999999999680e+00 2.167125542958575450e-03
3.450000000000000178e+00 1.783172289530434535e-03
3.509999999999999787e+00 1.408532261848448406e-03
3.569999999999999840e+00 1.160552104314175811e-03
3.629999999999999893e+00 9.269764026006054513e-04
3.689999999999999503e+00 7.451822360356642619e-04
3.750000000000000000e+00 6.025036176045730617e-04
3.809999999999999609e+00 4.789481560389196690e-04
3.870000000000000107e+00 3.750125567118323751e-04
3.929999999999999716e+00 3.051012754440304907e-04
3.989999999999999769e+00 2.405295769373591477e-04
4.049999999999999822e+00 1.904865105946842822e-04
4.109999999999999432e+00 1.629193623860687745e-04
4.169999999999999929e+00 1.205752293268829535e-04
4.230000000000000426e+00 9.623666604360007907e-05
4.290000000000000036e+00 7.388492425282734786e-05
4.349999999999999645e+00 6.183981895446818001e-05
4.410000000000000142e+00 4.768371582031281171e-05
4.469999999999999751e+00 3.948807716369596380e-05
4.529999999999999361e+00 3.116826216379821535e-05
4.589999999999999858e+00 2.334515253702780280e-05
4.650000000000000355e+00 1.626710096995046423e-05
4.709999999999999964e+00 1.614292462666816100e-05
4.769999999999999574e+00 1.117587089538581503e-05
4.830000000000000071e+00 9.313225746154846143e-06
4.889999999999999680e+00 6.581346193949326736e-06
4.949999999999999289e+00 5.215406417846713569e-06
5.009999999999999787e+00 2.980232238769506686e-06
5.070000000000000284e+00 4.842877388000519621e-06
5.129999999999999893e+00 1.738468805948878900e-06
5.189999999999999503e+00 2.359350522359227627e-06
5.250000000000000000e+00 1.117587089538581419e-06
5.309999999999999609e+00 1.241763432820627786e-06
5.369999999999999218e+00 1.614292462666839944e-06
5.429999999999999716e+00 4.967053731282511143e-07
5.490000000000000213e+00 4.967053731282584200e-07
5.549999999999999822e+00 1.241763432820627786e-07
5.609999999999999432e+00 1.241763432820646050e-07
5.669999999999999929e+00 0.000000000000000000e+00
5.730000000000000426e+00 1.241763432820646050e-07
5.789999999999999147e+00 1.241763432820646050e-07
5.849999999999999645e+00 0.000000000000000000e+00
5.910000000000000142e+00 1.241763432820646050e-07
5.969999999999999751e+00 0.000000000000000000e+00
