2.999999999999999889e-02 9.623194805953862174e-02
8.999999999999999667e-02 1.618197820719563806e-01
1.499999999999999944e-01 2.417683619392541061e-01
2.099999999999999922e-01 3.230584188530228329e-01
2.700000000000000178e-01 4.033071329442695085e-01
3.299999999999999600e-01 4.799512561158681412e-01
3.900000000000000133e-01 5.495504827515569346e-01
4.499999999999999556e-01 6.107151553833123359e-01
5.100000000000000089e-01 6.627532392448670651e-01
5.700000000000000622e-01 7.048347396515421970e-01
6.299999999999998934e-01 7.346540744204383966e-01
6.899999999999999467e-01 7.543408678547103285e-01
7.500000000000000000e-01 7.629872667018611221e-01
8.100000000000000533e-01 7.616074191650314962e-01
8.699999999999998845e-01 7.523761497366645568e-01
9.299999999999999378e-01 7.334742749741239853e-01
9.899999999999999911e-01 7.087552351908521509e-01
1.050000000000000044e+00 6.781954368814480105e-01
1.109999999999999876e+00 6.421713827215504988e-01
1.169999999999999929e+00 6.044729347363575478e-01
1.229999999999999982e+00 5.643037500304755039e-01
1.290000000000000036e+00 5.230649102955940988e-01
1.349999999999999867e+00 4.812236911149593288e-01
1.409999999999999920e+00 4.400156471134393787e-01
1.469999999999999973e+00 3.998865713667362209e-01
1.530000000000000027e+00 3.610915220858515462e-01
1.589999999999999858e+00 3.249287629494732599e-01
1.649999999999999911e+00 2.900470069799346295e-01
1.709999999999999964e+00 2.580524751895599822e-01
1.770000000000000018e+00 2.285546329758171014e-01
1.829999999999999849e+00 2.011972184071729175e-01
1.889999999999999902e+00 1.759452137545634842e-01
1.949999999999999956e+00 1.538706333975291551e-01
2.009999999999999787e+00 1.337837437822202435e-01
2.070000000000000284e+00 1.159602163927768853e-01
2.129999999999999893e+00 1.000621673966111402e-01
2.189999999999999947e+00 8.563511137392509909e-02
2.250000000000000000e+00 7.361012255358284628e-02
2.309999999999999609e+00 6.267080751064520172e-02
2.370000000000000107e+00 5.328891217675486847e-02
2.429999999999999716e+00 4.527072145494855787e-02
2.490000000000000213e+00 3.827425369327949051e-02
2.549999999999999822e+00 3.210318609155602548e-02
2.609999999999999876e+00 2.710707505872174058e-02
2.669999999999999929e+00 2.260829028443709851e-02
2.729999999999999538e+00 1.895129694753359614e-02
2.790000000000000036e+00 1.575350773150850647e-02
2.849999999999999645e+00 1.298598954816153513e-02
2.910000000000000142e+00 1.080073424280235742e-02
2.969999999999999751e+00 8.936723139907336300e-03
3.030000000000000249e+00 7.357572570623743292e-03
3.089999999999999858e+00 5.981077795086381724e-03
3.149999999999999911e+00 5.006541845747924588e-03
3.209999999999999964e+00 4.072984089997785245e-03
3.269999999999999574e+00 3.316377624743013959e-03
3.330000000000000071e+00 2.703567366080237341e-03
3.389999999999999680e+00 2.186248716112835708e-03
3.450000000000000178e+00 1.819928500701449440e-03
3.509999999999999787e+00 1.434857657314768690e-03
3.569999999999999840e+00 1.146520186065543663e-03
3.629999999999999893e+00 9.180357127241959474e-04
3.689999999999999503e+00 7.582207577294657486e-04
3.750000000000000000e+00 6.123135532859475113e-04
3.809999999999999609e+00 4.768371617558382451e-04
3.870000000000000107e+00 3.941357165138100827e-04
3.929999999999999716e+00 3.065913938476991295e-04
3.989999999999999769e+00 2.463658669071849437e-04
4.049999999999999822e+00 1.921008044886136456e-04
4.109999999999999432e+00 1.532336087517470783e-04
4.169999999999999929e+00 1.226862280767616572e-04
4.230000000000000426e+00 9.424984525330309872e-05
4.290000000000000036e+00 7.525086458959266808e-05
4.349999999999999645e+00 6.084640866155273121e-05
4.410000000000000142e+00 4.706283445454793131e-05
4.469999999999999751e+00 3.762543229479633404e-05
4.529999999999999361e+00 3.029902798656911595e-05
4.589999999999999858e+00 2.483526884144972790e-05
4.650000000000000355e+00 1.701215915639331467e-05
4.709999999999999964e+00 1.539786668169883198e-05
4.769999999999999574e+00 1.167257635548154559e-05
4.830000000000000071e+00 7.823109685056779146e-06
4.889999999999999680e+00 6.332993554569679937e-06
4.949999999999999289e+00 5.587935489326270940e-06
5.009999999999999787e+00 3.104408605181215987e-06
5.070000000000000284e+00 4.097819358839265751e-06
5.129999999999999893e+00 1.862645163108729381e-06
5.189999999999999503e+00 1.862645163108756909e-06
5.250000000000000000e+00 1.241763442072504818e-06
5.309999999999999609e+00 6.208817210362431975e-07
5.369999999999999218e+00 1.614292474694256115e-06
5.429999999999999716e+00 3.725290326217458973e-07
5.490000000000000213e+00 2.483526884145009530e-07
5.549999999999999822e+00 4.967053768289946003e-07
5.609999999999999432e+00 2.483526884145009530e-07
5.669999999999999929e+00 0.000000000000000000e+00
5.730000000000000426e+00 1.241763442072504765e-07
5.789999999999999147e+00 0.000000000000000000e+00
5.849999999999999645e+00 0.000000000000000000e+00
5.910000000000000142e+00 0.000000000000000000e+00
5.969999999999999751e+00 1.241763442072486501e-07
