2.999999999999999889e-02 9.646552376299245835e-02
8.999999999999999667e-02 1.620626710012257610e-01
1.499999999999999944e-01 2.417056528854294728e-01
2.099999999999999922e-01 3.232665384059141278e-01
2.700000000000000178e-01 4.038232098307948381e-01
3.299999999999999600e-01 4.800935622063296493e-01
3.900000000000000133e-01 5.494055689578670743e-01
4.499999999999999556e-01 6.111320153708160730e-01
5.100000000000000089e-01 6.632626106088052031e-01
5.700000000000000622e-01 7.041821929627329890e-01
6.299999999999998934e-01 7.348736181969969250e-01
6.899999999999999467e-01 7.533500648042805725e-01
7.500000000000000000e-01 7.631640938160121346e-01
8.100000000000000533e-01 7.619285391911514438e-01
8.699999999999998845e-01 7.518903718781257961e-01
9.299999999999999378e-01 7.334097032751362155e-01
9.899999999999999911e-01 7.083248399818297125e-01
1.050000000000000044e+00 6.773656905494551683e-01
1.109999999999999876e+00 6.426089801585368466e-01
1.169999999999999929e+00 6.045054689385398472e-01
1.229999999999999982e+00 5.642153364733998311e-01
1.290000000000000036e+00 5.230587014783836253e-01
1.349999999999999867e+00 4.809297657082207689e-01
1.409999999999999920e+00 4.402266227222474959e-01
1.469999999999999973e+00 4.003169665757585483e-01
1.530000000000000027e+00 3.611066715998448307e-01
1.589999999999999858e+00 3.245341305275826760e-01
1.649999999999999911e+00 2.898806106786969705e-01
1.709999999999999964e+00 2.577440211505491741e-01
1.770000000000000018e+00 2.282053249195621081e-01
1.829999999999999849e+00 2.008263036670258628e-01
1.889999999999999902e+00 1.765451096734287073e-01
1.949999999999999956e+00 1.539841305761345536e-01
2.009999999999999787e+00 1.338737716317704995e-01
2.070000000000000284e+00 1.158940304013144212e-01
2.129999999999999893e+00 1.001119621106382473e-01
2.189999999999999947e+00 8.586992884082102206e-02
2.250000000000000000e+00 7.347924068678840515e-02
2.309999999999999609e+00 6.279088603549359826e-02
2.370000000000000107e+00 5.353937586302088408e-02
2.429999999999999716e+00 4.519472553229372108e-02
2.490000000000000213e+00 3.832156488042245263e-02
2.549999999999999822e+00 3.220699751531327926e-02
2.609999999999999876e+00 2.703840554037513152e-02
2.669999999999999929e+00 2.265771246943158387e-02
2.729999999999999538e+00 1.894111448730860514e-02
2.790000000000000036e+00 1.567540081100214644e-02
2.849999999999999645e+00 1.303801943638437447e-02
2.910000000000000142e+00 1.087908951599713368e-02
2.969999999999999751e+00 8.972858456071645950e-03
3.030000000000000249e+00 7.393832063132260192e-03
3.089999999999999858e+00 6.091967270463455666e-03
3.149999999999999911e+00 4.978229639268671666e-03
3.209999999999999964e+00 4.070500563113640252e-03
3.269999999999999574e+00 3.327056790344836996e-03
3.330000000000000071e+00 2.695868432739387862e-03
3.389999999999999680e+00 2.202888346236607162e-03
3.450000000000000178e+00 1.772120608181658322e-03
3.509999999999999787e+00 1.446778586358664657e-03
3.569999999999999840e+00 1.160055407584133875e-03
3.629999999999999893e+00 9.469688009244850088e-04
3.689999999999999503e+00 7.352481340511245623e-04
3.750000000000000000e+00 6.037453855356472851e-04
3.809999999999999609e+00 4.876405037018689652e-04
3.870000000000000107e+00 3.732740906869921405e-04
3.929999999999999716e+00 3.098199787970876747e-04
3.989999999999999769e+00 2.459933378745631947e-04
4.049999999999999822e+00 1.953293894380021096e-04
4.109999999999999432e+00 1.606841894041821119e-04
4.169999999999999929e+00 1.219411700115181592e-04
4.230000000000000426e+00 9.723007751427711757e-05
4.290000000000000036e+00 8.332232696306384151e-05
4.349999999999999645e+00 6.121893769417448695e-05
4.410000000000000142e+00 5.252659359966694327e-05
4.469999999999999751e+00 3.799796132741808301e-05
4.529999999999999361e+00 2.905726454449660922e-05
4.589999999999999858e+00 1.949568604053803674e-05
4.650000000000000355e+00 1.639127743535706300e-05
4.709999999999999964e+00 1.378357420700459831e-05
4.769999999999999574e+00 1.192092904389604490e-05
4.830000000000000071e+00 1.080334194603079122e-05
4.889999999999999680e+00 8.816520438714652727e-06
4.949999999999999289e+00 4.967053768290019272e-06
5.009999999999999787e+00 3.973643014631956803e-06
5.070000000000000284e+00 4.842877424082767922e-06
5.129999999999999893e+00 1.490116130486983589e-06
5.189999999999999503e+00 1.490116130487005612e-06
5.250000000000000000e+00 2.731879572559510642e-06
5.309999999999999609e+00 9.934107536579892007e-07
5.369999999999999218e+00 7.450580652435028061e-07
5.429999999999999716e+00 9.934107536579892007e-07
5.490000000000000213e+00 3.725290326217514030e-07
5.549999999999999822e+00 6.208817210362431975e-07
5.609999999999999432e+00 3.725290326217514030e-07
5.669999999999999929e+00 6.208817210362431975e-07
5.730000000000000426e+00 0.000000000000000000e+00
5.789999999999999147e+00 0.000000000000000000e+00
5.849999999999999645e+00 0.000000000000000000e+00
5.910000000000000142e+00 0.000000000000000000e+00
5.969999999999999751e+00 2.483526884144973002e-07
