2.999999999999999889e-02 9.599042578523993285e-02
8.999999999999999667e-02 1.618251228604483949e-01
1.499999999999999944e-01 2.414302315527732112e-01
2.099999999999999922e-01 3.234064875554018559e-01
2.700000000000000178e-01 4.035685271556456177e-01
3.299999999999999600e-01 4.796529881107756133e-01
3.900000000000000133e-01 5.492364448691872125e-01
4.499999999999999556e-01 6.106610190470173061e-01
5.100000000000000089e-01 6.625060090796048851e-01
5.700000000000000622e-01 7.040098414422554240e-01
6.299999999999998934e-01 7.343721995905873046e-01
6.899999999999999467e-01 7.544007264733416651e-01
7.500000000000000000e-01 7.633826498694609164e-01
8.100000000000000533e-01 7.618616138179351571e-01
8.699999999999998845e-01 7.526305926734800922e-01
9.299999999999999378e-01 7.342552254734712180e-01
9.899999999999999911e-01 7.086236135456497331e-01
1.050000000000000044e+00 6.781954419343978469e-01
1.109999999999999876e+00 6.428475277053463666e-01
1.169999999999999929e+00 6.042578658102626399e-01
1.229999999999999982e+00 5.645815367189273015e-01
1.290000000000000036e+00 5.231760520216248711e-01
1.349999999999999867e+00 4.808814646931703352e-01
1.409999999999999920e+00 4.402320897613773432e-01
1.469999999999999973e+00 4.000090122224240208e-01
1.530000000000000027e+00 3.613948875873515543e-01
1.589999999999999858e+00 3.248805849484698860e-01
1.649999999999999911e+00 2.902921332462446991e-01
1.709999999999999964e+00 2.576990712339539136e-01
1.770000000000000018e+00 2.285080685492571761e-01
1.829999999999999849e+00 2.011993309040762679e-01
1.889999999999999902e+00 1.763079341695893143e-01
1.949999999999999956e+00 1.537705484097779685e-01
2.009999999999999787e+00 1.339512586685704665e-01
2.070000000000000284e+00 1.158367859696862040e-01
2.129999999999999893e+00 9.964270044827502892e-02
2.189999999999999947e+00 8.560518551277949972e-02
2.250000000000000000e+00 7.338076939256138465e-02
2.309999999999999609e+00 6.254141622595109362e-02
2.370000000000000107e+00 5.342873513840732530e-02
2.429999999999999716e+00 4.527717896218860089e-02
2.490000000000000213e+00 3.828990019793159644e-02
2.549999999999999822e+00 3.221308239618560915e-02
2.609999999999999876e+00 2.697097798642003955e-02
2.669999999999999929e+00 2.256569796650156542e-02
2.729999999999999538e+00 1.896532901573173141e-02
2.790000000000000036e+00 1.563628537907626667e-02
2.849999999999999645e+00 1.308769007157816432e-02
2.910000000000000142e+00 1.083835975584922749e-02
2.969999999999999751e+00 8.931011094615019796e-03
3.030000000000000249e+00 7.339194526362330731e-03
3.089999999999999858e+00 6.078059565197316272e-03
3.149999999999999911e+00 4.917383267244479148e-03
3.209999999999999964e+00 3.971159517335285001e-03
3.269999999999999574e+00 3.301849017071457892e-03
3.330000000000000071e+00 2.697234392621629829e-03
3.389999999999999680e+00 2.182026736667155332e-03
3.450000000000000178e+00 1.743311709314260965e-03
3.509999999999999787e+00 1.437341194907940014e-03
3.569999999999999840e+00 1.167257644244901671e-03
3.629999999999999893e+00 9.264797110331006880e-04
3.689999999999999503e+00 7.464240105910693434e-04
3.750000000000000000e+00 6.074706803878741164e-04
3.809999999999999609e+00 4.747261674413006467e-04
3.870000000000000107e+00 3.784894999636632170e-04
3.929999999999999716e+00 3.139178004947967881e-04
3.989999999999999769e+00 2.409021095569264972e-04
4.049999999999999822e+00 2.051393221587818178e-04
4.109999999999999432e+00 1.605600142562401984e-04
4.169999999999999929e+00 1.206994074687263397e-04
4.230000000000000426e+00 9.884437072541933439e-05
4.290000000000000036e+00 7.078051672548767138e-05
4.349999999999999645e+00 5.948046931843701125e-05
4.410000000000000142e+00 4.681448211492850116e-05
4.469999999999999751e+00 3.601114008840600872e-05
4.529999999999999361e+00 3.427267125655243110e-05
4.589999999999999858e+00 2.272427115923551194e-05
4.650000000000000355e+00 1.614292486721672243e-05
4.709999999999999964e+00 1.502533776102457584e-05
4.769999999999999574e+00 1.204510547784632520e-05
4.830000000000000071e+00 7.698933398211052994e-06
4.889999999999999680e+00 5.960464566356857036e-06
4.949999999999999289e+00 6.084640911489380920e-06
5.009999999999999787e+00 3.601114008840600703e-06
5.070000000000000284e+00 2.235174212383853999e-06
5.129999999999999893e+00 3.228584973443297138e-06
5.189999999999999503e+00 1.614292486721672498e-06
5.250000000000000000e+00 1.241763451324363639e-06
5.309999999999999609e+00 8.692344159270415452e-07
5.369999999999999218e+00 4.967053805297453920e-07
5.429999999999999716e+00 6.208817256621726079e-07
5.490000000000000213e+00 6.208817256621818194e-07
5.549999999999999822e+00 0.000000000000000000e+00
5.609999999999999432e+00 3.725290353973090705e-07
5.669999999999999929e+00 2.483526902648690432e-07
5.730000000000000426e+00 0.000000000000000000e+00
5.789999999999999147e+00 1.241763451324363480e-07
5.849999999999999645e+00 0.000000000000000000e+00
5.910000000000000142e+00 1.241763451324363480e-07
5.969999999999999751e+00 1.241763451324345216e-07
