2.999999999999999889e-02 9.631228943665823272e-02
8.999999999999999667e-02 1.617175837357839041e-01
1.499999999999999944e-01 2.416269232829411917e-01
2.099999999999999922e-01 3.234857072432836267e-01
2.700000000000000178e-01 4.035421957572301599e-01
3.299999999999999600e-01 4.794134447971979962e-01
3.900000000000000133e-01 5.494195967912673950e-01
4.499999999999999556e-01 6.114122768243154260e-01
5.100000000000000089e-01 6.628720710674915750e-01
5.700000000000000622e-01 7.042728364467627511e-01
6.299999999999998934e-01 7.345180958509451852e-01
6.899999999999999467e-01 7.542977730433139127e-01
7.500000000000000000e-01 7.632527500390999808e-01
8.100000000000000533e-01 7.620344559351610592e-01
8.699999999999998845e-01 7.519868512948361117e-01
9.299999999999999378e-01 7.338023434082660001e-01
9.899999999999999911e-01 7.085658609867089286e-01
1.050000000000000044e+00 6.776157766580576114e-01
1.109999999999999876e+00 6.426818668842333437e-01
1.169999999999999929e+00 6.045057127873096903e-01
1.229999999999999982e+00 5.638009558121358511e-01
1.290000000000000036e+00 5.231390396753962113e-01
1.349999999999999867e+00 4.814216246207551064e-01
1.409999999999999920e+00 4.399000356594717775e-01
1.469999999999999973e+00 4.000972956418987758e-01
1.530000000000000027e+00 3.612401584784186714e-01
1.589999999999999858e+00 3.247571488221495661e-01
1.649999999999999911e+00 2.902182439963020277e-01
1.709999999999999964e+00 2.579310288031893550e-01
1.770000000000000018e+00 2.284731715917593664e-01
1.829999999999999849e+00 2.006815125544864076e-01
1.889999999999999902e+00 1.763220876455305342e-01
1.949999999999999956e+00 1.535685112078983283e-01
2.009999999999999787e+00 1.338356484969455695e-01
2.070000000000000284e+00 1.157835125923155767e-01
2.129999999999999893e+00 1.000092675288517391e-01
2.189999999999999947e+00 8.583863576253311645e-02
2.250000000000000000e+00 7.355883717536919331e-02
2.309999999999999609e+00 6.284651656945540454e-02
2.370000000000000107e+00 5.338514844576513346e-02
2.429999999999999716e+00 4.530424873034155642e-02
2.490000000000000213e+00 3.817789256572719919e-02
2.549999999999999822e+00 3.209722538789110818e-02
2.609999999999999876e+00 2.703654269377408007e-02
2.669999999999999929e+00 2.259798347949979608e-02
2.729999999999999538e+00 1.894223193327584237e-02
2.790000000000000036e+00 1.574568450450895829e-02
2.849999999999999645e+00 1.309849321842192389e-02
2.910000000000000142e+00 1.083823541800180146e-02
2.969999999999999751e+00 8.943428595860791058e-03
3.030000000000000249e+00 7.402027646700534529e-03
3.089999999999999858e+00 6.072595715522760909e-03
3.149999999999999911e+00 5.004306634267203895e-03
3.209999999999999964e+00 4.018718997637427646e-03
3.269999999999999574e+00 3.313149015108741557e-03
3.330000000000000071e+00 2.723435560862220994e-03
3.389999999999999680e+00 2.186124523480731212e-03
3.450000000000000178e+00 1.749893029530841509e-03
3.509999999999999787e+00 1.435975233713784579e-03
3.569999999999999840e+00 1.162663102149970968e-03
3.629999999999999893e+00 9.460995594660433130e-04
3.689999999999999503e+00 7.612009843190503840e-04
3.750000000000000000e+00 6.138036648432407955e-04
3.809999999999999609e+00 4.914899667104081311e-04
3.870000000000000107e+00 3.868093093236284002e-04
3.929999999999999716e+00 3.055979808171587278e-04
3.989999999999999769e+00 2.510845661163346341e-04
4.049999999999999822e+00 1.921008030573511207e-04
4.109999999999999432e+00 1.497566699981699211e-04
4.169999999999999929e+00 1.200785239537547028e-04
4.230000000000000426e+00 9.636084238688213835e-05
4.290000000000000036e+00 7.773439089457129410e-05
4.349999999999999645e+00 5.898376305898068772e-05
4.410000000000000142e+00 4.991888999938997370e-05
4.469999999999999751e+00 3.849466641743946242e-05
4.529999999999999361e+00 2.942979335784931422e-05
4.589999999999999858e+00 2.284844716389954872e-05
4.650000000000000355e+00 1.887480417887382102e-05
4.709999999999999964e+00 1.316269238789865347e-05
4.769999999999999574e+00 1.080334186553962193e-05
4.830000000000000071e+00 7.947285970052134720e-06
4.889999999999999680e+00 5.712111790974887180e-06
4.949999999999999289e+00 5.339582761128777936e-06
5.009999999999999787e+00 4.718701044718384951e-06
5.070000000000000284e+00 2.235174179077162837e-06
5.129999999999999893e+00 1.986821492513004457e-06
5.189999999999999503e+00 1.490116119384775366e-06
5.250000000000000000e+00 1.490116119384775366e-06
5.309999999999999609e+00 3.725290298461883358e-07
5.369999999999999218e+00 1.241763432820646209e-06
5.429999999999999716e+00 1.117587089538564901e-06
5.490000000000000213e+00 7.450580596923876829e-07
5.549999999999999822e+00 4.967053731282511143e-07
5.609999999999999432e+00 6.208817164103231044e-07
5.669999999999999929e+00 3.725290298461883358e-07
5.730000000000000426e+00 2.483526865641292100e-07
5.789999999999999147e+00 0.000000000000000000e+00
5.849999999999999645e+00 2.483526865641255572e-07
5.910000000000000142e+00 0.000000000000000000e+00
5.969999999999999751e+00 0.000000000000000000e+00
