2.999999999999999889e-02 9.631651358517165362e-02
8.999999999999999667e-02 1.619640773973780312e-01
1.499999999999999944e-01 2.415111963291982078e-01
2.099999999999999922e-01 3.234390241676350919e-01
2.700000000000000178e-01 4.036547085466295481e-01
3.299999999999999600e-01 4.797346997201747953e-01
3.900000000000000133e-01 5.498534812248779824e-01
4.499999999999999556e-01 6.108186033799436476e-01
5.100000000000000089e-01 6.631023088294281109e-01
5.700000000000000622e-01 7.038990813868541974e-01
6.299999999999998934e-01 7.342029527024100943e-01
6.899999999999999467e-01 7.545336007843467252e-01
7.500000000000000000e-01 7.630036693489371524e-01
8.100000000000000533e-01 7.620522301854449898e-01
8.699999999999998845e-01 7.518600840537276175e-01
9.299999999999999378e-01 7.335964754282633393e-01
9.899999999999999911e-01 7.087983349442102954e-01
1.050000000000000044e+00 6.778578115024170847e-01
1.109999999999999876e+00 6.426644965608447890e-01
1.169999999999999929e+00 6.047252700788955382e-01
1.229999999999999982e+00 5.644764877366229561e-01
1.290000000000000036e+00 5.226217327107890442e-01
1.349999999999999867e+00 4.810679811477950318e-01
1.409999999999999920e+00 4.396775214798687159e-01
1.469999999999999973e+00 4.001991291885376723e-01
1.530000000000000027e+00 3.613735319484314701e-01
1.589999999999999858e+00 3.245921257171270891e-01
1.649999999999999911e+00 2.899304097130238622e-01
1.709999999999999964e+00 2.575662044636799486e-01
1.770000000000000018e+00 2.283009441065508849e-01
1.829999999999999849e+00 2.010837242249485235e-01
1.889999999999999902e+00 1.763265619350944668e-01
1.949999999999999956e+00 1.536618952526574433e-01
2.009999999999999787e+00 1.338843286160600887e-01
2.070000000000000284e+00 1.159337685590085265e-01
2.129999999999999893e+00 9.999486530809043039e-02
2.189999999999999947e+00 8.599808010951416615e-02
2.250000000000000000e+00 7.362204457968070381e-02
2.309999999999999609e+00 6.296783826428284381e-02
2.370000000000000107e+00 5.321527639760938871e-02
2.429999999999999716e+00 4.534113011774956042e-02
2.490000000000000213e+00 3.820707486039316009e-02
2.549999999999999822e+00 3.215372634277623154e-02
2.609999999999999876e+00 2.711042822399220217e-02
2.669999999999999929e+00 2.258407623384564578e-02
2.729999999999999538e+00 1.891106409380726577e-02
2.790000000000000036e+00 1.576580142451377425e-02
2.849999999999999645e+00 1.304137239200956443e-02
2.910000000000000142e+00 1.081066851143045425e-02
2.969999999999999751e+00 8.918593526550479267e-03
3.030000000000000249e+00 7.372846370825207954e-03
3.089999999999999858e+00 6.074458496446719265e-03
3.149999999999999911e+00 4.979098947872478802e-03
3.209999999999999964e+00 4.080186378761320454e-03
3.269999999999999574e+00 3.312404031087048863e-03
3.330000000000000071e+00 2.686058541572406561e-03
3.389999999999999680e+00 2.209966430787486686e-03
3.450000000000000178e+00 1.787270148807343492e-03
3.509999999999999787e+00 1.409153175061886656e-03
3.569999999999999840e+00 1.159807072178191704e-03
3.629999999999999893e+00 9.314467717782174512e-04
3.689999999999999503e+00 7.571031819133170566e-04
3.750000000000000000e+00 6.151696183694560548e-04
3.809999999999999609e+00 4.803141065508791997e-04
3.870000000000000107e+00 3.817180877811279273e-04
3.929999999999999716e+00 3.078331618768432340e-04
3.989999999999999769e+00 2.418955221202481059e-04
4.049999999999999822e+00 2.042700892647855530e-04
4.109999999999999432e+00 1.534819637272210897e-04
4.169999999999999929e+00 1.219411718285832259e-04
4.230000000000000426e+00 1.066674812634975058e-04
4.290000000000000036e+00 7.972121416899229204e-05
4.349999999999999645e+00 6.196399668275348962e-05
4.410000000000000142e+00 5.227824169025896227e-05
4.469999999999999751e+00 3.663202208699801993e-05
4.529999999999999361e+00 2.955397036171409009e-05
4.589999999999999858e+00 2.508362190363932120e-05
4.650000000000000355e+00 2.024074440739242345e-05
4.709999999999999964e+00 1.502533787297206698e-05
4.769999999999999574e+00 1.130004749124362258e-05
4.830000000000000071e+00 8.319815185860689527e-06
4.889999999999999680e+00 5.339582880477676850e-06
4.949999999999999289e+00 5.587935572593000328e-06
5.009999999999999787e+00 3.228584997498130326e-06
5.070000000000000284e+00 1.862645190864333372e-06
5.129999999999999893e+00 2.607703267210028308e-06
5.189999999999999503e+00 2.359350575094822568e-06
5.250000000000000000e+00 1.117587114518600108e-06
5.309999999999999609e+00 6.208817302881020184e-07
5.369999999999999218e+00 1.117587114518600108e-06
5.429999999999999716e+00 4.967053842304815724e-07
5.490000000000000213e+00 7.450580763457334758e-07
5.549999999999999822e+00 2.483526921152407862e-07
5.609999999999999432e+00 2.483526921152444390e-07
5.669999999999999929e+00 3.725290381728612322e-07
5.730000000000000426e+00 1.241763460576222195e-07
5.789999999999999147e+00 1.241763460576222195e-07
5.849999999999999645e+00 0.000000000000000000e+00
5.910000000000000142e+00 0.000000000000000000e+00
5.969999999999999751e+00 2.483526921152407862e-07
