2.999999999999999889e-02 9.618364346164198775e-02
8.999999999999999667e-02 1.614838850608757426e-01
1.499999999999999944e-01 2.415431060508621830e-01
2.099999999999999922e-01 3.230998937519880543e-01
2.700000000000000178e-01 4.035829286047538100e-01
3.299999999999999600e-01 4.803072696947102704e-01
3.900000000000000133e-01 5.488589446906666502e-01
4.499999999999999556e-01 6.107933864801629031e-01
5.100000000000000089e-01 6.626367618340006649e-01
5.700000000000000622e-01 7.043703201242069722e-01
6.299999999999998934e-01 7.345999335343641468e-01
6.899999999999999467e-01 7.539174265209634962e-01
7.500000000000000000e-01 7.638985968919980163e-01
8.100000000000000533e-01 7.624880777981493107e-01
8.699999999999998845e-01 7.516636258736033582e-01
9.299999999999999378e-01 7.342241759167915660e-01
9.899999999999999911e-01 7.085902048294007161e-01
1.050000000000000044e+00 6.779256016854856570e-01
1.109999999999999876e+00 6.431554802493929524e-01
1.169999999999999929e+00 6.043939585814417370e-01
1.229999999999999982e+00 5.646148117727146643e-01
1.290000000000000036e+00 5.227817882308015696e-01
1.349999999999999867e+00 4.813673631452071722e-01
1.409999999999999920e+00 4.397059513109865536e-01
1.469999999999999973e+00 3.996188471686253907e-01
1.530000000000000027e+00 3.613449660043784872e-01
1.589999999999999858e+00 3.242731118520589817e-01
1.649999999999999911e+00 2.903218092296653285e-01
1.709999999999999964e+00 2.581488360326648079e-01
1.770000000000000018e+00 2.285605934403390493e-01
1.829999999999999849e+00 2.010357891597034929e-01
1.889999999999999902e+00 1.762201401806383350e-01
1.949999999999999956e+00 1.540948958751674480e-01
2.009999999999999787e+00 1.334885766120396111e-01
2.070000000000000284e+00 1.158608753174110856e-01
2.129999999999999893e+00 1.000495014095020008e-01
2.189999999999999947e+00 8.574264808800859117e-02
2.250000000000000000e+00 7.339194471681069476e-02
2.309999999999999609e+00 6.277958598817075242e-02
2.370000000000000107e+00 5.337422132522524898e-02
2.429999999999999716e+00 4.518230789787299612e-02
2.490000000000000213e+00 3.812573878560761992e-02
2.549999999999999822e+00 3.216415667656177813e-02
2.609999999999999876e+00 2.703952312747299677e-02
2.669999999999999929e+00 2.261785186294105673e-02
2.729999999999999538e+00 1.887219661627358158e-02
2.790000000000000036e+00 1.565578094861740446e-02
2.849999999999999645e+00 1.309849331601330331e-02
2.910000000000000142e+00 1.083451020842673106e-02
2.969999999999999751e+00 8.933618731302153324e-03
3.030000000000000249e+00 7.348507697496613200e-03
3.089999999999999858e+00 6.030748332769281586e-03
3.149999999999999911e+00 4.980837342497023909e-03
3.209999999999999964e+00 4.063546687838034271e-03
3.269999999999999574e+00 3.284340127937543548e-03
3.330000000000000071e+00 2.680718918746103404e-03
3.389999999999999680e+00 2.185131129014970461e-03
3.450000000000000178e+00 1.788015180240186278e-03
3.509999999999999787e+00 1.429269721825442456e-03
3.569999999999999840e+00 1.177688448461563543e-03
3.629999999999999893e+00 9.316951105869933011e-04
3.689999999999999503e+00 7.515152351422743756e-04
3.750000000000000000e+00 6.310641812612422094e-04
3.809999999999999609e+00 4.912416176838792052e-04
3.870000000000000107e+00 3.807246713394271198e-04
3.929999999999999716e+00 3.186364992358023461e-04
3.989999999999999769e+00 2.481043357260864389e-04
4.049999999999999822e+00 1.903623356697121505e-04
4.109999999999999432e+00 1.562138410127210972e-04
4.169999999999999929e+00 1.208235829136529123e-04
4.230000000000000426e+00 9.760260654689886654e-05
4.290000000000000036e+00 7.698933340849416327e-05
4.349999999999999645e+00 6.208817210362524810e-05
4.410000000000000142e+00 4.619360004509717016e-05
4.469999999999999751e+00 4.221995703046453743e-05
4.529999999999999361e+00 2.471109249724284416e-05
4.589999999999999858e+00 2.533197421827871975e-05
4.650000000000000355e+00 1.912315700791657238e-05
4.709999999999999964e+00 1.527369033749158232e-05
4.769999999999999574e+00 9.437402159751036532e-06
4.830000000000000071e+00 9.809931192372787194e-06
4.889999999999999680e+00 6.705522587191425516e-06
4.949999999999999289e+00 4.346172047253766757e-06
5.009999999999999787e+00 3.973643014631956803e-06
5.070000000000000284e+00 4.221995703046516254e-06
5.129999999999999893e+00 2.359350539937723981e-06
5.189999999999999503e+00 1.365939786279755321e-06
5.250000000000000000e+00 3.849466670424764745e-06
5.309999999999999609e+00 1.365939786279734992e-06
5.369999999999999218e+00 9.934107536580038120e-07
5.429999999999999716e+00 7.450580652434917946e-07
5.490000000000000213e+00 3.725290326217514030e-07
5.549999999999999822e+00 1.241763442072486501e-07
5.609999999999999432e+00 4.967053768290019060e-07
5.669999999999999929e+00 0.000000000000000000e+00
5.730000000000000426e+00 0.000000000000000000e+00
5.789999999999999147e+00 0.000000000000000000e+00
5.849999999999999645e+00 0.000000000000000000e+00
5.910000000000000142e+00 1.241763442072504765e-07
5.969999999999999751e+00 0.000000000000000000e+00
