2.999999999999999889e-02 9.598036678617473394e-02
8.999999999999999667e-02 1.616795869793463958e-01
1.499999999999999944e-01 2.418005236124038115e-01
2.099999999999999922e-01 3.235161328577706996e-01
2.700000000000000178e-01 4.034622291981843634e-01
3.299999999999999600e-01 4.795341477756759896e-01
3.900000000000000133e-01 5.497043372420297169e-01
4.499999999999999556e-01 6.109089946566199636e-01
5.100000000000000089e-01 6.629308114170834321e-01
5.700000000000000622e-01 7.037037415085025671e-01
6.299999999999998934e-01 7.350212638702593448e-01
6.899999999999999467e-01 7.541696286760484202e-01
7.500000000000000000e-01 7.627063798112643234e-01
8.100000000000000533e-01 7.621314433375860897e-01
8.699999999999998845e-01 7.518452958651785645e-01
9.299999999999999378e-01 7.338351314303902528e-01
9.899999999999999911e-01 7.088533345027758781e-01
1.050000000000000044e+00 6.780506472641023574e-01
1.109999999999999876e+00 6.428462811523169007e-01
1.169999999999999929e+00 6.047181830161668659e-01
1.229999999999999982e+00 5.643884382972248481e-01
1.290000000000000036e+00 5.229583669922642786e-01
1.349999999999999867e+00 4.812714990074791754e-01
1.409999999999999920e+00 4.399058752251601701e-01
1.469999999999999973e+00 3.999014725280410909e-01
1.530000000000000027e+00 3.612075027913410619e-01
1.589999999999999858e+00 3.247727974611490098e-01
1.649999999999999911e+00 2.903770677028374991e-01
1.709999999999999964e+00 2.580795456325971626e-01
1.770000000000000018e+00 2.281026310829027404e-01
1.829999999999999849e+00 2.014105533665209724e-01
1.889999999999999902e+00 1.763578517463641471e-01
1.949999999999999956e+00 1.536358159306332183e-01
2.009999999999999787e+00 1.335632065949081682e-01
2.070000000000000284e+00 1.156937339581081275e-01
2.129999999999999893e+00 9.985119178780302307e-02
2.189999999999999947e+00 8.584968809671522649e-02
2.250000000000000000e+00 7.354294315136672422e-02
2.309999999999999609e+00 6.279076185914940489e-02
2.370000000000000107e+00 5.334603329509020331e-02
2.429999999999999716e+00 4.510035151069621134e-02
2.490000000000000213e+00 3.820086547385300596e-02
2.549999999999999822e+00 3.213112576900265666e-02
2.609999999999999876e+00 2.702896813821538055e-02
2.669999999999999929e+00 2.261983868444837273e-02
2.729999999999999538e+00 1.889877035393392954e-02
2.790000000000000036e+00 1.575164508634539773e-02
2.849999999999999645e+00 1.304795354392095444e-02
2.910000000000000142e+00 1.080470788581699114e-02
2.969999999999999751e+00 8.948395716262817767e-03
3.030000000000000249e+00 7.344534054481982079e-03
3.089999999999999858e+00 6.062537476886337498e-03
3.149999999999999911e+00 4.981706576906474657e-03
3.209999999999999964e+00 4.103034765295939662e-03
3.269999999999999574e+00 3.300731405372900502e-03
3.330000000000000071e+00 2.712880591895781065e-03
3.389999999999999680e+00 2.179419017181436977e-03
3.450000000000000178e+00 1.801177872726154741e-03
3.509999999999999787e+00 1.434857657314768690e-03
3.569999999999999840e+00 1.162663110812486118e-03
3.629999999999999893e+00 9.285907019818121682e-04
3.689999999999999503e+00 7.561097598779425045e-04
3.750000000000000000e+00 5.951772177853470588e-04
3.809999999999999609e+00 4.962086714521691914e-04
3.870000000000000107e+00 3.740191487522356384e-04
3.929999999999999716e+00 3.080815099781861253e-04
3.989999999999999769e+00 2.442548690556616995e-04
4.049999999999999822e+00 2.017865593367790375e-04
4.109999999999999432e+00 1.476456732624208167e-04
4.169999999999999929e+00 1.245488732398704020e-04
4.230000000000000426e+00 9.872019364476411344e-05
4.290000000000000036e+00 8.208056352099134495e-05
4.349999999999999645e+00 6.370246457831949362e-05
4.410000000000000142e+00 4.768371617558417959e-05
4.469999999999999751e+00 3.663202154113835035e-05
4.529999999999999361e+00 3.402431831278662934e-05
4.589999999999999858e+00 2.098580217102501906e-05
4.650000000000000355e+00 1.974403872895282404e-05
4.709999999999999964e+00 1.514951399328433266e-05
4.769999999999999574e+00 1.055498925761629021e-05
4.830000000000000071e+00 7.823109685056779146e-06
4.889999999999999680e+00 7.947286029263913606e-06
4.949999999999999289e+00 5.091230112497269775e-06
5.009999999999999787e+00 4.097819358839204765e-06
5.070000000000000284e+00 2.856055916766760721e-06
5.129999999999999893e+00 2.980232260973967179e-06
5.189999999999999503e+00 1.241763442072504818e-06
5.250000000000000000e+00 1.738468818901506618e-06
5.309999999999999609e+00 1.241763442072486395e-06
5.369999999999999218e+00 1.365939786279755321e-06
5.429999999999999716e+00 4.967053768289946003e-07
5.490000000000000213e+00 4.967053768290019060e-07
5.549999999999999822e+00 6.208817210362431975e-07
5.609999999999999432e+00 2.483526884145009530e-07
5.669999999999999929e+00 1.241763442072486501e-07
5.730000000000000426e+00 3.725290326217514030e-07
5.789999999999999147e+00 2.483526884145009530e-07
5.849999999999999645e+00 2.483526884144973002e-07
5.910000000000000142e+00 0.000000000000000000e+00
5.969999999999999751e+00 1.241763442072486501e-07
