2.999999999999999889e-02 9.613124462555450167e-02
8.999999999999999667e-02 1.617655230357731844e-01
1.499999999999999944e-01 2.414234090487692719e-01
2.099999999999999922e-01 3.234749183618738089e-01
2.700000000000000178e-01 4.037365497828968031e-01
3.299999999999999600e-01 4.794420267888816478e-01
3.900000000000000133e-01 5.496309694979525373e-01
4.499999999999999556e-01 6.108917569022666028e-01
5.100000000000000089e-01 6.625458894317989289e-01
5.700000000000000622e-01 7.039841579191762344e-01
6.299999999999998934e-01 7.350564331586560973e-01
6.899999999999999467e-01 7.539636482083434954e-01
7.500000000000000000e-01 7.637415422681657073e-01
8.100000000000000533e-01 7.624085091634429379e-01
8.699999999999998845e-01 7.516008206427472471e-01
9.299999999999999378e-01 7.336908658505363334e-01
9.899999999999999911e-01 7.085531024981429615e-01
1.050000000000000044e+00 6.782401656317779137e-01
1.109999999999999876e+00 6.427351672680023942e-01
1.169999999999999929e+00 6.047528507450001811e-01
1.229999999999999982e+00 5.644648277768659073e-01
1.290000000000000036e+00 5.224149907714883412e-01
1.349999999999999867e+00 4.807811445346981682e-01
1.409999999999999920e+00 4.403496978836616282e-01
1.469999999999999973e+00 3.999967306850875648e-01
1.530000000000000027e+00 3.611032081143498718e-01
1.589999999999999858e+00 3.245614614141649756e-01
1.649999999999999911e+00 2.902794759100438271e-01
1.709999999999999964e+00 2.582161492305263817e-01
1.770000000000000018e+00 2.281672112817815234e-01
1.829999999999999849e+00 2.009122411817815534e-01
1.889999999999999902e+00 1.764954457107135721e-01
1.949999999999999956e+00 1.538826842354939772e-01
2.009999999999999787e+00 1.337414046311011795e-01
2.070000000000000284e+00 1.159336469739814801e-01
2.129999999999999893e+00 9.985951532292176858e-02
2.189999999999999947e+00 8.572303141905562862e-02
2.250000000000000000e+00 7.356703610272860572e-02
2.309999999999999609e+00 6.278356197005532935e-02
2.370000000000000107e+00 5.333970228859440110e-02
2.429999999999999716e+00 4.521422290269532657e-02
2.490000000000000213e+00 3.814734689059910699e-02
2.549999999999999822e+00 3.208816194928413440e-02
2.609999999999999876e+00 2.704113842730860792e-02
2.669999999999999929e+00 2.276264232826121989e-02
2.729999999999999538e+00 1.894347454354796539e-02
2.790000000000000036e+00 1.571364771039697808e-02
2.849999999999999645e+00 1.308247505497074636e-02
2.910000000000000142e+00 1.083537984648553706e-02
2.969999999999999751e+00 8.948271873267715781e-03
3.030000000000000249e+00 7.334600220180554492e-03
3.089999999999999858e+00 6.003429760688874968e-03
3.149999999999999911e+00 4.967302306024865000e-03
3.209999999999999964e+00 4.047031384822138977e-03
3.269999999999999574e+00 3.314887632101715022e-03
3.330000000000000071e+00 2.708410344400468284e-03
3.389999999999999680e+00 2.151355243534827481e-03
3.450000000000000178e+00 1.764794269617140764e-03
3.509999999999999787e+00 1.455719337371358130e-03
3.569999999999999840e+00 1.166636797287726049e-03
3.629999999999999893e+00 9.246170934118512529e-04
3.689999999999999503e+00 7.624427818357194320e-04
3.750000000000000000e+00 6.044904661199156223e-04
3.809999999999999609e+00 4.738569471474112665e-04
3.870000000000000107e+00 3.878027374060182171e-04
3.929999999999999716e+00 3.077089924086177019e-04
3.989999999999999769e+00 2.483526976663599827e-04
4.049999999999999822e+00 1.853952888079349879e-04
4.109999999999999432e+00 1.502533820881477825e-04
4.169999999999999929e+00 1.170982969496869901e-04
4.230000000000000426e+00 9.859602097354491139e-05
4.290000000000000036e+00 8.108715578806532768e-05
4.349999999999999645e+00 6.544093583508585376e-05
4.410000000000000142e+00 4.793207064960746945e-05
4.469999999999999751e+00 4.097819511494878782e-05
4.529999999999999361e+00 3.203749799896043375e-05
4.589999999999999858e+00 1.999239216214168273e-05
4.650000000000000355e+00 1.924733406914289717e-05
4.709999999999999964e+00 1.577039630181362412e-05
4.769999999999999574e+00 1.303851662748389726e-05
4.830000000000000071e+00 8.692344418322598174e-06
4.889999999999999680e+00 6.457170139325263171e-06
4.949999999999999289e+00 3.973643162661758923e-06
5.009999999999999787e+00 3.849466813828522682e-06
5.070000000000000284e+00 3.849466813828579433e-06
5.129999999999999893e+00 2.483526976663563116e-06
5.189999999999999503e+00 1.365939837164979895e-06
5.250000000000000000e+00 1.738468883664519635e-06
5.309999999999999609e+00 9.934107906654251195e-07
5.369999999999999218e+00 2.483526976663599327e-07
5.429999999999999716e+00 9.934107906654251195e-07
5.490000000000000213e+00 3.725290464995399520e-07
5.549999999999999822e+00 4.967053953327125598e-07
5.609999999999999432e+00 2.483526976663599327e-07
5.669999999999999929e+00 2.483526976663562799e-07
5.730000000000000426e+00 3.725290464995399520e-07
5.789999999999999147e+00 1.241763488331799664e-07
5.849999999999999645e+00 2.483526976663562799e-07
5.910000000000000142e+00 0.000000000000000000e+00
5.969999999999999751e+00 1.241763488331781399e-07
