2.999999999999999889e-02 9.613186264234577227e-02
8.999999999999999667e-02 1.615921680369799829e-01
1.499999999999999944e-01 2.417088832712503965e-01
2.099999999999999922e-01 3.234710592548706853e-01
2.700000000000000178e-01 4.039693683977331196e-01
3.299999999999999600e-01 4.801637254183053205e-01
3.900000000000000133e-01 5.501587025844857370e-01
4.499999999999999556e-01 6.111931146859096442e-01
5.100000000000000089e-01 6.630492805895592534e-01
5.700000000000000622e-01 7.039498642675564577e-01
6.299999999999998934e-01 7.343750556465252766e-01
6.899999999999999467e-01 7.532000653922561462e-01
7.500000000000000000e-01 7.627276196488873561e-01
8.100000000000000533e-01 7.621239984352000674e-01
8.699999999999998845e-01 7.518972071791280021e-01
9.299999999999999378e-01 7.333584239089246948e-01
9.899999999999999911e-01 7.082833703599870079e-01
1.050000000000000044e+00 6.777967116901776334e-01
1.109999999999999876e+00 6.432217952095754532e-01
1.169999999999999929e+00 6.047396700293764527e-01
1.229999999999999982e+00 5.644717648298303025e-01
1.290000000000000036e+00 5.229288169184662660e-01
1.349999999999999867e+00 4.811285756199839003e-01
1.409999999999999920e+00 4.400012459357761085e-01
1.469999999999999973e+00 3.998380213951766571e-01
1.530000000000000027e+00 3.613265905975287517e-01
1.589999999999999858e+00 3.247124501771606053e-01
1.649999999999999911e+00 2.901216391243778836e-01
1.709999999999999964e+00 2.579826900062363593e-01
1.770000000000000018e+00 2.281333043396474858e-01
1.829999999999999849e+00 2.009063989059088895e-01
1.889999999999999902e+00 1.763125286943592329e-01
1.949999999999999956e+00 1.538042001993088492e-01
2.009999999999999787e+00 1.337348192990046314e-01
2.070000000000000284e+00 1.157612867518456740e-01
2.129999999999999893e+00 9.993265221415925659e-02
2.189999999999999947e+00 8.595871556737154362e-02
2.250000000000000000e+00 7.359671205674669925e-02
2.309999999999999609e+00 6.275897318262312063e-02
2.370000000000000107e+00 5.344574729769047128e-02
2.429999999999999716e+00 4.543475874416166155e-02
2.490000000000000213e+00 3.816684143990535516e-02
2.549999999999999822e+00 3.225132871048639466e-02
2.609999999999999876e+00 2.709838291652592185e-02
2.669999999999999929e+00 2.262778613906777855e-02
2.729999999999999538e+00 1.888585615484697153e-02
2.790000000000000036e+00 1.580106738906701322e-02
2.849999999999999645e+00 1.301169414835711378e-02
2.910000000000000142e+00 1.081389701585813885e-02
2.969999999999999751e+00 8.977080518659153949e-03
3.030000000000000249e+00 7.342547287680906490e-03
3.089999999999999858e+00 6.008893340958550849e-03
3.149999999999999911e+00 4.984686846306259772e-03
3.209999999999999964e+00 4.052619199742163274e-03
3.269999999999999574e+00 3.270804930788349160e-03
3.330000000000000071e+00 2.729396066010930915e-03
3.389999999999999680e+00 2.188359730268909543e-03
3.450000000000000178e+00 1.803040531322962518e-03
3.509999999999999787e+00 1.420701564660193728e-03
3.569999999999999840e+00 1.174708224952848018e-03
3.629999999999999893e+00 9.531776252365743588e-04
3.689999999999999503e+00 7.589658214494452576e-04
3.750000000000000000e+00 5.998959233347955864e-04
3.809999999999999609e+00 4.793206922112007787e-04
3.870000000000000107e+00 3.702938611849224734e-04
3.929999999999999716e+00 3.019968713620829791e-04
3.989999999999999769e+00 2.503395117869916683e-04
4.049999999999999822e+00 1.934667457163329431e-04
4.109999999999999432e+00 1.620501303978294245e-04
4.169999999999999929e+00 1.229345816811101518e-04
4.230000000000000426e+00 1.057982460528357726e-04
4.290000000000000036e+00 7.711351032724182816e-05
4.349999999999999645e+00 6.159146718568842395e-05
4.410000000000000142e+00 4.805624556625286755e-05
4.469999999999999751e+00 3.923972506184930713e-05
4.529999999999999361e+00 2.806385399993061269e-05
4.589999999999999858e+00 2.384185826542742814e-05
4.650000000000000355e+00 1.726051197340865219e-05
4.709999999999999964e+00 1.291433989377318855e-05
4.769999999999999574e+00 1.080334202652196220e-05
4.830000000000000071e+00 7.947286088475926272e-06
4.889999999999999680e+00 5.463759185827118103e-06
4.949999999999999289e+00 5.587935530959635210e-06
5.009999999999999787e+00 4.097819389370338789e-06
5.070000000000000284e+00 3.228584973443344995e-06
5.129999999999999893e+00 8.692344159270415452e-07
5.189999999999999503e+00 2.856055938046035925e-06
5.250000000000000000e+00 1.241763451324363639e-06
5.309999999999999609e+00 1.117587106191910483e-06
5.369999999999999218e+00 7.450580707946181409e-07
5.429999999999999716e+00 6.208817256621726079e-07
5.490000000000000213e+00 6.208817256621818194e-07
5.549999999999999822e+00 3.725290353973035648e-07
5.609999999999999432e+00 3.725290353973090705e-07
5.669999999999999929e+00 1.241763451324345216e-07
5.730000000000000426e+00 1.241763451324363480e-07
5.789999999999999147e+00 2.483526902648726960e-07
5.849999999999999645e+00 0.000000000000000000e+00
5.910000000000000142e+00 2.483526902648726960e-07
5.969999999999999751e+00 1.241763451324345216e-07
