2.999999999999999889e-02 9.594808093668084903e-02
8.999999999999999667e-02 1.620835326270525789e-01
1.499999999999999944e-01 2.416059392810310236e-01
2.099999999999999922e-01 3.229305172184893102e-01
2.700000000000000178e-01 4.036148419252150732e-01
3.299999999999999600e-01 4.799099053932471270e-01
3.900000000000000133e-01 5.497258197495774601e-01
4.499999999999999556e-01 6.110825931858216986e-01
5.100000000000000089e-01 6.626787334383427153e-01
5.700000000000000622e-01 7.038451783645545135e-01
6.299999999999998934e-01 7.349106227475706854e-01
6.899999999999999467e-01 7.540948745168356560e-01
7.500000000000000000e-01 7.636699882423124697e-01
8.100000000000000533e-01 7.617046492425457727e-01
8.699999999999998845e-01 7.521612004848418076e-01
9.299999999999999378e-01 7.335116520537304785e-01
9.899999999999999911e-01 7.083716544635959567e-01
1.050000000000000044e+00 6.779080928209524348e-01
1.109999999999999876e+00 6.426238813198417166e-01
1.169999999999999929e+00 6.049505169561786300e-01
1.229999999999999982e+00 5.642863653422864889e-01
1.290000000000000036e+00 5.229172646223316789e-01
1.349999999999999867e+00 4.816109971325417960e-01
1.409999999999999920e+00 4.394029610311208089e-01
1.469999999999999973e+00 4.001000305024284831e-01
1.530000000000000027e+00 3.612178094279103191e-01
1.589999999999999858e+00 3.245551163297536457e-01
1.649999999999999911e+00 2.902237099177416013e-01
1.709999999999999964e+00 2.578007697398519427e-01
1.770000000000000018e+00 2.285290526489104079e-01
1.829999999999999849e+00 2.011424566393775204e-01
1.889999999999999902e+00 1.762793722968251930e-01
1.949999999999999956e+00 1.540056130836824078e-01
2.009999999999999787e+00 1.339541137264725901e-01
2.070000000000000284e+00 1.157145955839349455e-01
2.129999999999999893e+00 9.984684561575576933e-02
2.189999999999999947e+00 8.570253912882963565e-02
2.250000000000000000e+00 7.352021888037679753e-02
2.309999999999999609e+00 6.279920585055548399e-02
2.370000000000000107e+00 5.336503227575391251e-02
2.429999999999999716e+00 4.524985982912173993e-02
2.490000000000000213e+00 3.826841740510174977e-02
2.549999999999999822e+00 3.222413385081387971e-02
2.609999999999999876e+00 2.699593723065625214e-02
2.669999999999999929e+00 2.260617928658557180e-02
2.729999999999999538e+00 1.887343837971565061e-02
2.790000000000000036e+00 1.568508656585031191e-02
2.849999999999999645e+00 1.309600978912916006e-02
2.910000000000000142e+00 1.080806064711058688e-02
2.969999999999999751e+00 8.935978081842092802e-03
3.030000000000000249e+00 7.394080415820674691e-03
3.089999999999999858e+00 6.036460444602815070e-03
3.149999999999999911e+00 4.933650331698269040e-03
3.209999999999999964e+00 4.047652115779506315e-03
3.269999999999999574e+00 3.350526119400007181e-03
3.330000000000000071e+00 2.692267318757377188e-03
3.389999999999999680e+00 2.156943098879924789e-03
3.450000000000000178e+00 1.790250354435916772e-03
3.509999999999999787e+00 1.445288470228177661e-03
3.569999999999999840e+00 1.153349884996942394e-03
3.629999999999999893e+00 9.267280568187034233e-04
3.689999999999999503e+00 7.433195964245958983e-04
3.750000000000000000e+00 5.970398629484558036e-04
3.809999999999999609e+00 4.722426370201700621e-04
3.870000000000000107e+00 3.906587788760070923e-04
3.929999999999999716e+00 3.028661035214816398e-04
3.989999999999999769e+00 2.515812733638894834e-04
4.049999999999999822e+00 2.047667915977530021e-04
4.109999999999999432e+00 1.529852560633325790e-04
4.169999999999999929e+00 1.234312861420051551e-04
4.230000000000000426e+00 9.735425385848436722e-05
4.290000000000000036e+00 7.860362588318838169e-05
4.349999999999999645e+00 5.575517854905546143e-05
4.410000000000000142e+00 4.904965596186393258e-05
4.469999999999999751e+00 3.625949250851660138e-05
4.529999999999999361e+00 3.067155701919086830e-05
4.589999999999999858e+00 2.098580217102501906e-05
4.650000000000000355e+00 1.875062797529482002e-05
4.709999999999999964e+00 1.316269248596835511e-05
4.769999999999999574e+00 9.189049471336535526e-06
4.830000000000000071e+00 9.064873127129285870e-06
4.889999999999999680e+00 6.332993554569679937e-06
4.949999999999999289e+00 6.829698931398775969e-06
5.009999999999999787e+00 3.973643014631956803e-06
5.070000000000000284e+00 3.352761293595762733e-06
5.129999999999999893e+00 3.352761293595712758e-06
5.189999999999999503e+00 2.235174195730508206e-06
5.250000000000000000e+00 1.490116130487005612e-06
5.309999999999999609e+00 9.934107536579892007e-07
5.369999999999999218e+00 9.934107536580038120e-07
5.429999999999999716e+00 7.450580652434917946e-07
5.490000000000000213e+00 4.967053768290019060e-07
5.549999999999999822e+00 3.725290326217458973e-07
5.609999999999999432e+00 2.483526884145009530e-07
5.669999999999999929e+00 3.725290326217458973e-07
5.730000000000000426e+00 0.000000000000000000e+00
5.789999999999999147e+00 1.241763442072504765e-07
5.849999999999999645e+00 1.241763442072486501e-07
5.910000000000000142e+00 2.483526884145009530e-07
5.969999999999999751e+00 0.000000000000000000e+00
