2.999999999999999889e-02 9.632048579295839075e-02
8.999999999999999667e-02 1.621651164851967419e-01
1.499999999999999944e-01 2.414504704980835748e-01
2.099999999999999922e-01 3.233820224060268700e-01
2.700000000000000178e-01 4.037962635641018649e-01
3.299999999999999600e-01 4.799167350921785258e-01
3.900000000000000133e-01 5.495044133278560450e-01
4.499999999999999556e-01 6.113744075947087353e-01
5.100000000000000089e-01 6.628027856062057577e-01
5.700000000000000622e-01 7.041228366702020347e-01
6.299999999999998934e-01 7.344498043342175819e-01
6.899999999999999467e-01 7.538766966800636293e-01
7.500000000000000000e-01 7.633954343452702407e-01
8.100000000000000533e-01 7.619136380298465738e-01
8.699999999999998845e-01 7.516298499079789863e-01
9.299999999999999378e-01 7.336729571248556958e-01
9.899999999999999911e-01 7.082204076763515266e-01
1.050000000000000044e+00 6.779613644726173449e-01
1.109999999999999876e+00 6.424527663175240155e-01
1.169999999999999929e+00 6.044151927363011767e-01
1.229999999999999982e+00 5.641578428260319855e-01
1.290000000000000036e+00 5.226711471081129101e-01
1.349999999999999867e+00 4.814393854248473215e-01
1.409999999999999920e+00 4.400142811736530990e-01
1.469999999999999973e+00 4.000488698486150962e-01
1.530000000000000027e+00 3.612674799655931634e-01
1.589999999999999858e+00 3.246056561018460518e-01
1.649999999999999911e+00 2.900134793669986721e-01
1.709999999999999964e+00 2.580199409873776828e-01
1.770000000000000018e+00 2.283945696681339566e-01
1.829999999999999849e+00 2.012411768330222839e-01
1.889999999999999902e+00 1.762102060731017550e-01
1.949999999999999956e+00 1.537666977974276872e-01
2.009999999999999787e+00 1.338657001693970283e-01
2.070000000000000284e+00 1.160764454509548710e-01
2.129999999999999893e+00 9.976985628234727455e-02
2.189999999999999947e+00 8.602713609258740013e-02
2.250000000000000000e+00 7.344931418783444410e-02
2.309999999999999609e+00 6.290525244850847519e-02
2.370000000000000107e+00 5.346362829305446873e-02
2.429999999999999716e+00 4.525110159256380549e-02
2.490000000000000213e+00 3.813318936626005490e-02
2.549999999999999822e+00 3.215943797548190958e-02
2.609999999999999876e+00 2.712843338992538753e-02
2.669999999999999929e+00 2.266143775975780136e-02
2.729999999999999538e+00 1.889728023780344254e-02
2.790000000000000036e+00 1.568210633358933792e-02
2.849999999999999645e+00 1.307638992674441461e-02
2.910000000000000142e+00 1.079986500839290840e-02
2.969999999999999751e+00 8.972982632415853199e-03
3.030000000000000249e+00 7.331371361996012748e-03
3.089999999999999858e+00 6.089980448956139672e-03
3.149999999999999911e+00 4.988784628526287887e-03
3.209999999999999964e+00 4.040698240503901202e-03
3.269999999999999574e+00 3.322834794641790941e-03
3.330000000000000071e+00 2.682084858532383150e-03
3.389999999999999680e+00 2.196058647305208431e-03
3.450000000000000178e+00 1.754487567304228871e-03
3.509999999999999787e+00 1.451497287438539927e-03
3.569999999999999840e+00 1.164898285008216612e-03
3.629999999999999893e+00 9.357929299458325398e-04
3.689999999999999503e+00 7.549921727800772576e-04
3.750000000000000000e+00 6.003926242420515444e-04
3.809999999999999609e+00 4.924833811259517018e-04
3.870000000000000107e+00 3.894170154339345958e-04
3.929999999999999716e+00 3.047287486845903846e-04
3.989999999999999769e+00 2.502153335776097372e-04
4.049999999999999822e+00 1.952052130937948328e-04
4.109999999999999432e+00 1.444170883130322985e-04
4.169999999999999929e+00 1.169741162432282001e-04
4.230000000000000426e+00 9.834766461214236447e-05
4.290000000000000036e+00 7.512668824538543198e-05
4.349999999999999645e+00 6.084640866155273121e-05
4.410000000000000142e+00 5.066394843655819166e-05
4.469999999999999751e+00 4.072984089997755511e-05
4.529999999999999361e+00 3.005067529815461325e-05
4.589999999999999858e+00 2.781550110242369593e-05
4.650000000000000355e+00 1.676380646797881197e-05
4.709999999999999964e+00 1.490116130486983505e-05
4.769999999999999574e+00 1.142422366706704289e-05
4.830000000000000071e+00 7.947286029264030496e-06
4.889999999999999680e+00 7.698933340849415988e-06
4.949999999999999289e+00 5.339582800911769934e-06
5.009999999999999787e+00 3.849466670424707994e-06
5.070000000000000284e+00 3.476937637803013236e-06
5.129999999999999893e+00 2.110997851523226787e-06
5.189999999999999503e+00 1.986821507316007624e-06
5.250000000000000000e+00 1.614292474694256115e-06
5.309999999999999609e+00 7.450580652434917946e-07
5.369999999999999218e+00 6.208817210362524090e-07
5.429999999999999716e+00 1.117587097865237586e-06
5.490000000000000213e+00 4.967053768290019060e-07
5.549999999999999822e+00 4.967053768289946003e-07
5.609999999999999432e+00 4.967053768290019060e-07
5.669999999999999929e+00 2.483526884144973002e-07
5.730000000000000426e+00 2.483526884145009530e-07
5.789999999999999147e+00 0.000000000000000000e+00
5.849999999999999645e+00 2.483526884144973002e-07
5.910000000000000142e+00 0.000000000000000000e+00
5.969999999999999751e+00 0.000000000000000000e+00
