2.999999999999999889e-02 9.592324709720716214e-02
8.999999999999999667e-02 1.615614976834592320e-01
1.499999999999999944e-01 2.412580007595866993e-01
2.099999999999999922e-01 3.230945589836712872e-01
2.700000000000000178e-01 4.034998606430956758e-01
3.299999999999999600e-01 4.799351203427117962e-01
3.900000000000000133e-01 5.496232582792871524e-01
4.499999999999999556e-01 6.112898526132323207e-01
5.100000000000000089e-01 6.629829753608666998e-01
5.700000000000000622e-01 7.043627558630334295e-01
6.299999999999998934e-01 7.343275015775059256e-01
6.899999999999999467e-01 7.544784664866971413e-01
7.500000000000000000e-01 7.631680788311173691e-01
8.100000000000000533e-01 7.620617917640915007e-01
8.699999999999998845e-01 7.526606489567611025e-01
9.299999999999999378e-01 7.340226486479330958e-01
9.899999999999999911e-01 7.087419588831002093e-01
1.050000000000000044e+00 6.780594738884146988e-01
1.109999999999999876e+00 6.427779937411414179e-01
1.169999999999999929e+00 6.046777105383555062e-01
1.229999999999999982e+00 5.641278005568931553e-01
1.290000000000000036e+00 5.227976905931527307e-01
1.349999999999999867e+00 4.807305940155565116e-01
1.409999999999999920e+00 4.396658489033393180e-01
1.469999999999999973e+00 3.999003608999230353e-01
1.530000000000000027e+00 3.612364412623838561e-01
1.589999999999999858e+00 3.245582255746533584e-01
1.649999999999999911e+00 2.902157669562642761e-01
1.709999999999999964e+00 2.581056265109542558e-01
1.770000000000000018e+00 2.282848011815634126e-01
1.829999999999999849e+00 2.010316943359503616e-01
1.889999999999999902e+00 1.760671575481801143e-01
1.949999999999999956e+00 1.539070193597751879e-01
2.009999999999999787e+00 1.337960392340131199e-01
2.070000000000000284e+00 1.159014827090335403e-01
2.129999999999999893e+00 1.000185829901874407e-01
2.189999999999999947e+00 8.575233512066612884e-02
2.250000000000000000e+00 7.335295443777384294e-02
2.309999999999999609e+00 6.277176381385786430e-02
2.370000000000000107e+00 5.339260021977966508e-02
2.429999999999999716e+00 4.515300295347226406e-02
2.490000000000000213e+00 3.843506263175495291e-02
2.549999999999999822e+00 3.222972226656349581e-02
2.609999999999999876e+00 2.709093253766115678e-02
2.669999999999999929e+00 2.255141785483249020e-02
2.729999999999999538e+00 1.897725008625597912e-02
2.790000000000000036e+00 1.569775278687419659e-02
2.849999999999999645e+00 1.304509768239129307e-02
2.910000000000000142e+00 1.081464215450429756e-02
2.969999999999999751e+00 8.936474920382776743e-03
3.030000000000000249e+00 7.354095742570506550e-03
3.089999999999999858e+00 6.067877150105665043e-03
3.149999999999999911e+00 4.965936255190371226e-03
3.209999999999999964e+00 4.025548786495967632e-03
3.269999999999999574e+00 3.313149089163394592e-03
3.330000000000000071e+00 2.708782812900951270e-03
3.389999999999999680e+00 2.199783970410761590e-03
3.450000000000000178e+00 1.774852514201581428e-03
3.509999999999999787e+00 1.440321437922349474e-03
3.569999999999999840e+00 1.150245493531754787e-03
3.629999999999999893e+00 9.307017137018717230e-04
3.689999999999999503e+00 7.521361280710122743e-04
3.750000000000000000e+00 6.042420999163853387e-04
3.809999999999999609e+00 4.890064507749126771e-04
3.870000000000000107e+00 3.766268575927654333e-04
3.929999999999999716e+00 3.087023962992466197e-04
3.989999999999999769e+00 2.493461028837054149e-04
4.049999999999999822e+00 1.917282783129659128e-04
4.109999999999999432e+00 1.456588539255908895e-04
4.169999999999999929e+00 1.269082256708880488e-04
4.230000000000000426e+00 9.362896492744715419e-05
4.290000000000000036e+00 7.537504205697558046e-05
4.349999999999999645e+00 6.072223322217726695e-05
4.410000000000000142e+00 4.619360073343546576e-05
4.469999999999999751e+00 3.663202208699801993e-05
4.529999999999999361e+00 2.644956171027353680e-05
4.589999999999999858e+00 2.272427132854452998e-05
4.650000000000000355e+00 1.589457229537564410e-05
4.709999999999999964e+00 1.216928191364679990e-05
4.769999999999999574e+00 7.947286147687822048e-06
4.830000000000000071e+00 9.189049608264046414e-06
4.889999999999999680e+00 6.332993648938640418e-06
4.949999999999999289e+00 7.078051725284466856e-06
5.009999999999999787e+00 5.712111918650537553e-06
5.070000000000000284e+00 3.228584997498178184e-06
5.129999999999999893e+00 1.986821536921926289e-06
5.189999999999999503e+00 1.614292498749089092e-06
5.250000000000000000e+00 7.450580763457334758e-07
5.309999999999999609e+00 4.967053842304815724e-07
5.369999999999999218e+00 6.208817302881112299e-07
5.429999999999999716e+00 8.692344224033428046e-07
5.490000000000000213e+00 4.967053842304888780e-07
5.549999999999999822e+00 0.000000000000000000e+00
5.609999999999999432e+00 7.450580763457334758e-07
5.669999999999999929e+00 1.241763460576203931e-07
5.730000000000000426e+00 1.241763460576222195e-07
5.789999999999999147e+00 1.241763460576222195e-07
5.849999999999999645e+00 1.241763460576203931e-07
5.910000000000000142e+00 1.241763460576222195e-07
5.969999999999999751e+00 0.000000000000000000e+00
