2.999999999999999889e-02 9.611634203144935051e-02
8.999999999999999667e-02 1.616705257198371160e-01
1.499999999999999944e-01 2.414227845695451347e-01
2.099999999999999922e-01 3.233809120470557130e-01
2.700000000000000178e-01 4.035399726094794359e-01
3.299999999999999600e-01 4.799844219282594082e-01
3.900000000000000133e-01 5.500123068693967276e-01
4.499999999999999556e-01 6.104114336891404147e-01
5.100000000000000089e-01 6.621454108400759431e-01
5.700000000000000622e-01 7.042912355350829934e-01
6.299999999999998934e-01 7.348389894218945173e-01
6.899999999999999467e-01 7.543427473607478007e-01
7.500000000000000000e-01 7.628258545048782757e-01
8.100000000000000533e-01 7.626676538388235116e-01
8.699999999999998845e-01 7.518172488158129108e-01
9.299999999999999378e-01 7.337155660107397281e-01
9.899999999999999911e-01 7.087320300558808128e-01
1.050000000000000044e+00 6.777695271701467128e-01
1.109999999999999876e+00 6.426435155464284010e-01
1.169999999999999929e+00 6.052725197456032546e-01
1.229999999999999982e+00 5.642286359537229679e-01
1.290000000000000036e+00 5.234496203099590073e-01
1.349999999999999867e+00 4.812309040992723830e-01
1.409999999999999920e+00 4.403155428265193017e-01
1.469999999999999973e+00 3.999450673643267784e-01
1.530000000000000027e+00 3.609892088469623950e-01
1.589999999999999858e+00 3.245934940753437137e-01
1.649999999999999911e+00 2.898146795177858337e-01
1.709999999999999964e+00 2.579378661892173241e-01
1.770000000000000018e+00 2.280232874956719946e-01
1.829999999999999849e+00 2.009304921109622555e-01
1.889999999999999902e+00 1.762108308934418055e-01
1.949999999999999956e+00 1.539124842657391135e-01
2.009999999999999787e+00 1.339234451628756872e-01
2.070000000000000284e+00 1.156833057309181179e-01
2.129999999999999893e+00 9.991526901469427457e-02
2.189999999999999947e+00 8.600900826878429828e-02
2.250000000000000000e+00 7.344956418224857231e-02
2.309999999999999609e+00 6.288389552286943740e-02
2.370000000000000107e+00 5.322086472970832816e-02
2.429999999999999716e+00 4.522378380766856054e-02
2.490000000000000213e+00 3.807470315917438342e-02
2.549999999999999822e+00 3.218725419602552762e-02
2.609999999999999876e+00 2.709205032662718310e-02
2.669999999999999929e+00 2.265349098007352069e-02
2.729999999999999538e+00 1.890063342155912096e-02
2.790000000000000036e+00 1.571315077085744250e-02
2.849999999999999645e+00 1.312022446950944499e-02
2.910000000000000142e+00 1.082246534493958023e-02
2.969999999999999751e+00 8.941690393537982118e-03
3.030000000000000249e+00 7.340808928235631470e-03
3.089999999999999858e+00 6.083026709646777164e-03
3.149999999999999911e+00 5.029142052803729605e-03
3.209999999999999964e+00 4.052743436477879158e-03
3.269999999999999574e+00 3.296385307005600396e-03
3.330000000000000071e+00 2.688666264871741873e-03
3.389999999999999680e+00 2.190719113470684931e-03
3.450000000000000178e+00 1.792113039655873763e-03
3.509999999999999787e+00 1.434733513039354591e-03
3.569999999999999840e+00 1.154591674246149965e-03
3.629999999999999893e+00 9.207676128775155178e-04
3.689999999999999503e+00 7.413327914873590885e-04
3.750000000000000000e+00 6.070981603989444864e-04
3.809999999999999609e+00 4.753470562501860286e-04
3.870000000000000107e+00 3.784895056035963989e-04
3.929999999999999716e+00 3.073364587824478633e-04
3.989999999999999769e+00 2.462416960669085554e-04
4.049999999999999822e+00 1.968195099677479761e-04
4.109999999999999432e+00 1.542270229526477025e-04
4.169999999999999929e+00 1.246730523707375248e-04
4.230000000000000426e+00 9.288390754314048987e-05
4.290000000000000036e+00 7.562339531252903980e-05
4.349999999999999645e+00 5.836288308191981913e-05
4.410000000000000142e+00 4.755954089441551667e-05
4.469999999999999751e+00 3.973643103449801822e-05
4.529999999999999361e+00 3.216167386854731328e-05
4.589999999999999858e+00 2.471109304957845332e-05
4.650000000000000355e+00 1.701215953664471416e-05
4.709999999999999964e+00 1.204510565733221201e-05
4.769999999999999574e+00 1.105169488146992367e-05
4.830000000000000071e+00 9.313226023710610769e-06
4.889999999999999680e+00 7.202228125002765252e-06
4.949999999999999289e+00 5.215406573277941252e-06
5.009999999999999787e+00 4.594524838363832319e-06
5.070000000000000284e+00 4.221995797415476735e-06
5.129999999999999893e+00 2.359350592673319345e-06
5.189999999999999503e+00 1.986821551724930303e-06
5.250000000000000000e+00 1.738468857759313962e-06
5.309999999999999609e+00 1.241763469828063069e-06
5.369999999999999218e+00 1.490116163793697621e-06
5.429999999999999716e+00 3.725290409484188996e-07
5.490000000000000213e+00 6.208817349140407462e-07
5.549999999999999822e+00 4.967053879312251642e-07
5.609999999999999432e+00 4.967053879312325758e-07
5.669999999999999929e+00 3.725290409484188996e-07
5.730000000000000426e+00 0.000000000000000000e+00
5.789999999999999147e+00 2.483526939656162879e-07
5.849999999999999645e+00 2.483526939656125821e-07
5.910000000000000142e+00 0.000000000000000000e+00
5.969999999999999751e+00 1.241763469828062911e-07
