2.999999999999999889e-02 9.629055857658386230e-02
8.999999999999999667e-02 1.619756221771240234e-01
1.499999999999999944e-01 2.413365989923477173e-01
2.099999999999999922e-01 3.236494958400726318e-01
2.700000000000000178e-01 4.036171982685725079e-01
3.299999999999999600e-01 4.797734320163726807e-01
3.900000000000000133e-01 5.495029191176097338e-01
4.499999999999999556e-01 6.107355157534282153e-01
5.100000000000000089e-01 6.630531201759968241e-01
5.700000000000000622e-01 7.038866480191555697e-01
6.299999999999998934e-01 7.341033468643831661e-01
6.899999999999999467e-01 7.545118530591322648e-01
7.500000000000000000e-01 7.626198232173913016e-01
8.100000000000000533e-01 7.626778135697054317e-01
8.699999999999998845e-01 7.516192893187212398e-01
9.299999999999999378e-01 7.335325082143141495e-01
9.899999999999999911e-01 7.084639122088743912e-01
1.050000000000000044e+00 6.780089189608885514e-01
1.109999999999999876e+00 6.429849813381849355e-01
1.169999999999999929e+00 6.041751553614929104e-01
1.229999999999999982e+00 5.641516298055643253e-01
1.290000000000000036e+00 5.230511228243525101e-01
1.349999999999999867e+00 4.816016803185140804e-01
1.409999999999999920e+00 4.398552079995469155e-01
1.469999999999999973e+00 4.000907142957048079e-01
1.530000000000000027e+00 3.617378572622931832e-01
1.589999999999999858e+00 3.246693561474491285e-01
1.649999999999999911e+00 2.903301268815991487e-01
1.709999999999999964e+00 2.581873287757235347e-01
1.770000000000000018e+00 2.283344666163132919e-01
1.829999999999999849e+00 2.011352529128390687e-01
1.889999999999999902e+00 1.761421561241148237e-01
1.949999999999999956e+00 1.537406196196872687e-01
2.009999999999999787e+00 1.337179293235141730e-01
2.070000000000000284e+00 1.157005627950031534e-01
2.129999999999999893e+00 9.980648756027213353e-02
2.189999999999999947e+00 8.592382073402460296e-02
2.250000000000000000e+00 7.354021072387688374e-02
2.309999999999999609e+00 6.272246440251662281e-02
2.370000000000000107e+00 5.357240637143448336e-02
2.429999999999999716e+00 4.514430960019425593e-02
2.490000000000000213e+00 3.815976281960802019e-02
2.549999999999999822e+00 3.218886752923327127e-02
2.609999999999999876e+00 2.712756395339983514e-02
2.669999999999999929e+00 2.257414162158963983e-02
2.729999999999999538e+00 1.885630190372465306e-02
2.790000000000000036e+00 1.576791206995644887e-02
2.849999999999999645e+00 1.303218305110930182e-02
2.910000000000000142e+00 1.080619792143502900e-02
2.969999999999999751e+00 8.910149335861197381e-03
3.030000000000000249e+00 7.338325182596835798e-03
3.089999999999999858e+00 6.043662627538039754e-03
3.149999999999999911e+00 4.978726307551098462e-03
3.209999999999999964e+00 4.032378395398454086e-03
3.269999999999999574e+00 3.290797273317970072e-03
3.330000000000000071e+00 2.688914537429806968e-03
3.389999999999999680e+00 2.201025684674578868e-03
3.450000000000000178e+00 1.774355769157408150e-03
3.509999999999999787e+00 1.429021358489988933e-03
3.569999999999999840e+00 1.150866349538174835e-03
3.629999999999999893e+00 9.433676799138378732e-04
3.689999999999999503e+00 7.580965757369988612e-04
3.750000000000000000e+00 5.940596262613926509e-04
3.809999999999999609e+00 4.825492699940994831e-04
3.870000000000000107e+00 3.870576620101925458e-04
3.929999999999999716e+00 3.110617399215695532e-04
3.989999999999999769e+00 2.471109231313085744e-04
4.049999999999999822e+00 1.950810352961206248e-04
4.109999999999999432e+00 1.509984334309905682e-04
4.169999999999999929e+00 1.220653454462677055e-04
4.230000000000000426e+00 9.524325529734355058e-05
4.290000000000000036e+00 7.413327693939147998e-05
4.349999999999999645e+00 6.407499313354534200e-05
4.410000000000000142e+00 4.855295022328726058e-05
4.469999999999999751e+00 3.700455029805470357e-05
4.529999999999999361e+00 2.980232238769550562e-05
4.589999999999999858e+00 2.222756544748923536e-05
4.650000000000000355e+00 1.701215902964285044e-05
4.709999999999999964e+00 1.216928164164215209e-05
4.769999999999999574e+00 1.005828380584723404e-05
4.830000000000000071e+00 9.685754776001039243e-06
4.889999999999999680e+00 6.332993507385201390e-06
4.949999999999999289e+00 3.973642985026067360e-06
5.009999999999999787e+00 4.346172014872196933e-06
5.070000000000000284e+00 3.228584925333679889e-06
5.129999999999999893e+00 3.352761268615694704e-06
5.189999999999999503e+00 2.483526865641292418e-06
5.250000000000000000e+00 1.490116119384775366e-06
5.309999999999999609e+00 9.934107462565022287e-07
5.369999999999999218e+00 1.117587089538581419e-06
5.429999999999999716e+00 3.725290298461883358e-07
5.490000000000000213e+00 6.208817164103231044e-07
5.549999999999999822e+00 6.208817164103138929e-07
5.609999999999999432e+00 3.725290298461938415e-07
5.669999999999999929e+00 1.241763432820627786e-07
5.730000000000000426e+00 0.000000000000000000e+00
5.789999999999999147e+00 0.000000000000000000e+00
5.849999999999999645e+00 0.000000000000000000e+00
5.910000000000000142e+00 1.241763432820646050e-07
5.969999999999999751e+00 1.241763432820627786e-07
