2.999999999999999889e-02 9.590487257072563554e-02
8.999999999999999667e-02 1.620580849284778968e-01
1.499999999999999944e-01 2.416713928185736937e-01
2.099999999999999922e-01 3.228205138139236263e-01
2.700000000000000178e-01 4.037212821079064762e-01
3.299999999999999600e-01 4.798658478180079512e-01
3.900000000000000133e-01 5.495009650489269815e-01
4.499999999999999556e-01 6.110970295129436458e-01
5.100000000000000089e-01 6.632944343464229897e-01
5.700000000000000622e-01 7.034022780300551725e-01
6.299999999999998934e-01 7.347650022167969697e-01
6.899999999999999467e-01 7.536650153198840574e-01
7.500000000000000000e-01 7.629623470482629344e-01
8.100000000000000533e-01 7.613882876269996158e-01
8.699999999999998845e-01 7.527037661892440612e-01
9.299999999999999378e-01 7.334297339178953434e-01
9.899999999999999911e-01 7.087740227842735941e-01
1.050000000000000044e+00 6.782330976863556460e-01
1.109999999999999876e+00 6.428817049393098504e-01
1.169999999999999929e+00 6.049062175496145999e-01
1.229999999999999982e+00 5.639875022960202378e-01
1.290000000000000036e+00 5.232720637284967724e-01
1.349999999999999867e+00 4.815854419222733163e-01
1.409999999999999920e+00 4.402308676777796914e-01
1.469999999999999973e+00 3.999054670277513157e-01
1.530000000000000027e+00 3.612021820467021249e-01
1.589999999999999858e+00 3.248172695329160087e-01
1.649999999999999911e+00 2.901565456483686800e-01
1.709999999999999964e+00 2.581671034197270953e-01
1.770000000000000018e+00 2.282591051812439820e-01
1.829999999999999849e+00 2.009924620981490273e-01
1.889999999999999902e+00 1.763736313406802370e-01
1.949999999999999956e+00 1.538434468017088053e-01
2.009999999999999787e+00 1.337193032335818599e-01
2.070000000000000284e+00 1.159324069380206906e-01
2.129999999999999893e+00 9.979407587413435810e-02
2.189999999999999947e+00 8.584845081061881489e-02
2.250000000000000000e+00 7.362540008378420930e-02
2.309999999999999609e+00 6.268496688316063659e-02
2.370000000000000107e+00 5.326072692438321710e-02
2.429999999999999716e+00 4.522564780070267854e-02
2.490000000000000213e+00 3.809171645393267386e-02
2.549999999999999822e+00 3.214776707576313952e-02
2.609999999999999876e+00 2.700748703921774727e-02
2.669999999999999929e+00 2.263138826477853124e-02
2.729999999999999538e+00 1.883035017035503828e-02
2.790000000000000036e+00 1.570681824526099640e-02
2.849999999999999645e+00 1.301889695836484957e-02
2.910000000000000142e+00 1.074026092332168968e-02
2.969999999999999751e+00 8.925175205380225449e-03
3.030000000000000249e+00 7.385760985956243627e-03
3.089999999999999858e+00 6.030376118245284710e-03
3.149999999999999911e+00 4.942218757205365208e-03
3.209999999999999964e+00 4.109243796820067664e-03
3.269999999999999574e+00 3.297006286998961817e-03
3.330000000000000071e+00 2.690528990260498791e-03
3.389999999999999680e+00 2.168864141038901426e-03
3.450000000000000178e+00 1.765291001317360496e-03
3.509999999999999787e+00 1.450007246931824499e-03
3.569999999999999840e+00 1.167630225477438166e-03
3.629999999999999893e+00 9.110818849652134151e-04
3.689999999999999503e+00 7.569790337669267183e-04
3.750000000000000000e+00 6.063531203877792946e-04
3.809999999999999609e+00 4.875163527836211220e-04
3.870000000000000107e+00 3.911555046531855779e-04
3.929999999999999716e+00 3.091991132020418891e-04
3.989999999999999769e+00 2.500911702766734864e-04
4.049999999999999822e+00 1.927216962608696788e-04
4.109999999999999432e+00 1.615534322393010088e-04
4.169999999999999929e+00 1.276532885026894363e-04
4.230000000000000426e+00 8.841356168668894962e-05
4.290000000000000036e+00 7.748604282653522902e-05
4.349999999999999645e+00 5.625188685964899914e-05
4.410000000000000142e+00 4.544854435017999243e-05
4.469999999999999751e+00 3.899137411463471804e-05
4.529999999999999361e+00 2.694626809833075952e-05
4.589999999999999858e+00 2.173086136962125686e-05
4.650000000000000355e+00 1.937151070663409186e-05
4.709999999999999964e+00 1.378357492587405588e-05
4.769999999999999574e+00 1.167257696425387751e-05
4.830000000000000071e+00 8.195639145114424782e-06
4.889999999999999680e+00 7.326404690329452331e-06
4.949999999999999289e+00 3.973643221873659782e-06
5.009999999999999787e+00 4.097819572557151405e-06
5.070000000000000284e+00 2.607703364354589549e-06
5.129999999999999893e+00 1.862645260253250600e-06
5.189999999999999503e+00 1.738468909569726366e-06
5.250000000000000000e+00 7.450581041013113149e-07
5.309999999999999609e+00 4.967054027342001670e-07
5.369999999999999218e+00 1.862645260253278128e-06
5.429999999999999716e+00 6.208817534177502353e-07
5.490000000000000213e+00 3.725290520506556575e-07
5.549999999999999822e+00 3.725290520506501517e-07
5.609999999999999432e+00 2.483527013671037363e-07
5.669999999999999929e+00 3.725290520506501517e-07
5.730000000000000426e+00 2.483527013671037363e-07
5.789999999999999147e+00 1.241763506835518682e-07
5.849999999999999645e+00 1.241763506835500418e-07
5.910000000000000142e+00 0.000000000000000000e+00
5.969999999999999751e+00 1.241763506835500418e-07
