2.999999999999999889e-02 9.634022983168734344e-02
8.999999999999999667e-02 1.619639508075809975e-01
1.499999999999999944e-01 2.418503183264308909e-01
2.099999999999999922e-01 3.236239179245426478e-01
2.700000000000000178e-01 4.037655920070826188e-01
3.299999999999999600e-01 4.797435090920094125e-01
3.900000000000000133e-01 5.499857208380033446e-01
4.499999999999999556e-01 6.108656571124915224e-01
5.100000000000000089e-01 6.630847900839004216e-01
5.700000000000000622e-01 7.043736728855005680e-01
6.299999999999998934e-01 7.348608280335434673e-01
6.899999999999999467e-01 7.538156019187136625e-01
7.500000000000000000e-01 7.626195805466634559e-01
8.100000000000000533e-01 7.617022898920058349e-01
8.699999999999998845e-01 7.517684307081142769e-01
9.299999999999999378e-01 7.332922324535162684e-01
9.899999999999999911e-01 7.082921816033033169e-01
1.050000000000000044e+00 6.780749858275669784e-01
1.109999999999999876e+00 6.428035644899096068e-01
1.169999999999999929e+00 6.042497898458171202e-01
1.229999999999999982e+00 5.640246016086974956e-01
1.290000000000000036e+00 5.224929540541755069e-01
1.349999999999999867e+00 4.813469982247571277e-01
1.409999999999999920e+00 4.399839821456665301e-01
1.469999999999999973e+00 4.000204334657916361e-01
1.530000000000000027e+00 3.610440867223643768e-01
1.589999999999999858e+00 3.250525667646479433e-01
1.649999999999999911e+00 2.898596248765258898e-01
1.709999999999999964e+00 2.582836915424738811e-01
1.770000000000000018e+00 2.281454719216542415e-01
1.829999999999999849e+00 2.012026821663180365e-01
1.889999999999999902e+00 1.762447270967913704e-01
1.949999999999999956e+00 1.540140570750885285e-01
2.009999999999999787e+00 1.336046814938733895e-01
2.070000000000000284e+00 1.157858728055099068e-01
2.129999999999999893e+00 9.991327995990664790e-02
2.189999999999999947e+00 8.598702713340845849e-02
2.250000000000000000e+00 7.354033544813837198e-02
2.309999999999999609e+00 6.285396761835088109e-02
2.370000000000000107e+00 5.344562272314441059e-02
2.429999999999999716e+00 4.516566826774922466e-02
2.490000000000000213e+00 3.824631401583285933e-02
2.549999999999999822e+00 3.213907305503191369e-02
2.609999999999999876e+00 2.707168480062267443e-02
2.669999999999999929e+00 2.266305205223249561e-02
2.729999999999999538e+00 1.899761472392290027e-02
2.790000000000000036e+00 1.572792740460181304e-02
2.849999999999999645e+00 1.308160533320111910e-02
2.910000000000000142e+00 1.084506519768434554e-02
2.969999999999999751e+00 8.973851866825302212e-03
3.030000000000000249e+00 7.416928863154808628e-03
3.089999999999999858e+00 6.013736173612888383e-03
3.149999999999999911e+00 4.997352796276588113e-03
3.209999999999999964e+00 4.064043393214863270e-03
3.269999999999999574e+00 3.364185517262804643e-03
3.330000000000000071e+00 2.688169499398537950e-03
3.389999999999999680e+00 2.219279623671964116e-03
3.450000000000000178e+00 1.759702973760933356e-03
3.509999999999999787e+00 1.460934689598291118e-03
3.569999999999999840e+00 1.159310349518890377e-03
3.629999999999999893e+00 9.555369686747852351e-04
3.689999999999999503e+00 7.512668824538597679e-04
3.750000000000000000e+00 6.079673812386937734e-04
3.809999999999999609e+00 4.786998069189469900e-04
3.870000000000000107e+00 3.936390111369810841e-04
3.929999999999999716e+00 3.245969637577503296e-04
3.989999999999999769e+00 2.431372819577964255e-04
4.049999999999999822e+00 1.945843313727586117e-04
4.109999999999999432e+00 1.539786668169906034e-04
4.169999999999999929e+00 1.229345807651761294e-04
4.230000000000000426e+00 1.000861334310438868e-04
4.290000000000000036e+00 7.661680437587241430e-05
4.349999999999999645e+00 6.072223231734547478e-05
4.410000000000000142e+00 5.153318284600894603e-05
4.469999999999999751e+00 3.923972476949057279e-05
4.529999999999999361e+00 2.980232260974011055e-05
4.589999999999999858e+00 1.986821507315978232e-05
4.650000000000000355e+00 1.788139356584406565e-05
4.709999999999999964e+00 1.353522151859010069e-05
4.769999999999999574e+00 1.167257635548154559e-05
4.830000000000000071e+00 7.326404308227777981e-06
4.889999999999999680e+00 8.319815061885659185e-06
4.949999999999999289e+00 4.346172047253766757e-06
5.009999999999999787e+00 3.725290326217458761e-06
5.070000000000000284e+00 3.973643014632015248e-06
5.129999999999999893e+00 2.359350539937723981e-06
5.189999999999999503e+00 2.110997851523258127e-06
5.250000000000000000e+00 2.607703228352259715e-06
5.309999999999999609e+00 9.934107536579892007e-07
5.369999999999999218e+00 1.241763442072504818e-06
5.429999999999999716e+00 4.967053768289946003e-07
5.490000000000000213e+00 7.450580652435028061e-07
5.549999999999999822e+00 2.483526884144973002e-07
5.609999999999999432e+00 2.483526884145009530e-07
5.669999999999999929e+00 3.725290326217458973e-07
5.730000000000000426e+00 4.967053768290019060e-07
5.789999999999999147e+00 0.000000000000000000e+00
5.849999999999999645e+00 2.483526884144973002e-07
5.910000000000000142e+00 3.725290326217514030e-07
5.969999999999999751e+00 1.241763442072486501e-07
