2.999999999999999889e-02 9.621990582172719464e-02
8.999999999999999667e-02 1.615690748481356243e-01
1.499999999999999944e-01 2.416708907114052951e-01
2.099999999999999922e-01 3.233383219690989518e-01
2.700000000000000178e-01 4.036047956696945938e-01
3.299999999999999600e-01 4.800304949294960100e-01
3.900000000000000133e-01 5.499350732789092255e-01
4.499999999999999556e-01 6.114603558478388656e-01
5.100000000000000089e-01 6.629911808790451833e-01
5.700000000000000622e-01 7.039023204608139128e-01
6.299999999999998934e-01 7.344710603780205682e-01
6.899999999999999467e-01 7.540922892873089811e-01
7.500000000000000000e-01 7.632844434411982792e-01
8.100000000000000533e-01 7.619347707157877458e-01
8.699999999999998845e-01 7.518377435146929022e-01
9.299999999999999378e-01 7.340805257638485237e-01
9.899999999999999911e-01 7.079677299149724767e-01
1.050000000000000044e+00 6.775261465780236803e-01
1.109999999999999876e+00 6.427855780765027172e-01
1.169999999999999929e+00 6.045213815267396207e-01
1.229999999999999982e+00 5.643954089927945006e-01
1.290000000000000036e+00 5.226640846330967705e-01
1.349999999999999867e+00 4.808716655102243109e-01
1.409999999999999920e+00 4.398005867923514556e-01
1.469999999999999973e+00 4.001988867992737897e-01
1.530000000000000027e+00 3.613477086529520710e-01
1.589999999999999858e+00 3.249495100832060501e-01
1.649999999999999911e+00 2.896258094519055248e-01
1.709999999999999964e+00 2.579840617124260493e-01
1.770000000000000018e+00 2.282558714942095890e-01
1.829999999999999849e+00 2.009748245642142828e-01
1.889999999999999902e+00 1.763572361204983618e-01
1.949999999999999956e+00 1.539520976674591812e-01
2.009999999999999787e+00 1.341021359253227463e-01
2.070000000000000284e+00 1.158489578409351989e-01
2.129999999999999893e+00 1.000431713974662962e-01
2.189999999999999947e+00 8.596740983305219130e-02
2.250000000000000000e+00 7.334600165533522453e-02
2.309999999999999609e+00 6.287296847277508427e-02
2.370000000000000107e+00 5.335658987449812263e-02
2.429999999999999716e+00 4.532560874989657179e-02
2.490000000000000213e+00 3.822681946904032957e-02
2.549999999999999822e+00 3.217669944626708883e-02
2.609999999999999876e+00 2.703455687939729235e-02
2.669999999999999929e+00 2.261400307022044462e-02
2.729999999999999538e+00 1.887207300236098256e-02
2.790000000000000036e+00 1.583024918400677966e-02
2.849999999999999645e+00 1.305577704269848989e-02
2.910000000000000142e+00 1.079663674520837079e-02
2.969999999999999751e+00 8.934488231980106110e-03
3.030000000000000249e+00 7.359807964158845105e-03
3.089999999999999858e+00 6.029258396324697900e-03
3.149999999999999911e+00 4.996607887121864815e-03
3.209999999999999964e+00 4.054481935543884086e-03
3.269999999999999574e+00 3.306567792094041239e-03
3.330000000000000071e+00 2.693260809776463170e-03
3.389999999999999680e+00 2.181530080047623579e-03
3.450000000000000178e+00 1.795714167097488745e-03
3.509999999999999787e+00 1.443922573474144084e-03
3.569999999999999840e+00 1.166388435899788027e-03
3.629999999999999893e+00 9.484589453212515127e-04
3.689999999999999503e+00 7.639328923299737364e-04
3.750000000000000000e+00 5.987783496123428792e-04
3.809999999999999609e+00 4.601975453470225574e-04
3.870000000000000107e+00 3.909071432143623693e-04
3.929999999999999716e+00 3.152837473383945347e-04
3.989999999999999769e+00 2.445032290308403271e-04
4.049999999999999822e+00 1.902381649950440662e-04
4.109999999999999432e+00 1.538544950580046351e-04
4.169999999999999929e+00 1.194576466874885170e-04
4.230000000000000426e+00 9.847184389103928260e-05
4.290000000000000036e+00 7.636845396341521033e-05
4.349999999999999645e+00 5.823870716884921577e-05
4.410000000000000142e+00 4.582107237804980247e-05
4.469999999999999751e+00 4.072984211382144732e-05
4.529999999999999361e+00 3.067155793327453031e-05
4.589999999999999858e+00 2.110997914435867531e-05
4.650000000000000355e+00 1.937151027364707160e-05
4.709999999999999964e+00 1.341104557406315853e-05
4.769999999999999574e+00 1.067916592008748771e-05
4.830000000000000071e+00 8.692344353559583887e-06
4.889999999999999680e+00 5.215406612135673422e-06
4.949999999999999289e+00 4.594524872595780345e-06
5.009999999999999787e+00 4.097819480963743403e-06
5.070000000000000284e+00 2.235174262343892649e-06
5.129999999999999893e+00 1.986821566527875448e-06
5.189999999999999503e+00 1.490116174895928715e-06
5.250000000000000000e+00 1.738468870711916693e-06
5.309999999999999609e+00 3.725290437239766730e-07
5.369999999999999218e+00 7.450580874479643574e-07
5.429999999999999716e+00 3.725290437239766730e-07
5.490000000000000213e+00 2.483526958159880838e-07
5.549999999999999822e+00 3.725290437239766730e-07
5.609999999999999432e+00 3.725290437239821787e-07
5.669999999999999929e+00 0.000000000000000000e+00
5.730000000000000426e+00 1.241763479079940419e-07
5.789999999999999147e+00 0.000000000000000000e+00
5.849999999999999645e+00 0.000000000000000000e+00
5.910000000000000142e+00 0.000000000000000000e+00
5.969999999999999751e+00 0.000000000000000000e+00
