2.999999999999999889e-02 9.619631088218787152e-02
8.999999999999999667e-02 1.615288393044460868e-01
1.499999999999999944e-01 2.413917386842907575e-01
2.099999999999999922e-01 3.231755219613008379e-01
2.700000000000000178e-01 4.033616523699335432e-01
3.299999999999999600e-01 4.798892992710165339e-01
3.900000000000000133e-01 5.489409092577004490e-01
4.499999999999999556e-01 6.113541759604901316e-01
5.100000000000000089e-01 6.634822884483644323e-01
5.700000000000000622e-01 7.044012505303112182e-01
6.299999999999998934e-01 7.346242830445836036e-01
6.899999999999999467e-01 7.542335907322715860e-01
7.500000000000000000e-01 7.632834386566049734e-01
8.100000000000000533e-01 7.620317410883454823e-01
8.699999999999998845e-01 7.520293364134040814e-01
9.299999999999999378e-01 7.339368427928072425e-01
9.899999999999999911e-01 7.087345083023367520e-01
1.050000000000000044e+00 6.777023427171529057e-01
1.109999999999999876e+00 6.426063820308898222e-01
1.169999999999999929e+00 6.046248114149349595e-01
1.229999999999999982e+00 5.642239130487417542e-01
1.290000000000000036e+00 5.229648319549462521e-01
1.349999999999999867e+00 4.813630241460279402e-01
1.409999999999999920e+00 4.399276126408288023e-01
1.469999999999999973e+00 4.000833968340119506e-01
1.530000000000000027e+00 3.611549815793700380e-01
1.589999999999999858e+00 3.246185752788373624e-01
1.649999999999999911e+00 2.898931568092065758e-01
1.709999999999999964e+00 2.581880796047364979e-01
1.770000000000000018e+00 2.280398012507917072e-01
1.829999999999999849e+00 2.009260202654553351e-01
1.889999999999999902e+00 1.763040860164580559e-01
1.949999999999999956e+00 1.540460968673597331e-01
2.009999999999999787e+00 1.336359759239448275e-01
2.070000000000000284e+00 1.160290118164347267e-01
2.129999999999999893e+00 1.000675084705341389e-01
2.189999999999999947e+00 8.575332853143459444e-02
2.250000000000000000e+00 7.363408968524828846e-02
2.309999999999999609e+00 6.284304103649493434e-02
2.370000000000000107e+00 5.321651816106996030e-02
2.429999999999999716e+00 4.515287877712620412e-02
2.490000000000000213e+00 3.820806827116161875e-02
2.549999999999999822e+00 3.222202333310792560e-02
2.609999999999999876e+00 2.702375313444398131e-02
2.669999999999999929e+00 2.260593127075178829e-02
2.729999999999999538e+00 1.892472349187360528e-02
2.790000000000000036e+00 1.574171121337859455e-02
2.849999999999999645e+00 1.302709211221293739e-02
2.910000000000000142e+00 1.079241458855998391e-02
2.969999999999999751e+00 8.911267122133078450e-03
3.030000000000000249e+00 7.320195600096776785e-03
3.089999999999999858e+00 6.074955201830949461e-03
3.149999999999999911e+00 4.918625067342416619e-03
3.209999999999999964e+00 4.054357698781335499e-03
3.269999999999999574e+00 3.332023893764152894e-03
3.330000000000000071e+00 2.698724528870283940e-03
3.389999999999999680e+00 2.186869630420769112e-03
3.450000000000000178e+00 1.760448058058897277e-03
3.509999999999999787e+00 1.454601717718976076e-03
3.569999999999999840e+00 1.158192779679442699e-03
3.629999999999999893e+00 9.433677009997491021e-04
3.689999999999999503e+00 7.580965926817780998e-04
3.750000000000000000e+00 5.969156954989857143e-04
3.809999999999999609e+00 4.821767517417435201e-04
3.870000000000000107e+00 3.937631933487172357e-04
3.929999999999999716e+00 3.118068049506871357e-04
3.989999999999999769e+00 2.543131567260103055e-04
4.049999999999999822e+00 1.817941706283562398e-04
4.109999999999999432e+00 1.552204325720278068e-04
4.169999999999999929e+00 1.267840493248304184e-04
4.230000000000000426e+00 9.611249184859961309e-05
4.290000000000000036e+00 7.910033243870419426e-05
4.349999999999999645e+00 5.563100303381475942e-05
4.410000000000000142e+00 4.954636207699127646e-05
4.469999999999999751e+00 3.812213823968946274e-05
4.529999999999999361e+00 2.843638324719549105e-05
4.589999999999999858e+00 2.185503690614118834e-05
4.650000000000000355e+00 1.961986267710431211e-05
4.709999999999999964e+00 1.328686902816538201e-05
4.769999999999999574e+00 1.142422383730124451e-05
4.830000000000000071e+00 9.313225954321668342e-06
4.889999999999999680e+00 7.823109801630084923e-06
4.949999999999999289e+00 4.470348458074400431e-06
5.009999999999999787e+00 4.470348458074334363e-06
5.070000000000000284e+00 3.849466727786289096e-06
5.129999999999999893e+00 1.614292498749065163e-06
5.189999999999999503e+00 1.614292498749089092e-06
5.250000000000000000e+00 1.241763460576222460e-06
5.309999999999999609e+00 9.934107684609631447e-07
5.369999999999999218e+00 4.967053842304888780e-07
5.429999999999999716e+00 4.967053842304815724e-07
5.490000000000000213e+00 7.450580763457334758e-07
5.549999999999999822e+00 1.241763460576203931e-07
5.609999999999999432e+00 2.483526921152444390e-07
5.669999999999999929e+00 1.241763460576203931e-07
5.730000000000000426e+00 2.483526921152444390e-07
5.789999999999999147e+00 2.483526921152444390e-07
5.849999999999999645e+00 0.000000000000000000e+00
5.910000000000000142e+00 0.000000000000000000e+00
5.969999999999999751e+00 0.000000000000000000e+00
