2.999999999999999889e-02 9.639598572844246260e-02
8.999999999999999667e-02 1.618353053207492731e-01
1.499999999999999944e-01 2.415318078030915250e-01
2.099999999999999922e-01 3.237827418811531355e-01
2.700000000000000178e-01 4.032645434627614156e-01
3.299999999999999600e-01 4.802091739606237919e-01
3.900000000000000133e-01 5.494227093868858658e-01
4.499999999999999556e-01 6.110222480350074870e-01
5.100000000000000089e-01 6.627840399163563712e-01
5.700000000000000622e-01 7.041552519424055800e-01
6.299999999999998934e-01 7.338971008941105323e-01
6.899999999999999467e-01 7.538912309292632452e-01
7.500000000000000000e-01 7.633113726473549354e-01
8.100000000000000533e-01 7.621562842849344266e-01
8.699999999999998845e-01 7.515840344367040737e-01
9.299999999999999378e-01 7.338121642740386141e-01
9.899999999999999911e-01 7.084619359442873021e-01
1.050000000000000044e+00 6.781478823942120870e-01
1.109999999999999876e+00 6.428944663638064272e-01
1.169999999999999929e+00 6.051588893705435179e-01
1.229999999999999982e+00 5.643745347515916055e-01
1.290000000000000036e+00 5.223264374682288214e-01
1.349999999999999867e+00 4.809127571321437089e-01
1.409999999999999920e+00 4.401916082728641322e-01
1.469999999999999973e+00 4.000759432724503295e-01
1.530000000000000027e+00 3.612051461319892298e-01
1.589999999999999858e+00 3.247107117083287142e-01
1.649999999999999911e+00 2.901017709091566754e-01
1.709999999999999964e+00 2.579141446637232549e-01
1.770000000000000018e+00 2.282020980348508643e-01
1.829999999999999849e+00 2.011597186499790579e-01
1.889999999999999902e+00 1.762385195926603199e-01
1.949999999999999956e+00 1.537408702632913071e-01
2.009999999999999787e+00 1.339272926339599157e-01
2.070000000000000284e+00 1.161685851638800671e-01
2.129999999999999893e+00 9.982263197237192798e-02
2.189999999999999947e+00 8.586719760100892940e-02
2.250000000000000000e+00 7.349873692043720763e-02
2.309999999999999609e+00 6.268533660995960488e-02
2.370000000000000107e+00 5.336155573569068000e-02
2.429999999999999716e+00 4.520888197236577061e-02
2.490000000000000213e+00 3.827897267955994443e-02
2.549999999999999822e+00 3.214987663651319022e-02
2.609999999999999876e+00 2.704337279563225407e-02
2.669999999999999929e+00 2.267348303407651713e-02
2.729999999999999538e+00 1.884053178887363372e-02
2.790000000000000036e+00 1.582776530327048223e-02
2.849999999999999645e+00 1.309538900497637590e-02
2.910000000000000142e+00 1.080855743301744297e-02
2.969999999999999751e+00 8.888542784579726852e-03
3.030000000000000249e+00 7.322679072459717387e-03
3.089999999999999858e+00 6.042296777799174845e-03
3.149999999999999911e+00 4.988163783969967388e-03
3.209999999999999964e+00 4.066278597706730023e-03
3.269999999999999574e+00 3.306940247221887893e-03
3.330000000000000071e+00 2.672895828975672614e-03
3.389999999999999680e+00 2.202143304578609885e-03
3.450000000000000178e+00 1.795341597924751372e-03
3.509999999999999787e+00 1.442556601403502305e-03
3.569999999999999840e+00 1.153225717244936313e-03
3.629999999999999893e+00 9.280940035198224219e-04
3.689999999999999503e+00 7.554888837857372079e-04
3.750000000000000000e+00 5.980332781578090538e-04
3.809999999999999609e+00 4.921108557598416000e-04
3.870000000000000107e+00 3.879269021937282796e-04
3.929999999999999716e+00 3.149112112558562541e-04
3.989999999999999769e+00 2.494702773710646558e-04
4.049999999999999822e+00 1.954535672384519294e-04
4.109999999999999432e+00 1.531094335482940136e-04
4.169999999999999929e+00 1.303851623890562282e-04
4.230000000000000426e+00 9.511908037144624199e-05
4.290000000000000036e+00 7.872780281396348076e-05
4.349999999999999645e+00 6.059805642462893761e-05
4.410000000000000142e+00 4.346172079635272207e-05
4.469999999999999751e+00 3.514190567247896919e-05
4.529999999999999361e+00 3.253420242469832492e-05
4.589999999999999858e+00 2.421438730082473129e-05
4.650000000000000355e+00 1.676380659287890563e-05
4.709999999999999964e+00 1.365939796456779483e-05
4.769999999999999574e+00 1.105169471678683548e-05
4.830000000000000071e+00 7.823109743343489633e-06
4.889999999999999680e+00 6.953875327416332362e-06
4.949999999999999289e+00 5.091230150429890347e-06
5.009999999999999787e+00 5.339582840694684005e-06
5.070000000000000284e+00 1.365939796456799854e-06
5.129999999999999893e+00 2.483526902648690432e-06
5.189999999999999503e+00 2.607703247781163070e-06
5.250000000000000000e+00 1.365939796456799854e-06
5.309999999999999609e+00 9.934107610594761727e-07
5.369999999999999218e+00 8.692344159270543566e-07
5.429999999999999716e+00 6.208817256621726079e-07
5.490000000000000213e+00 7.450580707946181409e-07
5.549999999999999822e+00 1.241763451324345216e-07
5.609999999999999432e+00 3.725290353973090705e-07
5.669999999999999929e+00 2.483526902648690432e-07
5.730000000000000426e+00 1.241763451324363480e-07
5.789999999999999147e+00 1.241763451324363480e-07
5.849999999999999645e+00 1.241763451324345216e-07
5.910000000000000142e+00 1.241763451324363480e-07
5.969999999999999751e+00 2.483526902648690432e-07
