2.999999999999999889e-02 9.631688467897638051e-02
8.999999999999999667e-02 1.621195437668726813e-01
1.499999999999999944e-01 2.415897963562841089e-01
2.099999999999999922e-01 3.233919565135635055e-01
2.700000000000000178e-01 4.039684961535173202e-01
3.299999999999999600e-01 4.799269175524034647e-01
3.900000000000000133e-01 5.496952723689024767e-01
4.499999999999999556e-01 6.106947904628624579e-01
5.100000000000000089e-01 6.627493897781966403e-01
5.700000000000000622e-01 7.037331713020796853e-01
6.299999999999998934e-01 7.346058939988860947e-01
6.899999999999999467e-01 7.540119247189053242e-01
7.500000000000000000e-01 7.628345297984862050e-01
8.100000000000000533e-01 7.626293904778571608e-01
8.699999999999998845e-01 7.517593658349871477e-01
9.299999999999999378e-01 7.338330204325387296e-01
9.899999999999999911e-01 7.083502961323923097e-01
1.050000000000000044e+00 6.771915953148766043e-01
1.109999999999999876e+00 6.428313799910120308e-01
1.169999999999999929e+00 6.046364749816784956e-01
1.229999999999999982e+00 5.643626096176297402e-01
1.290000000000000036e+00 5.225061167466614753e-01
1.349999999999999867e+00 4.812754726504937519e-01
1.409999999999999920e+00 4.400191240510771817e-01
1.469999999999999973e+00 4.002266903735198778e-01
1.530000000000000027e+00 3.612323380601825673e-01
1.589999999999999858e+00 3.243759298650625844e-01
1.649999999999999911e+00 2.904715659007792716e-01
1.709999999999999964e+00 2.579552451120457057e-01
1.770000000000000018e+00 2.281016376721490546e-01
1.829999999999999849e+00 2.011228367769927750e-01
1.889999999999999902e+00 1.764949424303689507e-01
1.949999999999999956e+00 1.539501062578217672e-01
2.009999999999999787e+00 1.338401198424903349e-01
2.070000000000000284e+00 1.157282549817977430e-01
2.129999999999999893e+00 1.001397776117406713e-01
2.189999999999999947e+00 8.593673571400452238e-02
2.250000000000000000e+00 7.347725386528107527e-02
2.309999999999999609e+00 6.285123573877832159e-02
2.370000000000000107e+00 5.338576972523652320e-02
2.429999999999999716e+00 4.522440367855925375e-02
2.490000000000000213e+00 3.821862269107464960e-02
2.549999999999999822e+00 3.212367518835022168e-02
2.609999999999999876e+00 2.700773398335594086e-02
2.669999999999999929e+00 2.267124769095017409e-02
2.729999999999999538e+00 1.886760209153791334e-02
2.790000000000000036e+00 1.580628267779659105e-02
2.849999999999999645e+00 1.303814361272857998e-02
2.910000000000000142e+00 1.083152997616575706e-02
2.969999999999999751e+00 8.934487965711605806e-03
3.030000000000000249e+00 7.347141757710334321e-03
3.089999999999999858e+00 6.070484762915601476e-03
3.149999999999999911e+00 4.946813024184236636e-03
3.209999999999999964e+00 4.089872072809971199e-03
3.269999999999999574e+00 3.315508390333562778e-03
3.330000000000000071e+00 2.679601331648238157e-03
3.389999999999999680e+00 2.151603516079013054e-03
3.450000000000000178e+00 1.784165713569761539e-03
3.509999999999999787e+00 1.438086242264156964e-03
3.569999999999999840e+00 1.170982925874372062e-03
3.629999999999999893e+00 9.386489858625993903e-04
3.689999999999999503e+00 7.533778803053830121e-04
3.750000000000000000e+00 5.883475188539484362e-04
3.809999999999999609e+00 4.834185079988225311e-04
3.870000000000000107e+00 3.882994283360693489e-04
3.929999999999999716e+00 3.115584476159891157e-04
3.989999999999999769e+00 2.361834066821903906e-04
4.049999999999999822e+00 1.934667442748933648e-04
4.109999999999999432e+00 1.599391313389386139e-04
4.169999999999999929e+00 1.132488259170107511e-04
4.230000000000000426e+00 9.710590117006986791e-05
4.290000000000000036e+00 8.294979793044209254e-05
4.349999999999999645e+00 6.121893769417448695e-05
4.410000000000000142e+00 5.053977209235094200e-05
4.469999999999999751e+00 3.725290326217458507e-05
4.529999999999999361e+00 2.856055916766761060e-05
4.589999999999999858e+00 2.197921292468300614e-05
4.650000000000000355e+00 1.862645163108757036e-05
4.709999999999999964e+00 1.577039571432057756e-05
4.769999999999999574e+00 9.809931192372787194e-06
4.830000000000000071e+00 6.208817210362523454e-06
4.889999999999999680e+00 5.960464521947934357e-06
4.949999999999999289e+00 5.339582800911769934e-06
5.009999999999999787e+00 3.973643014631956803e-06
5.070000000000000284e+00 2.731879572559510642e-06
5.129999999999999893e+00 3.352761293595712758e-06
5.189999999999999503e+00 1.490116130487005612e-06
5.250000000000000000e+00 7.450580652435028061e-07
5.309999999999999609e+00 7.450580652434917946e-07
5.369999999999999218e+00 6.208817210362524090e-07
5.429999999999999716e+00 7.450580652434917946e-07
5.490000000000000213e+00 7.450580652435028061e-07
5.549999999999999822e+00 7.450580652434917946e-07
5.609999999999999432e+00 3.725290326217514030e-07
5.669999999999999929e+00 3.725290326217458973e-07
5.730000000000000426e+00 1.241763442072504765e-07
5.789999999999999147e+00 0.000000000000000000e+00
5.849999999999999645e+00 1.241763442072486501e-07
5.910000000000000142e+00 1.241763442072504765e-07
5.969999999999999751e+00 0.000000000000000000e+00
