2.999999999999999889e-02 9.607610817920410329e-02
8.999999999999999667e-02 1.617630358931107515e-01
1.499999999999999944e-01 2.411160671960428381e-01
2.099999999999999922e-01 3.230989051557832670e-01
2.700000000000000178e-01 4.035199772111570105e-01
3.299999999999999600e-01 4.797019171648155833e-01
3.900000000000000133e-01 5.492325994945898016e-01
4.499999999999999556e-01 6.111111628512553295e-01
5.100000000000000089e-01 6.631708541724519179e-01
5.700000000000000622e-01 7.038571097818867583e-01
6.299999999999998934e-01 7.347252384139284498e-01
6.899999999999999467e-01 7.547024806149851273e-01
7.500000000000000000e-01 7.631134412388520527e-01
8.100000000000000533e-01 7.620627851748599246e-01
8.699999999999998845e-01 7.522326130919004816e-01
9.299999999999999378e-01 7.338312928986583383e-01
9.899999999999999911e-01 7.079914370475278718e-01
1.050000000000000044e+00 6.781369599283546545e-01
1.109999999999999876e+00 6.437933837228546619e-01
1.169999999999999929e+00 6.043736026668603545e-01
1.229999999999999982e+00 5.645213153975497944e-01
1.290000000000000036e+00 5.230533696896854101e-01
1.349999999999999867e+00 4.812479126732325252e-01
1.409999999999999920e+00 4.400869308928206936e-01
1.469999999999999973e+00 3.998159209846038342e-01
1.530000000000000027e+00 3.612453819593000048e-01
1.589999999999999858e+00 3.247555417885388818e-01
1.649999999999999911e+00 2.899434482293599125e-01
1.709999999999999964e+00 2.582450765475769461e-01
1.770000000000000018e+00 2.281532984310883916e-01
1.829999999999999849e+00 2.008927410047118833e-01
1.889999999999999902e+00 1.763813237037058779e-01
1.949999999999999956e+00 1.536656205430391720e-01
2.009999999999999787e+00 1.335807174499492045e-01
2.070000000000000284e+00 1.157797898898970806e-01
2.129999999999999893e+00 9.975619837096769138e-02
2.189999999999999947e+00 8.591637207380824204e-02
2.250000000000000000e+00 7.362254128506492967e-02
2.309999999999999609e+00 6.278840344422957631e-02
2.370000000000000107e+00 5.348275224701749819e-02
2.429999999999999716e+00 4.526650013376892767e-02
2.490000000000000213e+00 3.823724971248516208e-02
2.549999999999999822e+00 3.222264421483821140e-02
2.609999999999999876e+00 2.693062087490076528e-02
2.669999999999999929e+00 2.265833368878810219e-02
2.729999999999999538e+00 1.883084617425404353e-02
2.790000000000000036e+00 1.569589014168333227e-02
2.849999999999999645e+00 1.300411948819227802e-02
2.910000000000000142e+00 1.081079268777651071e-02
2.969999999999999751e+00 8.878981272158097474e-03
3.030000000000000249e+00 7.353847389878391885e-03
3.089999999999999858e+00 6.020814314949826836e-03
3.149999999999999911e+00 4.950041682894995403e-03
3.209999999999999964e+00 4.071245681845171716e-03
3.269999999999999574e+00 3.280863239188412748e-03
3.330000000000000071e+00 2.674261788696932676e-03
3.389999999999999680e+00 2.211208194248063044e-03
3.450000000000000178e+00 1.786525090730997764e-03
3.509999999999999787e+00 1.420204869861015030e-03
3.569999999999999840e+00 1.163159833521747481e-03
3.629999999999999893e+00 9.441127590760948303e-04
3.689999999999999503e+00 7.494042484577445682e-04
3.750000000000000000e+00 6.007651622267719043e-04
3.809999999999999609e+00 4.839152205865502373e-04
3.870000000000000107e+00 3.964950729619848876e-04
3.929999999999999716e+00 2.992649939988673599e-04
3.989999999999999769e+00 2.459933415401496380e-04
4.049999999999999822e+00 2.030283258042093575e-04
4.109999999999999432e+00 1.500050260376076553e-04
4.169999999999999929e+00 1.275291074011761466e-04
4.230000000000000426e+00 9.648502088677247718e-05
4.290000000000000036e+00 7.078051725284363518e-05
4.349999999999999645e+00 6.221234937486873687e-05
4.410000000000000142e+00 4.991889111516414055e-05
4.469999999999999751e+00 3.762543285545898181e-05
4.529999999999999361e+00 3.116826286046317686e-05
4.589999999999999858e+00 2.297262402065977044e-05
4.650000000000000355e+00 1.465280883479942312e-05
4.709999999999999964e+00 1.539786691114492938e-05
4.769999999999999574e+00 1.154840018335886644e-05
4.830000000000000071e+00 8.319815185860689527e-06
4.889999999999999680e+00 6.829699033169121355e-06
4.949999999999999289e+00 5.091230188362511767e-06
5.009999999999999787e+00 5.091230188362436381e-06
5.070000000000000284e+00 3.104408651440555832e-06
5.129999999999999893e+00 2.483526921152408074e-06
5.189999999999999503e+00 1.490116152691466952e-06
5.250000000000000000e+00 1.614292498749089092e-06
5.309999999999999609e+00 1.117587114518583591e-06
5.369999999999999218e+00 1.365939806633844600e-06
5.429999999999999716e+00 7.450580763457224644e-07
5.490000000000000213e+00 4.967053842304888780e-07
5.549999999999999822e+00 4.967053842304815724e-07
5.609999999999999432e+00 1.241763460576222195e-07
5.669999999999999929e+00 4.967053842304815724e-07
5.730000000000000426e+00 1.241763460576222195e-07
5.789999999999999147e+00 2.483526921152444390e-07
5.849999999999999645e+00 0.000000000000000000e+00
5.910000000000000142e+00 1.241763460576222195e-07
5.969999999999999751e+00 2.483526921152407862e-07
