2.999999999999999889e-02 9.589009129837292034e-02
8.999999999999999667e-02 1.620564633914301222e-01
1.499999999999999944e-01 2.417051579808964235e-01
2.099999999999999922e-01 3.230899620516592408e-01
2.700000000000000178e-01 4.037569026712115039e-01
3.299999999999999600e-01 4.798608593125273103e-01
3.900000000000000133e-01 5.493506871067089792e-01
4.499999999999999556e-01 6.110479525384499011e-01
5.100000000000000089e-01 6.625441312175605058e-01
5.700000000000000622e-01 7.043200339523962850e-01
6.299999999999998934e-01 7.341180106121011351e-01
6.899999999999999467e-01 7.544333848521114216e-01
7.500000000000000000e-01 7.635300471911331543e-01
8.100000000000000533e-01 7.616426909214667473e-01
8.699999999999998845e-01 7.519158336308978674e-01
9.299999999999999378e-01 7.341149062034715289e-01
9.899999999999999911e-01 7.083249694356062998e-01
1.050000000000000044e+00 6.780711414129202419e-01
1.109999999999999876e+00 6.431624389166020750e-01
1.169999999999999929e+00 6.046967050139606670e-01
1.229999999999999982e+00 5.642220461997689007e-01
1.290000000000000036e+00 5.234370706990932876e-01
1.349999999999999867e+00 4.813118599053993751e-01
1.409999999999999920e+00 4.399350599438205389e-01
1.469999999999999973e+00 3.993298917908947310e-01
1.530000000000000027e+00 3.611784482177857192e-01
1.589999999999999858e+00 3.246283827915059095e-01
1.649999999999999911e+00 2.898002707431751590e-01
1.709999999999999964e+00 2.582099327178287163e-01
1.770000000000000018e+00 2.281334285159926367e-01
1.829999999999999849e+00 2.009537100934043474e-01
1.889999999999999902e+00 1.762932813608637239e-01
1.949999999999999956e+00 1.540559056508923053e-01
2.009999999999999787e+00 1.339214563457386820e-01
2.070000000000000284e+00 1.158744114022613320e-01
2.129999999999999893e+00 9.989378501813281352e-02
2.189999999999999947e+00 8.595983315447773554e-02
2.250000000000000000e+00 7.347030053740188915e-02
2.309999999999999609e+00 6.281212065833981228e-02
2.370000000000000107e+00 5.330977419977045439e-02
2.429999999999999716e+00 4.514878062132166719e-02
2.490000000000000213e+00 3.818149424863098024e-02
2.549999999999999822e+00 3.224983859434480543e-02
2.609999999999999876e+00 2.704051673969420574e-02
2.669999999999999929e+00 2.253986928671401421e-02
2.729999999999999538e+00 1.888262756987352936e-02
2.790000000000000036e+00 1.573761327670433405e-02
2.849999999999999645e+00 1.309228459634806385e-02
2.910000000000000142e+00 1.080495631900860350e-02
2.969999999999999751e+00 8.904313180411547318e-03
3.030000000000000249e+00 7.391472767663086370e-03
3.089999999999999858e+00 5.999580115073618186e-03
3.149999999999999911e+00 5.011508936854865842e-03
3.209999999999999964e+00 4.103779853936726126e-03
3.269999999999999574e+00 3.293901730982982164e-03
3.330000000000000071e+00 2.726291657382619738e-03
3.389999999999999680e+00 2.191464138897220287e-03
3.450000000000000178e+00 1.763428277225715301e-03
3.509999999999999787e+00 1.450255534801713235e-03
3.569999999999999840e+00 1.155585067802452660e-03
3.629999999999999893e+00 9.038796162189974975e-04
3.689999999999999503e+00 7.542471203344127805e-04
3.750000000000000000e+00 6.152937901312175535e-04
3.809999999999999609e+00 4.918625030695768013e-04
3.870000000000000107e+00 3.906587817866418247e-04
3.929999999999999716e+00 3.048529273001289778e-04
3.989999999999999769e+00 2.533197440701701205e-04
4.049999999999999822e+00 1.912315715039491311e-04
4.109999999999999432e+00 1.542270206544859332e-04
4.169999999999999929e+00 1.262873429996858835e-04
4.230000000000000426e+00 1.009553685926707606e-04
4.290000000000000036e+00 7.450580707946069601e-05
4.349999999999999645e+00 5.699694241578828524e-05
4.410000000000000142e+00 4.482766059280952171e-05
4.469999999999999751e+00 3.725290353973034801e-05
4.529999999999999361e+00 2.942979379638741572e-05
4.589999999999999858e+00 2.334515288489768836e-05
4.650000000000000355e+00 1.775721735393839874e-05
4.709999999999999964e+00 1.490116141589214090e-05
4.769999999999999574e+00 9.064873194667854331e-06
4.830000000000000071e+00 8.195638778740799550e-06
4.889999999999999680e+00 6.581346292019028374e-06
4.949999999999999289e+00 6.705522637151563269e-06
5.009999999999999787e+00 4.097819389370338789e-06
5.070000000000000284e+00 3.476937663708217426e-06
5.129999999999999893e+00 3.104408628310862616e-06
5.189999999999999503e+00 1.614292486721672498e-06
5.250000000000000000e+00 9.934107610594907840e-07
5.309999999999999609e+00 1.241763451324345216e-06
5.369999999999999218e+00 6.208817256621818194e-07
5.429999999999999716e+00 6.208817256621726079e-07
5.490000000000000213e+00 2.483526902648726960e-07
5.549999999999999822e+00 1.241763451324345216e-07
5.609999999999999432e+00 8.692344159270543566e-07
5.669999999999999929e+00 1.241763451324345216e-07
5.730000000000000426e+00 0.000000000000000000e+00
5.789999999999999147e+00 1.241763451324363480e-07
5.849999999999999645e+00 0.000000000000000000e+00
5.910000000000000142e+00 0.000000000000000000e+00
5.969999999999999751e+00 1.241763451324345216e-07
