2.999999999999999889e-02 9.598036607106527618e-02
8.999999999999999667e-02 1.617190738519032889e-01
1.499999999999999944e-01 2.414781600236892700e-01
2.099999999999999922e-01 3.230988979339599609e-01
2.700000000000000178e-01 4.035543650388717651e-01
3.299999999999999600e-01 4.799993087848027917e-01
3.900000000000000133e-01 5.494100352128347131e-01
4.499999999999999556e-01 6.113608678181966516e-01
5.100000000000000089e-01 6.626777350902551822e-01
5.700000000000000622e-01 7.037332902352021469e-01
6.299999999999998934e-01 7.349277536074327877e-01
6.899999999999999467e-01 7.540131608645114225e-01
7.500000000000000000e-01 7.628974815209700333e-01
8.100000000000000533e-01 7.626225550969448763e-01
8.699999999999998845e-01 7.521224518617001253e-01
9.299999999999999378e-01 7.336540768543872160e-01
9.899999999999999911e-01 7.087510079145424857e-01
1.050000000000000044e+00 6.780225783586496524e-01
1.109999999999999876e+00 6.423460940519987172e-01
1.169999999999999929e+00 6.050765514373773746e-01
1.229999999999999982e+00 5.642539511124288198e-01
1.290000000000000036e+00 5.230893691380833488e-01
1.349999999999999867e+00 4.816859960556025833e-01
1.409999999999999920e+00 4.399590194225307394e-01
1.469999999999999973e+00 3.999983270963029525e-01
1.530000000000000027e+00 3.611539800961809377e-01
1.589999999999999858e+00 3.242799391349165949e-01
1.649999999999999911e+00 2.902146428823468294e-01
1.709999999999999964e+00 2.579207221666969807e-01
1.770000000000000018e+00 2.280856172243760360e-01
1.829999999999999849e+00 2.012054125467934440e-01
1.889999999999999902e+00 1.763261854648588423e-01
1.949999999999999956e+00 1.539677381515501542e-01
2.009999999999999787e+00 1.338685552279153257e-01
2.070000000000000284e+00 1.157216727733611089e-01
2.129999999999999893e+00 9.999660154183696859e-02
2.189999999999999947e+00 8.571942647298233520e-02
2.250000000000000000e+00 7.341566185156497837e-02
2.309999999999999609e+00 6.280317902564996890e-02
2.370000000000000107e+00 5.331573386987045748e-02
2.429999999999999716e+00 4.508892695109045778e-02
2.490000000000000213e+00 3.816038370132442820e-02
2.549999999999999822e+00 3.219222029050188699e-02
2.609999999999999876e+00 2.694129943847673944e-02
2.669999999999999929e+00 2.266975740591683011e-02
2.729999999999999538e+00 1.891739666461942845e-02
2.790000000000000036e+00 1.577412088712054974e-02
2.849999999999999645e+00 1.307961841424305077e-02
2.910000000000000142e+00 1.082643866539000424e-02
2.969999999999999751e+00 8.923932909965506463e-03
3.030000000000000249e+00 7.346396644910170234e-03
3.089999999999999858e+00 6.035094459851577352e-03
3.149999999999999911e+00 4.976491133372021314e-03
3.209999999999999964e+00 4.084904988606767075e-03
3.269999999999999574e+00 3.323704004287716691e-03
3.330000000000000071e+00 2.671281496683754197e-03
3.389999999999999680e+00 2.183516820271807872e-03
3.450000000000000178e+00 1.787890990575153032e-03
3.509999999999999787e+00 1.439079642295836101e-03
3.569999999999999840e+00 1.164774099985766125e-03
3.629999999999999893e+00 9.477138519287100701e-04
3.689999999999999503e+00 7.583449284235629527e-04
3.750000000000000000e+00 6.017585595448806789e-04
3.809999999999999609e+00 4.789481560389196690e-04
3.870000000000000107e+00 3.825873136520382490e-04
3.929999999999999716e+00 3.134210904439287473e-04
3.989999999999999769e+00 2.402812242507950291e-04
4.049999999999999822e+00 1.914799213409407836e-04
4.109999999999999432e+00 1.527369022369394794e-04
4.169999999999999929e+00 1.241763432820627811e-04
4.230000000000000426e+00 1.005828380584723302e-04
4.290000000000000036e+00 7.537504037221209993e-05
4.349999999999999645e+00 6.221234798431437142e-05
4.410000000000000142e+00 5.029141902923616510e-05
4.469999999999999751e+00 3.986060619354214843e-05
4.529999999999999361e+00 2.856055895487486196e-05
4.589999999999999858e+00 2.508362134297668022e-05
4.650000000000000355e+00 1.688798268636078776e-05
4.709999999999999964e+00 1.440445582071928189e-05
4.769999999999999574e+00 1.154839992523200813e-05
4.830000000000000071e+00 7.823109626770070353e-06
4.889999999999999680e+00 5.712111790974887180e-06
4.949999999999999289e+00 5.712111790974971883e-06
5.009999999999999787e+00 3.228584925333632031e-06
5.070000000000000284e+00 2.856055895487485941e-06
5.129999999999999893e+00 2.856055895487443590e-06
5.189999999999999503e+00 2.359350522359227627e-06
5.250000000000000000e+00 1.241763432820646209e-06
5.309999999999999609e+00 1.241763432820627786e-06
5.369999999999999218e+00 9.934107462565168400e-07
5.429999999999999716e+00 2.483526865641255572e-07
5.490000000000000213e+00 3.725290298461938415e-07
5.549999999999999822e+00 2.483526865641255572e-07
5.609999999999999432e+00 1.241763432820646050e-07
5.669999999999999929e+00 1.241763432820627786e-07
5.730000000000000426e+00 0.000000000000000000e+00
5.789999999999999147e+00 2.483526865641292100e-07
5.849999999999999645e+00 1.241763432820627786e-07
5.910000000000000142e+00 1.241763432820646050e-07
5.969999999999999751e+00 0.000000000000000000e+00
