2.999999999999999889e-02 9.639424654141749704e-02
8.999999999999999667e-02 1.619978509495495766e-01
1.499999999999999944e-01 2.415924040595124611e-01
2.099999999999999922e-01 3.232479119542830404e-01
2.700000000000000178e-01 4.040749152805029332e-01
3.299999999999999600e-01 4.802497760473423694e-01
3.900000000000000133e-01 5.496266028505559786e-01
4.499999999999999556e-01 6.116403933240006641e-01
5.100000000000000089e-01 6.623487968917840529e-01
5.700000000000000622e-01 7.041526389928117746e-01
6.299999999999998934e-01 7.346169456935205400e-01
6.899999999999999467e-01 7.538538482327293844e-01
7.500000000000000000e-01 7.629019575533907416e-01
8.100000000000000533e-01 7.625019855487005227e-01
8.699999999999998845e-01 7.512404328925450514e-01
9.299999999999999378e-01 7.332690114771494017e-01
9.899999999999999911e-01 7.082272373752828143e-01
1.050000000000000044e+00 6.780348768683880367e-01
1.109999999999999876e+00 6.422877359560725807e-01
1.169999999999999929e+00 6.049872731540640869e-01
1.229999999999999982e+00 5.643174094283381903e-01
1.290000000000000036e+00 5.228618819728152456e-01
1.349999999999999867e+00 4.806976801208974193e-01
1.409999999999999920e+00 4.396406345539334848e-01
1.469999999999999973e+00 3.998585075129453825e-01
1.530000000000000027e+00 3.612328347655593408e-01
1.589999999999999858e+00 3.248271866999117852e-01
1.649999999999999911e+00 2.903188289974043546e-01
1.709999999999999964e+00 2.580463905486938270e-01
1.770000000000000018e+00 2.283511079476614469e-01
1.829999999999999849e+00 2.006930624496914839e-01
1.889999999999999902e+00 1.761998994365325255e-01
1.949999999999999956e+00 1.539078863007913300e-01
2.009999999999999787e+00 1.340312272362252921e-01
2.070000000000000284e+00 1.159520207540592068e-01
2.129999999999999893e+00 9.997089778361881174e-02
2.189999999999999947e+00 8.612138593784070262e-02
2.250000000000000000e+00 7.372833843326813408e-02
2.309999999999999609e+00 6.282702135165790791e-02
2.370000000000000107e+00 5.326209008640610254e-02
2.429999999999999716e+00 4.518988265486963835e-02
2.490000000000000213e+00 3.814759382218809586e-02
2.549999999999999822e+00 3.216142479698921863e-02
2.609999999999999876e+00 2.705094735114006374e-02
2.669999999999999929e+00 2.277120964803700659e-02
2.729999999999999538e+00 1.895328376904091214e-02
2.790000000000000036e+00 1.565416665614270675e-02
2.849999999999999645e+00 1.308533062352733659e-02
2.910000000000000142e+00 1.078446714171120945e-02
2.969999999999999751e+00 8.937468197972579798e-03
3.030000000000000249e+00 7.375578140533794493e-03
3.089999999999999858e+00 6.109724487685092367e-03
3.149999999999999911e+00 5.009522078008898580e-03
3.209999999999999964e+00 4.081179728715463723e-03
3.269999999999999574e+00 3.323331500018619506e-03
3.330000000000000071e+00 2.685189267137564392e-03
3.389999999999999680e+00 2.194568531174721435e-03
3.450000000000000178e+00 1.792609704975854515e-03
3.509999999999999787e+00 1.449634642275431182e-03
3.569999999999999840e+00 1.163532345221936866e-03
3.629999999999999893e+00 9.354204009132107908e-04
3.689999999999999503e+00 7.682790416102529708e-04
3.750000000000000000e+00 5.996475661768080464e-04
3.809999999999999609e+00 4.880130327344907142e-04
3.870000000000000107e+00 3.866851358613751033e-04
3.929999999999999716e+00 3.046045723403831892e-04
3.989999999999999769e+00 2.338240561422526471e-04
4.049999999999999822e+00 1.929700388980643661e-04
4.109999999999999432e+00 1.472731442297990677e-04
4.169999999999999929e+00 1.312543958270618292e-04
4.230000000000000426e+00 1.061707742971991470e-04
4.290000000000000036e+00 8.034209470208987687e-05
4.349999999999999645e+00 5.836288177740771776e-05
4.410000000000000142e+00 5.091230112497269097e-05
4.469999999999999751e+00 3.489355272223686872e-05
4.529999999999999361e+00 2.707044303718060457e-05
4.589999999999999858e+00 2.446273980882798232e-05
4.650000000000000355e+00 1.825392259846581801e-05
4.709999999999999964e+00 1.403192689541909592e-05
4.769999999999999574e+00 1.216928173231054590e-05
4.830000000000000071e+00 8.071462373471280152e-06
4.889999999999999680e+00 8.568167750300155109e-06
4.949999999999999289e+00 6.457169898777024460e-06
5.009999999999999787e+00 3.601113982010210376e-06
5.070000000000000284e+00 2.607703228352259715e-06
5.129999999999999893e+00 1.614292474694232186e-06
5.189999999999999503e+00 2.235174195730508206e-06
5.250000000000000000e+00 1.241763442072504818e-06
5.309999999999999609e+00 8.692344094507404977e-07
5.369999999999999218e+00 1.117587097865254103e-06
5.429999999999999716e+00 7.450580652434917946e-07
5.490000000000000213e+00 2.483526884145009530e-07
5.549999999999999822e+00 2.483526884144973002e-07
5.609999999999999432e+00 2.483526884145009530e-07
5.669999999999999929e+00 1.241763442072486501e-07
5.730000000000000426e+00 0.000000000000000000e+00
5.789999999999999147e+00 0.000000000000000000e+00
5.849999999999999645e+00 1.241763442072486501e-07
5.910000000000000142e+00 0.000000000000000000e+00
5.969999999999999751e+00 1.241763442072486501e-07
