2.999999999999999889e-02 9.647260325216608368e-02
8.999999999999999667e-02 1.619800961460194644e-01
1.499999999999999944e-01 2.419299189681045070e-01
2.099999999999999922e-01 3.234017712638178055e-01
2.700000000000000178e-01 4.040607651982379700e-01
3.299999999999999600e-01 4.797581690495796858e-01
3.900000000000000133e-01 5.495847636120092528e-01
4.499999999999999556e-01 6.111929950633073760e-01
5.100000000000000089e-01 6.629745313693348185e-01
5.700000000000000622e-01 7.041589824791528729e-01
6.299999999999998934e-01 7.345787103255805306e-01
6.899999999999999467e-01 7.538418143604597166e-01
7.500000000000000000e-01 7.630097539898939019e-01
8.100000000000000533e-01 7.616820604978472575e-01
8.699999999999998845e-01 7.518954743123540396e-01
9.299999999999999378e-01 7.338288093717371119e-01
9.899999999999999911e-01 7.084412037729486133e-01
1.050000000000000044e+00 6.776785008587098424e-01
1.109999999999999876e+00 6.421923780931336756e-01
1.169999999999999929e+00 6.045447176717277937e-01
1.229999999999999982e+00 5.637657023317891314e-01
1.290000000000000036e+00 5.230626829156397317e-01
1.349999999999999867e+00 4.809172310636811165e-01
1.409999999999999920e+00 4.400023668011554534e-01
1.469999999999999973e+00 3.999860425787027940e-01
1.530000000000000027e+00 3.614477894033739092e-01
1.589999999999999858e+00 3.242974552479323536e-01
1.649999999999999911e+00 2.902701561958375143e-01
1.709999999999999964e+00 2.577153402552951333e-01
1.770000000000000018e+00 2.281894337477911594e-01
1.829999999999999849e+00 2.010000293677056682e-01
1.889999999999999902e+00 1.762415011380450147e-01
1.949999999999999956e+00 1.539710943543409205e-01
2.009999999999999787e+00 1.338094502793873430e-01
2.070000000000000284e+00 1.160148557129841579e-01
2.129999999999999893e+00 9.994705741485825079e-02
2.189999999999999947e+00 8.604340447582518869e-02
2.250000000000000000e+00 7.368003493328961762e-02
2.309999999999999609e+00 6.279200455826525196e-02
2.370000000000000107e+00 5.350659410546056149e-02
2.429999999999999716e+00 4.522502523418567982e-02
2.490000000000000213e+00 3.815914279081491362e-02
2.549999999999999822e+00 3.223729702367301303e-02
2.609999999999999876e+00 2.709403694631259615e-02
2.669999999999999929e+00 2.275978576351718116e-02
2.729999999999999538e+00 1.898345890355885787e-02
2.790000000000000036e+00 1.573624745415206153e-02
2.849999999999999645e+00 1.306744942468166491e-02
2.910000000000000142e+00 1.087288086080532255e-02
2.969999999999999751e+00 8.895248373491645294e-03
3.030000000000000249e+00 7.441143361156899415e-03
3.089999999999999858e+00 6.052230930502404752e-03
3.149999999999999911e+00 4.968047253073350211e-03
3.209999999999999964e+00 4.054109346089220835e-03
3.269999999999999574e+00 3.298372103982537360e-03
3.330000000000000071e+00 2.711266339822103553e-03
3.389999999999999680e+00 2.195065269260572122e-03
3.450000000000000178e+00 1.779571215351771112e-03
3.509999999999999787e+00 1.448889605800325348e-03
3.569999999999999840e+00 1.170734590631262529e-03
3.629999999999999893e+00 9.279698340886040168e-04
3.689999999999999503e+00 7.551163603763951871e-04
3.750000000000000000e+00 6.025036310715786757e-04
3.809999999999999609e+00 4.824251044338587809e-04
3.870000000000000107e+00 3.879269050840090135e-04
3.929999999999999716e+00 3.088265726453042230e-04
3.989999999999999769e+00 2.458691651940920347e-04
4.049999999999999822e+00 2.030283258042093575e-04
4.109999999999999432e+00 1.534819637272210897e-04
4.169999999999999929e+00 1.221895245206984732e-04
4.230000000000000426e+00 1.030663672278264546e-04
4.290000000000000036e+00 7.376074955822652080e-05
4.349999999999999645e+00 5.513429764958427171e-05
4.410000000000000142e+00 5.314747611266231408e-05
4.469999999999999751e+00 3.688037477911326040e-05
4.529999999999999361e+00 2.893308863142597876e-05
4.589999999999999858e+00 2.545615094181218191e-05
4.650000000000000355e+00 1.663963037172137905e-05
4.709999999999999964e+00 1.353522172028062248e-05
4.769999999999999574e+00 1.266598729787746888e-05
4.830000000000000071e+00 1.030663672278264546e-05
4.889999999999999680e+00 6.208817302881020184e-06
4.949999999999999289e+00 4.967053842304889839e-06
5.009999999999999787e+00 4.470348458074334363e-06
5.070000000000000284e+00 2.235174229037200216e-06
5.129999999999999893e+00 2.731879613267648542e-06
5.189999999999999503e+00 2.483526921152444919e-06
5.250000000000000000e+00 1.241763460576222460e-06
5.309999999999999609e+00 9.934107684609631447e-07
5.369999999999999218e+00 7.450580763457334758e-07
5.429999999999999716e+00 3.725290381728612322e-07
5.490000000000000213e+00 9.934107684609777560e-07
5.549999999999999822e+00 6.208817302881020184e-07
5.609999999999999432e+00 7.450580763457334758e-07
5.669999999999999929e+00 4.967053842304815724e-07
5.730000000000000426e+00 0.000000000000000000e+00
5.789999999999999147e+00 0.000000000000000000e+00
5.849999999999999645e+00 0.000000000000000000e+00
5.910000000000000142e+00 1.241763460576222195e-07
5.969999999999999751e+00 1.241763460576203931e-07
