2.999999999999999889e-02 9.608144847794716781e-02
8.999999999999999667e-02 1.616891521718845370e-01
1.499999999999999944e-01 2.413940998333921062e-01
2.099999999999999922e-01 3.232859171416138655e-01
2.700000000000000178e-01 4.038589816448782677e-01
3.299999999999999600e-01 4.797664924393045816e-01
3.900000000000000133e-01 5.496043875695582059e-01
4.499999999999999556e-01 6.113810026063820624e-01
5.100000000000000089e-01 6.625467487935243760e-01
5.700000000000000622e-01 7.038664282520548099e-01
6.299999999999998934e-01 7.343293696938770765e-01
6.899999999999999467e-01 7.543095922761033911e-01
7.500000000000000000e-01 7.630321114172167185e-01
8.100000000000000533e-01 7.622936346817112963e-01
8.699999999999998845e-01 7.520524388169982366e-01
9.299999999999999378e-01 7.339546054786816320e-01
9.899999999999999911e-01 7.086238724576587877e-01
1.050000000000000044e+00 6.779398971182071243e-01
1.109999999999999876e+00 6.429021748771935885e-01
1.169999999999999929e+00 6.046119015796547203e-01
1.229999999999999982e+00 5.642635295072251367e-01
1.290000000000000036e+00 5.229373928786549275e-01
1.349999999999999867e+00 4.809106533004037232e-01
1.409999999999999920e+00 4.396983863820147498e-01
1.469999999999999973e+00 4.002772390925057877e-01
1.530000000000000027e+00 3.613123157018116594e-01
1.589999999999999858e+00 3.248541402276606815e-01
1.649999999999999911e+00 2.900055385630984084e-01
1.709999999999999964e+00 2.581586517341527554e-01
1.770000000000000018e+00 2.281864552156074033e-01
1.829999999999999849e+00 2.009363283992704474e-01
1.889999999999999902e+00 1.764612945853061277e-01
1.949999999999999956e+00 1.538847929403619474e-01
2.009999999999999787e+00 1.337731917830264905e-01
2.070000000000000284e+00 1.159410958272544256e-01
2.129999999999999893e+00 9.999648034562103049e-02
2.189999999999999947e+00 8.598901587692006632e-02
2.250000000000000000e+00 7.359422962648354272e-02
2.309999999999999609e+00 6.253098634474429929e-02
2.370000000000000107e+00 5.327786167297343667e-02
2.429999999999999716e+00 4.523992673277632548e-02
2.490000000000000213e+00 3.813542539284897614e-02
2.549999999999999822e+00 3.215732769640267108e-02
2.609999999999999876e+00 2.692428808185341055e-02
2.669999999999999929e+00 2.259910174009505113e-02
2.729999999999999538e+00 1.886983768750738477e-02
2.790000000000000036e+00 1.573475745523245095e-02
2.849999999999999645e+00 1.307874956961718738e-02
2.910000000000000142e+00 1.078918608394818790e-02
2.969999999999999751e+00 8.951003619561692659e-03
3.030000000000000249e+00 7.342919926134339192e-03
3.089999999999999858e+00 6.062289259700648358e-03
3.149999999999999911e+00 4.927814153665758048e-03
3.209999999999999964e+00 4.058828077480036711e-03
3.269999999999999574e+00 3.337984383244840814e-03
3.330000000000000071e+00 2.697358609160538379e-03
3.389999999999999680e+00 2.183765238039647727e-03
3.450000000000000178e+00 1.765042596013621790e-03
3.509999999999999787e+00 1.445785207920824433e-03
3.569999999999999840e+00 1.177688474784952324e-03
3.629999999999999893e+00 9.526809340520969727e-04
3.689999999999999503e+00 7.645537683731440382e-04
3.750000000000000000e+00 6.068498077049788719e-04
3.809999999999999609e+00 4.909932759700197380e-04
3.870000000000000107e+00 3.769993894398027123e-04
3.929999999999999716e+00 2.951671767781327560e-04
3.989999999999999769e+00 2.534439241919114283e-04
4.049999999999999822e+00 2.000480949893009637e-04
4.109999999999999432e+00 1.549720810345445459e-04
4.169999999999999929e+00 1.250455814116859465e-04
4.230000000000000426e+00 9.499490544184822612e-05
4.290000000000000036e+00 7.847945129313357870e-05
4.349999999999999645e+00 6.010135193967913373e-05
4.410000000000000142e+00 4.693865915950147380e-05
4.469999999999999751e+00 3.899137295260118169e-05
4.529999999999999361e+00 2.880891250001148791e-05
4.589999999999999858e+00 2.173086072199110043e-05
4.650000000000000355e+00 1.825392300647279650e-05
4.709999999999999964e+00 1.514951433190236873e-05
4.769999999999999574e+00 1.043081314655588250e-05
4.830000000000000071e+00 6.953875431037255849e-06
4.889999999999999680e+00 7.326404471985571622e-06
4.949999999999999289e+00 3.476937715518627925e-06
5.009999999999999787e+00 5.712111961209089653e-06
5.070000000000000284e+00 4.221995797415476735e-06
5.129999999999999893e+00 2.110997898707707027e-06
5.189999999999999503e+00 2.856055980604587178e-06
5.250000000000000000e+00 1.490116163793697621e-06
5.309999999999999609e+00 1.862645204742094498e-06
5.369999999999999218e+00 3.725290409484244054e-07
5.429999999999999716e+00 7.450580818968377993e-07
5.490000000000000213e+00 3.725290409484244054e-07
5.549999999999999822e+00 3.725290409484188996e-07
5.609999999999999432e+00 2.483526939656162879e-07
5.669999999999999929e+00 4.967053879312251642e-07
5.730000000000000426e+00 1.241763469828081439e-07
5.789999999999999147e+00 1.241763469828081439e-07
5.849999999999999645e+00 2.483526939656125821e-07
5.910000000000000142e+00 0.000000000000000000e+00
5.969999999999999751e+00 0.000000000000000000e+00
