2.999999999999999889e-02 9.624486311641629321e-02
8.999999999999999667e-02 1.618905637943332254e-01
1.499999999999999944e-01 2.415796156959675312e-01
2.099999999999999922e-01 3.236065356474102095e-01
2.700000000000000178e-01 4.036199361625304460e-01
3.299999999999999600e-01 4.796313814267225695e-01
3.900000000000000133e-01 5.497439535917434394e-01
4.499999999999999556e-01 6.112380665228477339e-01
5.100000000000000089e-01 6.630908796651786563e-01
5.700000000000000622e-01 7.039760654763794756e-01
6.299999999999998934e-01 7.349780559784885314e-01
6.899999999999999467e-01 7.537049664115645919e-01
7.500000000000000000e-01 7.630856200519041677e-01
8.100000000000000533e-01 7.619317734529350572e-01
8.699999999999998845e-01 7.519797844486409977e-01
9.299999999999999378e-01 7.333555678529867228e-01
9.899999999999999911e-01 7.084467864301812190e-01
1.050000000000000044e+00 6.776577583599744381e-01
1.109999999999999876e+00 6.431202189592571949e-01
1.169999999999999929e+00 6.040287604534932964e-01
1.229999999999999982e+00 5.638846590700441475e-01
1.290000000000000036e+00 5.227529832137587373e-01
1.349999999999999867e+00 4.817184132593629320e-01
1.409999999999999920e+00 4.402156984838198617e-01
1.469999999999999973e+00 3.995911588210533383e-01
1.530000000000000027e+00 3.612926904553075969e-01
1.589999999999999858e+00 3.247282205729923876e-01
1.649999999999999911e+00 2.902165098520590458e-01
1.709999999999999964e+00 2.579130270766170629e-01
1.770000000000000018e+00 2.283133600400895358e-01
1.829999999999999849e+00 2.011692802285542370e-01
1.889999999999999902e+00 1.763691531077396235e-01
1.949999999999999956e+00 1.535096539086547307e-01
2.009999999999999787e+00 1.340513448027472188e-01
2.070000000000000284e+00 1.159455644480222175e-01
2.129999999999999893e+00 1.001554245773268459e-01
2.189999999999999947e+00 8.573743332034554354e-02
2.250000000000000000e+00 7.347104559547268376e-02
2.309999999999999609e+00 6.273364120821610379e-02
2.370000000000000107e+00 5.337670524979683945e-02
2.429999999999999716e+00 4.519944457013570088e-02
2.490000000000000213e+00 3.825724181916176359e-02
2.549999999999999822e+00 3.223059126084928255e-02
2.609999999999999876e+00 2.712036212961436293e-02
2.669999999999999929e+00 2.269285454391717707e-02
2.729999999999999538e+00 1.895055203066096927e-02
2.790000000000000036e+00 1.572743081640347665e-02
2.849999999999999645e+00 1.309017359848081360e-02
2.910000000000000142e+00 1.081700142448645090e-02
2.969999999999999751e+00 8.863334986517843600e-03
3.030000000000000249e+00 7.363036384627758349e-03
3.089999999999999858e+00 6.025036265825766887e-03
3.149999999999999911e+00 4.941349301855039490e-03
3.209999999999999964e+00 4.066526950396995473e-03
3.269999999999999574e+00 3.333762337770493963e-03
3.330000000000000071e+00 2.724429012205633206e-03
3.389999999999999680e+00 2.208848827215761403e-03
3.450000000000000178e+00 1.779447025747799482e-03
3.509999999999999787e+00 1.413623512987644904e-03
3.569999999999999840e+00 1.177936809926291052e-03
3.629999999999999893e+00 9.302050013870737533e-04
3.689999999999999503e+00 7.273008534406743110e-04
3.750000000000000000e+00 6.012618631312523047e-04
3.809999999999999609e+00 4.793206922112007787e-04
3.870000000000000107e+00 3.961225409724690233e-04
3.929999999999999716e+00 3.017485186718180720e-04
3.989999999999999769e+00 2.458691633622239899e-04
4.049999999999999822e+00 2.007931500791466201e-04
4.109999999999999432e+00 1.523643754774994005e-04
4.169999999999999929e+00 1.198301730527993002e-04
4.230000000000000426e+00 9.549160940684354852e-05
4.290000000000000036e+00 8.419156199979059801e-05
4.349999999999999645e+00 6.159146718568842395e-05
4.410000000000000142e+00 5.178153592022595995e-05
4.469999999999999751e+00 3.911554871671686710e-05
4.529999999999999361e+00 3.029902821231446881e-05
4.589999999999999858e+00 2.272427115923551194e-05
4.650000000000000355e+00 1.825392273446814191e-05
4.709999999999999964e+00 1.390775065483266472e-05
4.769999999999999574e+00 1.216928182297876184e-05
4.830000000000000071e+00 9.064873194667854331e-06
4.889999999999999680e+00 8.071462433608242633e-06
4.949999999999999289e+00 4.967053805297454555e-06
5.009999999999999787e+00 4.594524769900076875e-06
5.070000000000000284e+00 3.849466699105526497e-06
5.129999999999999893e+00 3.228584973443297138e-06
5.189999999999999503e+00 1.986821522118981568e-06
5.250000000000000000e+00 1.117587106191927000e-06
5.309999999999999609e+00 1.365939796456779526e-06
5.369999999999999218e+00 7.450580707946181409e-07
5.429999999999999716e+00 9.934107610594761727e-07
5.490000000000000213e+00 6.208817256621818194e-07
5.549999999999999822e+00 1.241763451324345216e-07
5.609999999999999432e+00 2.483526902648726960e-07
5.669999999999999929e+00 0.000000000000000000e+00
5.730000000000000426e+00 6.208817256621818194e-07
5.789999999999999147e+00 2.483526902648726960e-07
5.849999999999999645e+00 2.483526902648690432e-07
5.910000000000000142e+00 1.241763451324363480e-07
5.969999999999999751e+00 0.000000000000000000e+00
