2.999999999999999889e-02 9.596074835371656842e-02
8.999999999999999667e-02 1.616358793147477380e-01
1.499999999999999944e-01 2.415393843597532786e-01
2.099999999999999922e-01 3.234197768339961976e-01
2.700000000000000178e-01 4.038677951564644264e-01
3.299999999999999600e-01 4.799145070692662496e-01
3.900000000000000133e-01 5.497594797309123260e-01
4.499999999999999556e-01 6.113616265412535888e-01
5.100000000000000089e-01 6.628150889409968327e-01
5.700000000000000622e-01 7.040585238151921832e-01
6.299999999999998934e-01 7.344658340270141528e-01
6.899999999999999467e-01 7.539916952101513026e-01
7.500000000000000000e-01 7.628678204263500406e-01
8.100000000000000533e-01 7.617657553550900573e-01
8.699999999999998845e-01 7.524072050344574603e-01
9.299999999999999378e-01 7.337141946043259644e-01
9.899999999999999911e-01 7.086519310322083598e-01
1.050000000000000044e+00 6.777012251300383872e-01
1.109999999999999876e+00 6.431229556304894901e-01
1.169999999999999929e+00 6.047133491496740065e-01
1.229999999999999982e+00 5.645676331746293242e-01
1.290000000000000036e+00 5.224752046224411250e-01
1.349999999999999867e+00 4.812975832116556107e-01
1.409999999999999920e+00 4.400786110776348514e-01
1.469999999999999973e+00 3.995360275005899742e-01
1.530000000000000027e+00 3.608483901809537708e-01
1.589999999999999858e+00 3.246704809914894296e-01
1.649999999999999911e+00 2.901759063491797797e-01
1.709999999999999964e+00 2.577847548327413807e-01
1.770000000000000018e+00 2.281804930508750107e-01
1.829999999999999849e+00 2.011577333271988566e-01
1.889999999999999902e+00 1.763795852348610804e-01
1.949999999999999956e+00 1.541717633295700274e-01
2.009999999999999787e+00 1.339811861659850334e-01
2.070000000000000284e+00 1.158919211303871127e-01
2.129999999999999893e+00 1.000026884178920605e-01
2.189999999999999947e+00 8.590941819842902449e-02
2.250000000000000000e+00 7.339852715677698536e-02
2.309999999999999609e+00 6.255681455883212172e-02
2.370000000000000107e+00 5.341743548899119398e-02
2.429999999999999716e+00 4.519770643805300775e-02
2.490000000000000213e+00 3.818385388368038258e-02
2.549999999999999822e+00 3.206506443169108989e-02
2.609999999999999876e+00 2.711316010360546869e-02
2.669999999999999929e+00 2.265746445436570000e-02
2.729999999999999538e+00 1.894322576743618855e-02
2.790000000000000036e+00 1.572569246473716140e-02
2.849999999999999645e+00 1.307862529582685084e-02
2.910000000000000142e+00 1.083239937199053683e-02
2.969999999999999751e+00 8.951996963639978835e-03
3.030000000000000249e+00 7.391100293695678294e-03
3.089999999999999858e+00 6.041675941087507225e-03
3.149999999999999911e+00 4.955505442121531032e-03
3.209999999999999964e+00 4.048024705132396810e-03
3.269999999999999574e+00 3.356238281245389060e-03
3.330000000000000071e+00 2.692764064259518114e-03
3.389999999999999680e+00 2.211704899632293241e-03
3.450000000000000178e+00 1.777708570160906791e-03
3.509999999999999787e+00 1.416107050441113525e-03
3.569999999999999840e+00 1.153225725837137700e-03
3.629999999999999893e+00 9.328127115848512500e-04
3.689999999999999503e+00 7.492800721116870191e-04
3.750000000000000000e+00 6.186465560590693807e-04
3.809999999999999609e+00 4.790723430903030041e-04
3.870000000000000107e+00 3.824631458574736555e-04
3.929999999999999716e+00 3.113100995664566683e-04
3.989999999999999769e+00 2.441306963492852905e-04
4.049999999999999822e+00 1.996755644606536078e-04
4.109999999999999432e+00 1.570830777628921273e-04
4.169999999999999929e+00 1.241763460576203969e-04
4.230000000000000426e+00 9.573996281042674900e-05
4.290000000000000036e+00 7.326404417399603986e-05
4.349999999999999645e+00 6.308158379727209545e-05
4.410000000000000142e+00 5.041559649939462826e-05
4.469999999999999751e+00 4.259248669776379795e-05
4.529999999999999361e+00 3.042320478411744529e-05
4.589999999999999858e+00 2.322097671277501430e-05
4.650000000000000355e+00 1.577039594931802386e-05
4.709999999999999964e+00 1.341104537422300224e-05
4.769999999999999574e+00 1.130004749124362258e-05
4.830000000000000071e+00 9.437402300379290270e-06
4.889999999999999680e+00 5.339582880477676850e-06
4.949999999999999289e+00 4.967053842304889839e-06
5.009999999999999787e+00 5.091230188362436381e-06
5.070000000000000284e+00 3.849466727786289096e-06
5.129999999999999893e+00 1.986821536921926289e-06
5.189999999999999503e+00 2.359350575094822568e-06
5.250000000000000000e+00 1.614292498749089092e-06
5.309999999999999609e+00 6.208817302881020184e-07
5.369999999999999218e+00 6.208817302881112299e-07
5.429999999999999716e+00 7.450580763457224644e-07
5.490000000000000213e+00 2.483526921152444390e-07
5.549999999999999822e+00 8.692344224033428046e-07
5.609999999999999432e+00 2.483526921152444390e-07
5.669999999999999929e+00 2.483526921152407862e-07
5.730000000000000426e+00 1.241763460576222195e-07
5.789999999999999147e+00 1.241763460576222195e-07
5.849999999999999645e+00 0.000000000000000000e+00
5.910000000000000142e+00 1.241763460576222195e-07
5.969999999999999751e+00 0.000000000000000000e+00
