2.999999999999999889e-02 9.631291031837463379e-02
8.999999999999999667e-02 1.615263521671295166e-01
1.499999999999999944e-01 2.416002253691355572e-01
2.099999999999999922e-01 3.232198456923167096e-01
2.700000000000000178e-01 4.036794106165568219e-01
3.299999999999999600e-01 4.800677299499511719e-01
3.900000000000000133e-01 5.499213933944702148e-01
4.499999999999999556e-01 6.108708679676055908e-01
5.100000000000000089e-01 6.632611155509943179e-01
5.700000000000000622e-01 7.037426034609483017e-01
6.299999999999998934e-01 7.347008834282564571e-01
6.899999999999999467e-01 7.541759560505542082e-01
7.500000000000000000e-01 7.631145417690270438e-01
8.100000000000000533e-01 7.622296611468004635e-01
8.699999999999998845e-01 7.518277813990917879e-01
9.299999999999999378e-01 7.330740491549166959e-01
9.899999999999999911e-01 7.082026451826088920e-01
1.050000000000000044e+00 6.778631359338754825e-01
1.109999999999999876e+00 6.428107619285601260e-01
1.169999999999999929e+00 6.045535206794733218e-01
1.229999999999999982e+00 5.648046731948846988e-01
1.290000000000000036e+00 5.224666247765238358e-01
1.349999999999999867e+00 4.813812673091883987e-01
1.409999999999999920e+00 4.401796807845429482e-01
1.469999999999999973e+00 3.999639302492138393e-01
1.530000000000000027e+00 3.612988938887911061e-01
1.589999999999999858e+00 3.246661275625237764e-01
1.649999999999999911e+00 2.901874482631680574e-01
1.709999999999999964e+00 2.577365686496096431e-01
1.770000000000000018e+00 2.284360428651180386e-01
1.829999999999999849e+00 2.010309447844821351e-01
1.889999999999999902e+00 1.762655874093372044e-01
1.949999999999999956e+00 1.539687315622964014e-01
2.009999999999999787e+00 1.338082055250802427e-01
2.070000000000000284e+00 1.157535860935845901e-01
2.129999999999999893e+00 9.992954631646465413e-02
2.189999999999999947e+00 8.590805033842778549e-02
2.250000000000000000e+00 7.361980775992069126e-02
2.309999999999999609e+00 6.284055610497786548e-02
2.370000000000000107e+00 5.329710741837814791e-02
2.429999999999999716e+00 4.518566032250718317e-02
2.490000000000000213e+00 3.819415966669714724e-02
2.549999999999999822e+00 3.221717973550158182e-02
2.609999999999999876e+00 2.699630955855069139e-02
2.669999999999999929e+00 2.270725866158801454e-02
2.729999999999999538e+00 1.890187462170916932e-02
2.790000000000000036e+00 1.565093795458474477e-02
2.849999999999999645e+00 1.312792301177977301e-02
2.910000000000000142e+00 1.082246502240497878e-02
2.969999999999999751e+00 8.937964836756380829e-03
3.030000000000000249e+00 7.335841655731194233e-03
3.089999999999999858e+00 6.022801001866653035e-03
3.149999999999999911e+00 4.940976699193350488e-03
3.209999999999999964e+00 4.082048932711279318e-03
3.269999999999999574e+00 3.333141406377153684e-03
3.330000000000000071e+00 2.691522240638730308e-03
3.389999999999999680e+00 2.210090557734169670e-03
3.450000000000000178e+00 1.767526070276894496e-03
3.509999999999999787e+00 1.437092820803323153e-03
3.569999999999999840e+00 1.143415768941251007e-03
3.629999999999999893e+00 9.449819723765047388e-04
3.689999999999999503e+00 7.590899864832553355e-04
3.750000000000000000e+00 6.057322025299066845e-04
3.809999999999999609e+00 4.844119151433304402e-04
3.870000000000000107e+00 3.940115372339880826e-04
3.929999999999999716e+00 3.054738044738766821e-04
3.989999999999999769e+00 2.466142177581803372e-04
4.049999999999999822e+00 1.968195041020694819e-04
4.109999999999999432e+00 1.565863688786834663e-04
4.169999999999999929e+00 1.206994056701650127e-04
4.230000000000000426e+00 9.400149186452291708e-05
4.290000000000000036e+00 7.065633932749371159e-05
4.349999999999999645e+00 6.072223186492959224e-05
4.410000000000000142e+00 4.445513089497912801e-05
4.469999999999999751e+00 4.097819328308071587e-05
4.529999999999999361e+00 2.992649873097757168e-05
4.589999999999999858e+00 2.173086007436098466e-05
4.650000000000000355e+00 1.899898052215588708e-05
4.709999999999999964e+00 1.403192679087309387e-05
4.769999999999999574e+00 1.179675261179613856e-05
4.830000000000000071e+00 7.450580596923876406e-06
4.889999999999999680e+00 7.947285970052017829e-06
4.949999999999999289e+00 5.091230074564649202e-06
5.009999999999999787e+00 4.097819328308071587e-06
5.070000000000000284e+00 2.980232238769550732e-06
5.129999999999999893e+00 2.731879552205380917e-06
5.189999999999999503e+00 2.856055895487485941e-06
5.250000000000000000e+00 1.490116119384775366e-06
5.309999999999999609e+00 1.738468805948878900e-06
5.369999999999999218e+00 8.692344029744522615e-07
5.429999999999999716e+00 7.450580596923766715e-07
5.490000000000000213e+00 0.000000000000000000e+00
5.549999999999999822e+00 3.725290298461883358e-07
5.609999999999999432e+00 4.967053731282584200e-07
5.669999999999999929e+00 4.967053731282511143e-07
5.730000000000000426e+00 2.483526865641292100e-07
5.789999999999999147e+00 0.000000000000000000e+00
5.849999999999999645e+00 1.241763432820627786e-07
5.910000000000000142e+00 1.241763432820646050e-07
5.969999999999999751e+00 1.241763432820627786e-07
