2.999999999999999889e-02 9.639238461443362660e-02
8.999999999999999667e-02 1.619764938251648523e-01
1.499999999999999944e-01 2.418754037500729925e-01
2.099999999999999922e-01 3.231948910632961858e-01
2.700000000000000178e-01 4.036147207560348837e-01
3.299999999999999600e-01 4.799397112916863883e-01
3.900000000000000133e-01 5.492352031057358142e-01
4.499999999999999556e-01 6.113160492675907554e-01
5.100000000000000089e-01 6.630980818931963006e-01
5.700000000000000622e-01 7.038906321509282860e-01
6.299999999999998934e-01 7.344089557887464315e-01
6.899999999999999467e-01 7.540722800404663362e-01
7.500000000000000000e-01 7.633298749227797053e-01
8.100000000000000533e-01 7.620019330879347352e-01
8.699999999999998845e-01 7.517726583049600952e-01
9.299999999999999378e-01 7.337134440796583279e-01
9.899999999999999911e-01 7.081918523936242549e-01
1.050000000000000044e+00 6.778565646885313933e-01
1.109999999999999876e+00 6.425687518105239748e-01
1.169999999999999929e+00 6.043588211788553100e-01
1.229999999999999982e+00 5.642184450857601341e-01
1.290000000000000036e+00 5.228142021519089910e-01
1.349999999999999867e+00 4.811024985875060889e-01
1.409999999999999920e+00 4.398471430914667746e-01
1.469999999999999973e+00 3.998984952752561162e-01
1.530000000000000027e+00 3.612494770872015093e-01
1.589999999999999858e+00 3.251308002839117806e-01
1.649999999999999911e+00 2.904512031443593489e-01
1.709999999999999964e+00 2.580496210562627790e-01
1.770000000000000018e+00 2.281247361718333477e-01
1.829999999999999849e+00 2.012542168486248229e-01
1.889999999999999902e+00 1.760328835651210067e-01
1.949999999999999956e+00 1.541319015741133558e-01
2.009999999999999787e+00 1.336983114535356953e-01
2.070000000000000284e+00 1.160347230638272970e-01
2.129999999999999893e+00 1.000714813680173287e-01
2.189999999999999947e+00 8.583900957066388504e-02
2.250000000000000000e+00 7.339529802494187960e-02
2.309999999999999609e+00 6.270582570690645674e-02
2.370000000000000107e+00 5.332964241499164870e-02
2.429999999999999716e+00 4.516802795481719007e-02
2.490000000000000213e+00 3.838377751485171768e-02
2.549999999999999822e+00 3.211498308353098047e-02
2.609999999999999876e+00 2.698823849839345271e-02
2.669999999999999929e+00 2.261859708952798295e-02
2.729999999999999538e+00 1.887517698916558323e-02
2.790000000000000036e+00 1.572221540990791436e-02
2.849999999999999645e+00 1.307067791229502007e-02
2.910000000000000142e+00 1.078695074896439919e-02
2.969999999999999751e+00 8.946408961411442956e-03
3.030000000000000249e+00 7.419288268972751635e-03
3.089999999999999858e+00 6.078432094232713578e-03
3.149999999999999911e+00 4.942591065306364134e-03
3.209999999999999964e+00 4.062056601972227794e-03
3.269999999999999574e+00 3.327180991478474736e-03
3.330000000000000071e+00 2.716730078807422493e-03
3.389999999999999680e+00 2.219403816552018276e-03
3.450000000000000178e+00 1.772741503110647964e-03
3.509999999999999787e+00 1.435602726076085989e-03
3.569999999999999840e+00 1.159310358156425726e-03
3.629999999999999893e+00 9.469688079799525472e-04
3.689999999999999503e+00 7.708867505821590665e-04
3.750000000000000000e+00 5.953013985648954003e-04
3.809999999999999609e+00 4.850328040872927760e-04
3.870000000000000107e+00 3.938873667600851841e-04
3.929999999999999716e+00 3.041078692293343647e-04
3.989999999999999769e+00 2.432614601144427900e-04
4.049999999999999822e+00 2.017865608402060861e-04
4.109999999999999432e+00 1.585731927341212121e-04
4.169999999999999929e+00 1.172224698050181816e-04
4.230000000000000426e+00 9.921689976081664092e-05
4.290000000000000036e+00 7.761021570777157472e-05
4.349999999999999645e+00 5.687276607065584521e-05
4.410000000000000142e+00 4.445513155741220840e-05
4.469999999999999751e+00 3.539025836274383569e-05
4.529999999999999361e+00 2.955397014151984897e-05
4.589999999999999858e+00 2.396603461055986140e-05
4.650000000000000355e+00 1.837809907960058194e-05
4.709999999999999964e+00 1.341104527430292664e-05
4.769999999999999574e+00 1.378357430970043476e-05
4.830000000000000071e+00 9.437402230065162554e-06
4.889999999999999680e+00 7.450580707946070448e-06
4.949999999999999289e+00 5.463759185827199418e-06
5.009999999999999787e+00 4.346172079635207832e-06
5.070000000000000284e+00 2.856055938046035925e-06
5.129999999999999893e+00 2.483526902648690432e-06
5.189999999999999503e+00 2.235174212383853999e-06
5.250000000000000000e+00 1.365939796456799854e-06
5.309999999999999609e+00 4.967053805297380863e-07
5.369999999999999218e+00 1.365939796456799854e-06
5.429999999999999716e+00 8.692344159270415452e-07
5.490000000000000213e+00 2.483526902648726960e-07
5.549999999999999822e+00 3.725290353973035648e-07
5.609999999999999432e+00 1.241763451324363480e-07
5.669999999999999929e+00 2.483526902648690432e-07
5.730000000000000426e+00 2.483526902648726960e-07
5.789999999999999147e+00 0.000000000000000000e+00
5.849999999999999645e+00 0.000000000000000000e+00
5.910000000000000142e+00 2.483526902648726960e-07
5.969999999999999751e+00 1.241763451324345216e-07
