2.999999999999999889e-02 9.589356680711111358e-02
8.999999999999999667e-02 1.615648468335469656e-01
1.499999999999999944e-01 2.412930130958557129e-01
2.099999999999999922e-01 3.229704995950063440e-01
2.700000000000000178e-01 4.038291672865549908e-01
3.299999999999999600e-01 4.798613488674163818e-01
3.900000000000000133e-01 5.491918573776881640e-01
4.499999999999999556e-01 6.108714888493220752e-01
5.100000000000000089e-01 6.628416478633875064e-01
5.700000000000000622e-01 7.047116756439215646e-01
6.299999999999998934e-01 7.343714435895291048e-01
6.899999999999999467e-01 7.542652388413740860e-01
7.500000000000000000e-01 7.636404285828265470e-01
8.100000000000000533e-01 7.621593773365028524e-01
8.699999999999998845e-01 7.525614152352022579e-01
9.299999999999999378e-01 7.336517175038649308e-01
9.899999999999999911e-01 7.088830073674513566e-01
1.050000000000000044e+00 6.775894512732817399e-01
1.109999999999999876e+00 6.431744744380333278e-01
1.169999999999999929e+00 6.046195824940994168e-01
1.229999999999999982e+00 5.644260595242177603e-01
1.290000000000000036e+00 5.229263255993540360e-01
1.349999999999999867e+00 4.814875622590378823e-01
1.409999999999999920e+00 4.400781045357382570e-01
1.469999999999999973e+00 3.996434311072027956e-01
1.530000000000000027e+00 3.610460708538688057e-01
1.589999999999999858e+00 3.244817256927499116e-01
1.649999999999999911e+00 2.898904184500373793e-01
1.709999999999999964e+00 2.579243232806521235e-01
1.770000000000000018e+00 2.282001078128821081e-01
1.829999999999999849e+00 2.011610815922417472e-01
1.889999999999999902e+00 1.760824273029961695e-01
1.949999999999999956e+00 1.539853711922962165e-01
2.009999999999999787e+00 1.339185982942580067e-01
2.070000000000000284e+00 1.157326002915699259e-01
2.129999999999999893e+00 1.000697414080300995e-01
2.189999999999999947e+00 8.571706712245996673e-02
2.250000000000000000e+00 7.359733184178664234e-02
2.309999999999999609e+00 6.271985669930769947e-02
2.370000000000000107e+00 5.345729490121201022e-02
2.429999999999999716e+00 4.511599739392594538e-02
2.490000000000000213e+00 3.830579419930772722e-02
2.549999999999999822e+00 3.230869770050046053e-02
2.609999999999999876e+00 2.696265776952125326e-02
2.669999999999999929e+00 2.262902756532031434e-02
2.729999999999999538e+00 1.883270839850106210e-02
2.790000000000000036e+00 1.567639410495756669e-02
2.849999999999999645e+00 1.306918760140735741e-02
2.910000000000000142e+00 1.079055170218148896e-02
2.969999999999999751e+00 8.952741821606945843e-03
3.030000000000000249e+00 7.365395625432325996e-03
3.089999999999999858e+00 6.030127406120295089e-03
3.149999999999999911e+00 4.900867740313243591e-03
3.209999999999999964e+00 4.068017005920406687e-03
3.269999999999999574e+00 3.314639131228126322e-03
3.330000000000000071e+00 2.687176068623858220e-03
3.389999999999999680e+00 2.191712458928424083e-03
3.450000000000000178e+00 1.742690801620481881e-03
3.509999999999999787e+00 1.439576347668964284e-03
3.569999999999999840e+00 1.150617996851610635e-03
3.629999999999999893e+00 9.431193272272737817e-04
3.689999999999999503e+00 7.710109154383334605e-04
3.750000000000000000e+00 6.030003229777012447e-04
3.809999999999999609e+00 4.677722851435339268e-04
3.870000000000000107e+00 3.828356663386023404e-04
3.929999999999999716e+00 3.096958001454668333e-04
3.989999999999999769e+00 2.384185791015640450e-04
4.049999999999999822e+00 1.971920331319156733e-04
4.109999999999999432e+00 1.570830742518117306e-04
4.169999999999999929e+00 1.205752293268829535e-04
4.230000000000000426e+00 9.847184022267724106e-05
4.290000000000000036e+00 7.264316082000672791e-05
4.349999999999999645e+00 5.786617596944210672e-05
4.410000000000000142e+00 5.165735880533887822e-05
4.469999999999999751e+00 3.874301910400358777e-05
4.529999999999999361e+00 2.868473529815692463e-05
4.589999999999999858e+00 2.322097619374574012e-05
4.650000000000000355e+00 1.639127731323253030e-05
4.709999999999999964e+00 1.279016335805246545e-05
4.769999999999999574e+00 1.179675261179613856e-05
4.830000000000000071e+00 7.823109626770070353e-06
4.889999999999999680e+00 6.953875223795515601e-06
4.949999999999999289e+00 5.339582761128777936e-06
5.009999999999999787e+00 4.097819328308071587e-06
5.070000000000000284e+00 2.856055895487485941e-06
5.129999999999999893e+00 3.476937611897757800e-06
5.189999999999999503e+00 2.235174179077162837e-06
5.250000000000000000e+00 1.117587089538581419e-06
5.309999999999999609e+00 1.365939776102690459e-06
5.369999999999999218e+00 1.241763432820646050e-07
5.429999999999999716e+00 9.934107462565022287e-07
5.490000000000000213e+00 3.725290298461938415e-07
5.549999999999999822e+00 3.725290298461883358e-07
5.609999999999999432e+00 4.967053731282584200e-07
5.669999999999999929e+00 1.241763432820627786e-07
5.730000000000000426e+00 1.241763432820646050e-07
5.789999999999999147e+00 2.483526865641292100e-07
5.849999999999999645e+00 1.241763432820627786e-07
5.910000000000000142e+00 0.000000000000000000e+00
5.969999999999999751e+00 1.241763432820627786e-07
