2.999999999999999889e-02 9.627156103061976222e-02
8.999999999999999667e-02 1.617949480085812131e-01
1.499999999999999944e-01 2.414117292773484691e-01
2.099999999999999922e-01 3.230674861331903069e-01
2.700000000000000178e-01 4.036801616899196588e-01
3.299999999999999600e-01 4.794720631759176177e-01
3.900000000000000133e-01 5.494425776021070185e-01
4.499999999999999556e-01 6.115026863143248059e-01
5.100000000000000089e-01 6.627341210256131321e-01
5.700000000000000622e-01 7.046509639121741886e-01
6.299999999999998934e-01 7.346853723330112329e-01
6.899999999999999467e-01 7.543242338447400108e-01
7.500000000000000000e-01 7.629744822230106749e-01
8.100000000000000533e-01 7.625351463139334873e-01
8.699999999999998845e-01 7.519664975797119011e-01
9.299999999999999378e-01 7.333631426100397643e-01
9.899999999999999911e-01 7.084336237375971068e-01
1.050000000000000044e+00 6.781719726051678165e-01
1.109999999999999876e+00 6.426462378498866146e-01
1.169999999999999929e+00 6.045643330300494167e-01
1.229999999999999982e+00 5.636672262897172159e-01
1.290000000000000036e+00 5.226937510971305656e-01
1.349999999999999867e+00 4.811227393317626388e-01
1.409999999999999920e+00 4.404251839780582434e-01
1.469999999999999973e+00 4.000468860076893396e-01
1.530000000000000027e+00 3.613703006710153320e-01
1.589999999999999858e+00 3.248389858728504831e-01
1.649999999999999911e+00 2.901010258510858808e-01
1.709999999999999964e+00 2.577984123100597880e-01
1.770000000000000018e+00 2.283087655153196172e-01
1.829999999999999849e+00 2.009976685195812296e-01
1.889999999999999902e+00 1.761296169379791554e-01
1.949999999999999956e+00 1.539678646221934177e-01
2.009999999999999787e+00 1.336142440678810550e-01
2.070000000000000284e+00 1.158275969201463945e-01
2.129999999999999893e+00 1.000081514319997866e-01
2.189999999999999947e+00 8.588619658181419203e-02
2.250000000000000000e+00 7.345962137172049045e-02
2.309999999999999609e+00 6.274990830942846209e-02
2.370000000000000107e+00 5.351404428751330850e-02
2.429999999999999716e+00 4.519249069480828912e-02
2.490000000000000213e+00 3.821849879948044371e-02
2.549999999999999822e+00 3.217756796147772796e-02
2.609999999999999876e+00 2.709416092079141788e-02
2.669999999999999929e+00 2.266839180392608497e-02
2.729999999999999538e+00 1.882836250705065273e-02
2.790000000000000036e+00 1.569638673012037008e-02
2.849999999999999645e+00 1.308446148660472041e-02
2.910000000000000142e+00 1.082097506753068768e-02
2.969999999999999751e+00 8.962924415314056301e-03
3.030000000000000249e+00 7.403021167760402872e-03
3.089999999999999858e+00 6.048133066020399892e-03
3.149999999999999911e+00 4.943957005102820636e-03
3.209999999999999964e+00 4.025797109193557204e-03
3.269999999999999574e+00 3.334879924876685883e-03
3.330000000000000071e+00 2.666562835373918403e-03
3.389999999999999680e+00 2.212946646605131774e-03
3.450000000000000178e+00 1.782427258030977934e-03
3.509999999999999787e+00 1.438831311049529240e-03
3.569999999999999840e+00 1.161669708713942073e-03
3.629999999999999893e+00 9.448578101127012158e-04
3.689999999999999503e+00 7.537504149538829662e-04
3.750000000000000000e+00 6.131827922639661137e-04
3.809999999999999609e+00 4.962086751492119719e-04
3.870000000000000107e+00 3.917763688928337443e-04
3.929999999999999716e+00 3.239760844505240101e-04
3.989999999999999769e+00 2.451241052914293226e-04
4.049999999999999822e+00 1.964469779995113954e-04
4.109999999999999432e+00 1.516193174067047603e-04
4.169999999999999929e+00 1.234312870616399119e-04
4.230000000000000426e+00 9.400149326525432240e-05
4.290000000000000036e+00 7.736186301750669467e-05
4.349999999999999645e+00 5.625188434499366541e-05
4.410000000000000142e+00 4.755954018572312099e-05
4.469999999999999751e+00 3.464520029194922941e-05
4.529999999999999361e+00 2.719461958400355960e-05
4.589999999999999858e+00 2.284844750436794858e-05
4.650000000000000355e+00 1.713633562827621555e-05
4.709999999999999964e+00 1.403192699996509967e-05
4.769999999999999574e+00 1.105169471678683548e-05
4.830000000000000071e+00 8.568167814138107774e-06
4.889999999999999680e+00 6.705522637151463319e-06
4.949999999999999289e+00 6.457169946886689990e-06
5.009999999999999787e+00 3.352761318575731659e-06
5.070000000000000284e+00 3.352761318575781634e-06
5.129999999999999893e+00 2.980232283178428518e-06
5.189999999999999503e+00 2.483526902648727278e-06
5.250000000000000000e+00 1.241763451324363639e-06
5.309999999999999609e+00 1.490116141589214259e-06
5.369999999999999218e+00 1.117587106191927000e-06
5.429999999999999716e+00 4.967053805297380863e-07
5.490000000000000213e+00 3.725290353973090705e-07
5.549999999999999822e+00 3.725290353973035648e-07
5.609999999999999432e+00 2.483526902648726960e-07
5.669999999999999929e+00 1.241763451324345216e-07
5.730000000000000426e+00 1.241763451324363480e-07
5.789999999999999147e+00 1.241763451324363480e-07
5.849999999999999645e+00 2.483526902648690432e-07
5.910000000000000142e+00 1.241763451324363480e-07
5.969999999999999751e+00 2.483526902648690432e-07
