2.999999999999999889e-02 9.624325097513389271e-02
8.999999999999999667e-02 1.618076176124668697e-01
1.499999999999999944e-01 2.415787518612575457e-01
2.099999999999999922e-01 3.233424197885799156e-01
2.700000000000000178e-01 4.036360881093674080e-01
3.299999999999999600e-01 4.800985435681496272e-01
3.900000000000000133e-01 5.502324756321488319e-01
4.499999999999999556e-01 6.111989646354926142e-01
5.100000000000000089e-01 6.626501926276898713e-01
5.700000000000000622e-01 7.039903614914806429e-01
6.299999999999998934e-01 7.345726366306092325e-01
6.899999999999999467e-01 7.539954317359407465e-01
7.500000000000000000e-01 7.632280673792479764e-01
8.100000000000000533e-01 7.619613444542399083e-01
8.699999999999998845e-01 7.515187344769173050e-01
9.299999999999999378e-01 7.338059718586239510e-01
9.899999999999999911e-01 7.083367820209549581e-01
1.050000000000000044e+00 6.778503710224115242e-01
1.109999999999999876e+00 6.426595390833760302e-01
1.169999999999999929e+00 6.043264246605241086e-01
1.229999999999999982e+00 5.641250770833987627e-01
1.290000000000000036e+00 5.231630251989910496e-01
1.349999999999999867e+00 4.810678641399189770e-01
1.409999999999999920e+00 4.397353942096997592e-01
1.469999999999999973e+00 3.998146851788464406e-01
1.530000000000000027e+00 3.612427796389698353e-01
1.589999999999999858e+00 3.245864184419230414e-01
1.649999999999999911e+00 2.901197829638835213e-01
1.709999999999999964e+00 2.580199486769714223e-01
1.770000000000000018e+00 2.285644497187609425e-01
1.829999999999999849e+00 2.011807089490457445e-01
1.889999999999999902e+00 1.763307865583939593e-01
1.949999999999999956e+00 1.537434814029737529e-01
2.009999999999999787e+00 1.338849514928316664e-01
2.070000000000000284e+00 1.158535523658078131e-01
2.129999999999999893e+00 9.987429156431143484e-02
2.189999999999999947e+00 8.597324612140386235e-02
2.250000000000000000e+00 7.365855352301964309e-02
2.309999999999999609e+00 6.284589802893114641e-02
2.370000000000000107e+00 5.343978802759647567e-02
2.429999999999999716e+00 4.520652363225281106e-02
2.490000000000000213e+00 3.824147227809347044e-02
2.549999999999999822e+00 3.217905879687733839e-02
2.609999999999999876e+00 2.712309461545569372e-02
2.669999999999999929e+00 2.265237356172401448e-02
2.729999999999999538e+00 1.889777750637793366e-02
2.790000000000000036e+00 1.568769473660840477e-02
2.849999999999999645e+00 1.299418557413612417e-02
2.910000000000000142e+00 1.081725001896109706e-02
2.969999999999999751e+00 8.927906885540981899e-03
3.030000000000000249e+00 7.337207868839589787e-03
3.089999999999999858e+00 6.018330877708795087e-03
3.149999999999999911e+00 4.977112200500309613e-03
3.209999999999999964e+00 4.050135763367103750e-03
3.269999999999999574e+00 3.328422829325848164e-03
3.330000000000000071e+00 2.741317056416856489e-03
3.389999999999999680e+00 2.171347619519167858e-03
3.450000000000000178e+00 1.783172355958781300e-03
3.509999999999999787e+00 1.459568793310551211e-03
3.569999999999999840e+00 1.167133493987235985e-03
3.629999999999999893e+00 9.442369494923797844e-04
3.689999999999999503e+00 7.424503841418910073e-04
3.750000000000000000e+00 6.179015071901737760e-04
3.809999999999999609e+00 4.755954124876137163e-04
3.870000000000000107e+00 3.917763776497183389e-04
3.929999999999999716e+00 3.048529341141231167e-04
3.989999999999999769e+00 2.469867559890001705e-04
4.049999999999999822e+00 2.017865653504873676e-04
4.109999999999999432e+00 1.538544950580046351e-04
4.169999999999999929e+00 1.257906404307961230e-04
4.230000000000000426e+00 9.114543936446762814e-05
4.290000000000000036e+00 7.177392909081950283e-05
4.349999999999999645e+00 5.823870716884921577e-05
4.410000000000000142e+00 4.321336907198193442e-05
4.469999999999999751e+00 3.588696454540975142e-05
4.529999999999999361e+00 3.178914506444647473e-05
4.589999999999999858e+00 2.533197497323041037e-05
4.650000000000000355e+00 1.912315757783108320e-05
4.709999999999999964e+00 1.316269287824717352e-05
4.769999999999999574e+00 1.229345844289141063e-05
4.830000000000000071e+00 9.437402441007547397e-06
4.889999999999999680e+00 6.829699134939571773e-06
4.949999999999999289e+00 4.718701220503773699e-06
5.009999999999999787e+00 4.097819480963743403e-06
5.070000000000000284e+00 3.476937741423833385e-06
5.129999999999999893e+00 3.228585045607797550e-06
5.189999999999999503e+00 1.614292522803922704e-06
5.250000000000000000e+00 1.614292522803922704e-06
5.309999999999999609e+00 1.614292522803898775e-06
5.369999999999999218e+00 1.614292522803922704e-06
5.429999999999999716e+00 8.692344353559455350e-07
5.490000000000000213e+00 1.241763479079940419e-07
5.549999999999999822e+00 2.483526958159844310e-07
5.609999999999999432e+00 0.000000000000000000e+00
5.669999999999999929e+00 1.241763479079922155e-07
5.730000000000000426e+00 1.241763479079940419e-07
5.789999999999999147e+00 0.000000000000000000e+00
5.849999999999999645e+00 0.000000000000000000e+00
5.910000000000000142e+00 0.000000000000000000e+00
5.969999999999999751e+00 0.000000000000000000e+00
