2.999999999999999889e-02 9.636978380160866886e-02
8.999999999999999667e-02 1.620610567087510667e-01
1.499999999999999944e-01 2.417509772510651189e-01
2.099999999999999922e-01 3.237221414128105268e-01
2.700000000000000178e-01 4.035580933359123046e-01
3.299999999999999600e-01 4.800099915266781148e-01
3.900000000000000133e-01 5.495619069752238905e-01
4.499999999999999556e-01 6.115421698357326186e-01
5.100000000000000089e-01 6.626977324190064245e-01
5.700000000000000622e-01 7.046022815351862256e-01
6.299999999999998934e-01 7.340069914907744186e-01
6.899999999999999467e-01 7.543121831191984539e-01
7.500000000000000000e-01 7.628178901683623225e-01
8.100000000000000533e-01 7.622876571785988098e-01
8.699999999999998845e-01 7.511920041183042240e-01
9.299999999999999378e-01 7.335758512236855156e-01
9.899999999999999911e-01 7.084759625927300464e-01
1.050000000000000044e+00 6.774010808075542345e-01
1.109999999999999876e+00 6.426205285585481208e-01
1.169999999999999929e+00 6.043856387663799623e-01
1.229999999999999982e+00 5.644820672607570033e-01
1.290000000000000036e+00 5.223962206820380594e-01
1.349999999999999867e+00 4.812348669859379813e-01
1.409999999999999920e+00 4.400699121758580024e-01
1.469999999999999973e+00 4.000514775518434485e-01
1.530000000000000027e+00 3.611559696084951088e-01
1.589999999999999858e+00 3.245002303856140968e-01
1.649999999999999911e+00 2.900477520379998730e-01
1.709999999999999964e+00 2.580666312927996087e-01
1.770000000000000018e+00 2.282920000078187683e-01
1.829999999999999849e+00 2.010323122220656900e-01
1.889999999999999902e+00 1.761248969246313745e-01
1.949999999999999956e+00 1.539368193889915915e-01
2.009999999999999787e+00 1.335927605648294936e-01
2.070000000000000284e+00 1.159053304486372810e-01
2.129999999999999893e+00 1.000852641966336887e-01
2.189999999999999947e+00 8.592978183872890252e-02
2.250000000000000000e+00 7.377738808923001157e-02
2.309999999999999609e+00 6.264708982890160316e-02
2.370000000000000107e+00 5.350373725223340343e-02
2.429999999999999716e+00 4.521211022048273603e-02
2.490000000000000213e+00 3.825066018788012001e-02
2.549999999999999822e+00 3.222947343361479838e-02
2.609999999999999876e+00 2.720256666741711557e-02
2.669999999999999929e+00 2.269248184580961378e-02
2.729999999999999538e+00 1.893242214321409420e-02
2.790000000000000036e+00 1.574282856590668300e-02
2.849999999999999645e+00 1.308346797836422784e-02
2.910000000000000142e+00 1.079353201483833867e-02
2.969999999999999751e+00 8.937468197972579798e-03
3.030000000000000249e+00 7.382159486776778724e-03
3.089999999999999858e+00 6.057942952150669261e-03
3.149999999999999911e+00 4.986425277986350144e-03
3.209999999999999964e+00 4.063422511493827889e-03
3.269999999999999574e+00 3.310665512909480041e-03
3.330000000000000071e+00 2.721200406957666792e-03
3.389999999999999680e+00 2.196803705370451928e-03
3.450000000000000178e+00 1.789008590993844275e-03
3.509999999999999787e+00 1.432498306774830730e-03
3.569999999999999840e+00 1.169865338776506598e-03
3.629999999999999893e+00 9.444852740403401241e-04
3.689999999999999503e+00 7.803241469983561874e-04
3.750000000000000000e+00 6.150454328585070038e-04
3.809999999999999609e+00 4.815558628357137863e-04
3.870000000000000107e+00 3.907829552202143420e-04
3.929999999999999716e+00 3.177672648263515985e-04
3.989999999999999769e+00 2.500911572334024334e-04
4.049999999999999822e+00 1.958260948148310811e-04
4.109999999999999432e+00 1.518676689654673321e-04
4.169999999999999929e+00 1.112620044096947837e-04
4.230000000000000426e+00 9.785095923531337940e-05
4.290000000000000036e+00 7.773439147373764765e-05
4.349999999999999645e+00 6.407499361094124259e-05
4.410000000000000142e+00 5.078812478076544132e-05
4.469999999999999751e+00 3.327926024754263674e-05
4.529999999999999361e+00 2.955396992132561124e-05
4.589999999999999858e+00 2.359350539937724150e-05
4.650000000000000355e+00 1.800556991005131870e-05
4.709999999999999964e+00 1.502533764907708470e-05
4.769999999999999574e+00 9.064873127129285870e-06
4.830000000000000071e+00 9.313225815543785182e-06
4.889999999999999680e+00 7.078051619813171943e-06
4.949999999999999289e+00 4.346172047253766757e-06
5.009999999999999787e+00 3.352761293595712758e-06
5.070000000000000284e+00 2.980232260974011224e-06
5.129999999999999893e+00 2.731879572559469984e-06
5.189999999999999503e+00 2.731879572559510642e-06
5.250000000000000000e+00 9.934107536580038120e-07
5.309999999999999609e+00 1.117587097865237586e-06
5.369999999999999218e+00 8.692344094507533090e-07
5.429999999999999716e+00 2.483526884144973002e-07
5.490000000000000213e+00 6.208817210362524090e-07
5.549999999999999822e+00 2.483526884144973002e-07
5.609999999999999432e+00 1.241763442072504765e-07
5.669999999999999929e+00 1.241763442072486501e-07
5.730000000000000426e+00 1.241763442072504765e-07
5.789999999999999147e+00 1.241763442072504765e-07
5.849999999999999645e+00 1.241763442072486501e-07
5.910000000000000142e+00 0.000000000000000000e+00
5.969999999999999751e+00 0.000000000000000000e+00
