2.999999999999999889e-02 9.597068031628927520e-02
8.999999999999999667e-02 1.620270311832427979e-01
1.499999999999999944e-01 2.414168169101079398e-01
2.099999999999999922e-01 3.234643489122390747e-01
2.700000000000000178e-01 4.037523021300634118e-01
3.299999999999999600e-01 4.798218607902526855e-01
3.900000000000000133e-01 5.493313074111938477e-01
4.499999999999999556e-01 6.106879562139511108e-01
5.100000000000000089e-01 6.627940883239104020e-01
5.700000000000000622e-01 7.044458140929547030e-01
6.299999999999998934e-01 7.353602598110842159e-01
6.899999999999999467e-01 7.536365340153369230e-01
7.500000000000000000e-01 7.629868884881331192e-01
8.100000000000000533e-01 7.618819673856106478e-01
8.699999999999998845e-01 7.513867070277538973e-01
9.299999999999999378e-01 7.339244087537123429e-01
9.899999999999999911e-01 7.085508356491718729e-01
1.050000000000000044e+00 6.779337922732029398e-01
1.109999999999999876e+00 6.431125104427355410e-01
1.169999999999999929e+00 6.045027325550709207e-01
1.229999999999999982e+00 5.643684417009348087e-01
1.290000000000000036e+00 5.233315130074833732e-01
1.349999999999999867e+00 4.813551902770991653e-01
1.409999999999999920e+00 4.398005704085028444e-01
1.469999999999999973e+00 4.000741988420483120e-01
1.530000000000000027e+00 3.614181031783418874e-01
1.589999999999999858e+00 3.247197717428216279e-01
1.649999999999999911e+00 2.900046606858568965e-01
1.709999999999999964e+00 2.577805270751314937e-01
1.770000000000000018e+00 2.282979587713883651e-01
1.829999999999999849e+00 2.010536690553027528e-01
1.889999999999999902e+00 1.761212944984434370e-01
1.949999999999999956e+00 1.539399226506549812e-01
2.009999999999999787e+00 1.338310539722441517e-01
2.070000000000000284e+00 1.159093032280602981e-01
2.129999999999999893e+00 9.982734918594352025e-02
2.189999999999999947e+00 8.586930731932378158e-02
2.250000000000000000e+00 7.355685035387668491e-02
2.309999999999999609e+00 6.289420028527571704e-02
2.370000000000000107e+00 5.334131419658656031e-02
2.429999999999999716e+00 4.519770542780554567e-02
2.490000000000000213e+00 3.810599446296688425e-02
2.549999999999999822e+00 3.211361666520434061e-02
2.609999999999999876e+00 2.703927457332628778e-02
2.669999999999999929e+00 2.258208890755969422e-02
2.729999999999999538e+00 1.889280974864957982e-02
2.790000000000000036e+00 1.578902204831439740e-02
2.849999999999999645e+00 1.310532291730243798e-02
2.910000000000000142e+00 1.082134743531544020e-02
2.969999999999999751e+00 8.943925301233919892e-03
3.030000000000000249e+00 7.349749406178785957e-03
3.089999999999999858e+00 6.042048335075373214e-03
3.149999999999999911e+00 4.953518509864839221e-03
3.209999999999999964e+00 4.046658674875892002e-03
3.269999999999999574e+00 3.314639131228126322e-03
3.330000000000000071e+00 2.702698111534116050e-03
3.389999999999999680e+00 2.168118953704832250e-03
3.450000000000000178e+00 1.782551407814024361e-03
3.509999999999999787e+00 1.419956485430398348e-03
3.569999999999999840e+00 1.181662082672126730e-03
3.629999999999999893e+00 9.421259164810171990e-04
3.689999999999999503e+00 7.680306831995639292e-04
3.750000000000000000e+00 6.088366111119583157e-04
3.809999999999999609e+00 4.813075065612788632e-04
3.870000000000000107e+00 3.783653179804480435e-04
3.929999999999999716e+00 3.087023893992103590e-04
3.989999999999999769e+00 2.320855855941787640e-04
4.049999999999999822e+00 1.953293879826847434e-04
4.109999999999999432e+00 1.507500807444264496e-04
4.169999999999999929e+00 1.182158788045237593e-04
4.230000000000000426e+00 9.834766387939516822e-05
4.290000000000000036e+00 7.450580596923765783e-05
4.349999999999999645e+00 5.823870499928830491e-05
4.410000000000000142e+00 4.383424917856880448e-05
4.469999999999999751e+00 3.526608149210582615e-05
4.529999999999999361e+00 2.756714820861834363e-05
4.589999999999999858e+00 2.272427082061748605e-05
4.650000000000000355e+00 2.024074395497653075e-05
4.709999999999999964e+00 1.552204291025784764e-05
4.769999999999999574e+00 1.192092895507820293e-05
4.830000000000000071e+00 8.568167686462458248e-06
4.889999999999999680e+00 6.084640820821076045e-06
4.949999999999999289e+00 4.718701044718455255e-06
5.009999999999999787e+00 3.476937611897757800e-06
5.070000000000000284e+00 3.973642985026067360e-06
5.129999999999999893e+00 3.725290298461883146e-06
5.189999999999999503e+00 1.738468805948904523e-06
5.250000000000000000e+00 1.241763432820646209e-06
5.309999999999999609e+00 9.934107462565022287e-07
5.369999999999999218e+00 9.934107462565168400e-07
5.429999999999999716e+00 4.967053731282511143e-07
5.490000000000000213e+00 6.208817164103231044e-07
5.549999999999999822e+00 3.725290298461883358e-07
5.609999999999999432e+00 0.000000000000000000e+00
5.669999999999999929e+00 1.241763432820627786e-07
5.730000000000000426e+00 2.483526865641292100e-07
5.789999999999999147e+00 1.241763432820646050e-07
5.849999999999999645e+00 1.241763432820627786e-07
5.910000000000000142e+00 2.483526865641292100e-07
5.969999999999999751e+00 1.241763432820627786e-07
