2.999999999999999889e-02 9.647831392644579118e-02
8.999999999999999667e-02 1.619414748892794853e-01
1.499999999999999944e-01 2.416372317197712505e-01
2.099999999999999922e-01 3.234015180920674637e-01
2.700000000000000178e-01 4.033772925787466046e-01
3.299999999999999600e-01 4.799361066018748567e-01
3.900000000000000133e-01 5.490988533876750566e-01
4.499999999999999556e-01 6.110725349019409114e-01
5.100000000000000089e-01 6.624852666940678203e-01
5.700000000000000622e-01 7.042123678143753507e-01
6.299999999999998934e-01 7.345829213752076425e-01
6.899999999999999467e-01 7.539437519059355441e-01
7.500000000000000000e-01 7.630719549686103553e-01
8.100000000000000533e-01 7.621853358709720361e-01
8.699999999999998845e-01 7.515488869315558595e-01
9.299999999999999378e-01 7.337465936969704838e-01
9.899999999999999911e-01 7.092429998708982275e-01
1.050000000000000044e+00 6.781313618878370697e-01
1.109999999999999876e+00 6.427014915349712476e-01
1.169999999999999929e+00 6.052182411542895712e-01
1.229999999999999982e+00 5.642744444132425929e-01
1.290000000000000036e+00 5.228438764029051944e-01
1.349999999999999867e+00 4.808119223575681445e-01
1.409999999999999920e+00 4.399772766230793386e-01
1.469999999999999973e+00 4.000877370443519654e-01
1.530000000000000027e+00 3.616051154454927308e-01
1.589999999999999858e+00 3.245428228716771279e-01
1.649999999999999911e+00 2.899328889196082226e-01
1.709999999999999964e+00 2.576074271719212549e-01
1.770000000000000018e+00 2.279380974268281068e-01
1.829999999999999849e+00 2.009460096628416514e-01
1.889999999999999902e+00 1.762249830580624177e-01
1.949999999999999956e+00 1.539817712255946158e-01
2.009999999999999787e+00 1.339558521952914916e-01
2.070000000000000284e+00 1.156671602204477761e-01
2.129999999999999893e+00 1.002016174311558816e-01
2.189999999999999947e+00 8.585676614833503972e-02
2.250000000000000000e+00 7.342100198135519118e-02
2.309999999999999609e+00 6.289742933882341847e-02
2.370000000000000107e+00 5.334317723917342963e-02
2.429999999999999716e+00 4.533839756254150893e-02
2.490000000000000213e+00 3.821154463945483637e-02
2.549999999999999822e+00 3.218812271099378425e-02
2.609999999999999876e+00 2.700823068873276986e-02
2.669999999999999929e+00 2.264430142425720091e-02
2.729999999999999538e+00 1.887443179046931208e-02
2.790000000000000036e+00 1.572767905191340201e-02
2.849999999999999645e+00 1.313140004722822621e-02
2.910000000000000142e+00 1.074907688361214329e-02
2.969999999999999751e+00 8.974472748546340195e-03
3.030000000000000249e+00 7.348631873840821317e-03
3.089999999999999858e+00 6.109351958652470618e-03
3.149999999999999911e+00 4.954760310213501481e-03
3.209999999999999964e+00 4.028280606083175369e-03
3.269999999999999574e+00 3.322958970985997757e-03
3.330000000000000071e+00 2.708286067160112394e-03
3.389999999999999680e+00 2.199287232254596922e-03
3.450000000000000178e+00 1.768892023232269831e-03
3.509999999999999787e+00 1.427034547629711962e-03
3.569999999999999840e+00 1.148755360261274156e-03
3.629999999999999893e+00 9.406358073699152764e-04
3.689999999999999503e+00 7.583449340736729983e-04
3.750000000000000000e+00 5.998959188652226542e-04
3.809999999999999609e+00 4.942218499448531970e-04
3.870000000000000107e+00 3.907829552202143420e-04
3.929999999999999716e+00 3.106892132065383681e-04
3.989999999999999769e+00 2.433856346462109248e-04
4.049999999999999822e+00 1.919766281444063960e-04
4.109999999999999432e+00 1.627951872557053560e-04
4.169999999999999929e+00 1.209477592578601755e-04
4.230000000000000426e+00 9.300808181123060216e-05
4.290000000000000036e+00 7.823109685056663272e-05
4.349999999999999645e+00 6.531675705301375270e-05
4.410000000000000142e+00 4.557271832406092188e-05
4.469999999999999751e+00 3.812213767162533266e-05
4.529999999999999361e+00 2.918144088870385888e-05
4.589999999999999858e+00 2.421438712041348301e-05
4.650000000000000355e+00 1.974403872895282404e-05
4.709999999999999964e+00 1.539786668169883198e-05
4.769999999999999574e+00 9.934107536580038544e-06
4.830000000000000071e+00 9.064873127129285870e-06
4.889999999999999680e+00 7.574756996642166332e-06
4.949999999999999289e+00 4.097819358839265751e-06
5.009999999999999787e+00 3.601113982010210376e-06
5.070000000000000284e+00 3.725290326217513819e-06
5.129999999999999893e+00 2.856055916766718370e-06
5.189999999999999503e+00 1.986821507316007624e-06
5.250000000000000000e+00 1.117587097865254103e-06
5.309999999999999609e+00 1.241763442072486395e-06
5.369999999999999218e+00 1.117587097865254103e-06
5.429999999999999716e+00 7.450580652434917946e-07
5.490000000000000213e+00 2.483526884145009530e-07
5.549999999999999822e+00 2.483526884144973002e-07
5.609999999999999432e+00 2.483526884145009530e-07
5.669999999999999929e+00 0.000000000000000000e+00
5.730000000000000426e+00 1.241763442072504765e-07
5.789999999999999147e+00 2.483526884145009530e-07
5.849999999999999645e+00 1.241763442072486501e-07
5.910000000000000142e+00 1.241763442072504765e-07
5.969999999999999751e+00 0.000000000000000000e+00
