2.999999999999999889e-02 9.589791440811626377e-02
8.999999999999999667e-02 1.617655182147848258e-01
1.499999999999999944e-01 2.415547804269410348e-01
2.099999999999999922e-01 3.229357350310047559e-01
2.700000000000000178e-01 4.034537882127432473e-01
3.299999999999999600e-01 4.793205680348560649e-01
3.900000000000000133e-01 5.493473343453904034e-01
4.499999999999999556e-01 6.107932668545833499e-01
5.100000000000000089e-01 6.632136900705146720e-01
5.700000000000000622e-01 7.036085034947874295e-01
6.299999999999998934e-01 7.348964721197365213e-01
6.899999999999999467e-01 7.543246063737754081e-01
7.500000000000000000e-01 7.629941020855415257e-01
8.100000000000000533e-01 7.623876248159161539e-01
8.699999999999998845e-01 7.517991078664733040e-01
9.299999999999999378e-01 7.336049139540126163e-01
9.899999999999999911e-01 7.089468445720296108e-01
1.050000000000000044e+00 6.785190454898130108e-01
1.109999999999999876e+00 6.431366102368146764e-01
1.169999999999999929e+00 6.047053973581199005e-01
1.229999999999999982e+00 5.648666456073514475e-01
1.290000000000000036e+00 5.228194175584045533e-01
1.349999999999999867e+00 4.815286718040006075e-01
1.409999999999999920e+00 4.401721125866783768e-01
1.469999999999999973e+00 4.004920582049891209e-01
1.530000000000000027e+00 3.611596975896707584e-01
1.589999999999999858e+00 3.247122018244703034e-01
1.649999999999999911e+00 2.901293380577760761e-01
1.709999999999999964e+00 2.581586478872889834e-01
1.770000000000000018e+00 2.280758106918511774e-01
1.829999999999999849e+00 2.010234971993687392e-01
1.889999999999999902e+00 1.759971207777228652e-01
1.949999999999999956e+00 1.539539568715385665e-01
2.009999999999999787e+00 1.336476475047216617e-01
2.070000000000000284e+00 1.160153515539866370e-01
2.129999999999999893e+00 9.969684133475276155e-02
2.189999999999999947e+00 8.577133346256669844e-02
2.250000000000000000e+00 7.335779676871190258e-02
2.309999999999999609e+00 6.267267062275609646e-02
2.370000000000000107e+00 5.321552435381493584e-02
2.429999999999999716e+00 4.514219927502965274e-02
2.490000000000000213e+00 3.820185916923270197e-02
2.549999999999999822e+00 3.222947367374309063e-02
2.609999999999999876e+00 2.695458670886255806e-02
2.669999999999999929e+00 2.249553833150173474e-02
2.729999999999999538e+00 1.888635286022750243e-02
2.790000000000000036e+00 1.576145513496976167e-02
2.849999999999999645e+00 1.305180310783489103e-02
2.910000000000000142e+00 1.081240689971654963e-02
2.969999999999999751e+00 8.899346126606248741e-03
3.030000000000000249e+00 7.330253829512795374e-03
3.089999999999999858e+00 6.105005832091055934e-03
3.149999999999999911e+00 4.940604243784244877e-03
3.209999999999999964e+00 4.047403793246600982e-03
3.269999999999999574e+00 3.321841408637780154e-03
3.330000000000000071e+00 2.660105665427031901e-03
3.389999999999999680e+00 2.168739867737984588e-03
3.450000000000000178e+00 1.762931571845185704e-03
3.509999999999999787e+00 1.440818132571648280e-03
3.569999999999999840e+00 1.159434534501558233e-03
3.629999999999999893e+00 9.433676939711119896e-04
3.689999999999999503e+00 7.547438257149425948e-04
3.750000000000000000e+00 5.900859920693331089e-04
3.809999999999999609e+00 4.750986964766979533e-04
3.870000000000000107e+00 3.886719602645228927e-04
3.929999999999999716e+00 3.089507466894993496e-04
3.989999999999999769e+00 2.395361697604697247e-04
4.049999999999999822e+00 1.901139843977572386e-04
4.109999999999999432e+00 1.544753733447508132e-04
4.169999999999999929e+00 1.188367622917398206e-04
4.230000000000000426e+00 1.026938374245248533e-04
4.290000000000000036e+00 7.562339418565261560e-05
4.349999999999999645e+00 5.786617683171533833e-05
4.410000000000000142e+00 4.706283480519337444e-05
4.469999999999999751e+00 3.911554871671686710e-05
4.529999999999999361e+00 2.893308841585766916e-05
4.589999999999999858e+00 2.520779806188420407e-05
4.650000000000000355e+00 1.912315715039519839e-05
4.709999999999999964e+00 1.676380659287865830e-05
4.769999999999999574e+00 1.154840009731658034e-05
4.830000000000000071e+00 8.319815123873236190e-06
4.889999999999999680e+00 6.084640911489291134e-06
4.949999999999999289e+00 4.346172079635272207e-06
5.009999999999999787e+00 4.346172079635207832e-06
5.070000000000000284e+00 2.110997867251417784e-06
5.129999999999999893e+00 2.856055938045993573e-06
5.189999999999999503e+00 2.110997867251417784e-06
5.250000000000000000e+00 1.241763451324363639e-06
5.309999999999999609e+00 6.208817256621726079e-07
5.369999999999999218e+00 9.934107610594907840e-07
5.429999999999999716e+00 2.483526902648690432e-07
5.490000000000000213e+00 3.725290353973090705e-07
5.549999999999999822e+00 2.483526902648690432e-07
5.609999999999999432e+00 2.483526902648726960e-07
5.669999999999999929e+00 1.241763451324345216e-07
5.730000000000000426e+00 1.241763451324363480e-07
5.789999999999999147e+00 0.000000000000000000e+00
5.849999999999999645e+00 1.241763451324345216e-07
5.910000000000000142e+00 0.000000000000000000e+00
5.969999999999999751e+00 0.000000000000000000e+00
