2.999999999999999889e-02 9.605711062961981572e-02
8.999999999999999667e-02 1.616252025573900464e-01
1.499999999999999944e-01 2.414209237230665051e-01
2.099999999999999922e-01 3.233250350998727596e-01
2.700000000000000178e-01 4.038839440997917807e-01
3.299999999999999600e-01 4.797652542503645368e-01
3.900000000000000133e-01 5.498095309911742445e-01
4.499999999999999556e-01 6.111337720528409179e-01
5.100000000000000089e-01 6.623357781147868328e-01
5.700000000000000622e-01 7.043570542468530205e-01
6.299999999999998934e-01 7.347597703869066521e-01
6.899999999999999467e-01 7.536447577294486111e-01
7.500000000000000000e-01 7.627785489998211155e-01
8.100000000000000533e-01 7.624270057588948823e-01
8.699999999999998845e-01 7.520091068748059326e-01
9.299999999999999378e-01 7.337779080039966706e-01
9.899999999999999911e-01 7.085015640346289389e-01
1.050000000000000044e+00 6.784845396311776078e-01
1.109999999999999876e+00 6.427367767717748759e-01
1.169999999999999929e+00 6.045111990662112023e-01
1.229999999999999982e+00 5.643417648104982476e-01
1.290000000000000036e+00 5.229930277787050441e-01
1.349999999999999867e+00 4.813324839373108732e-01
1.409999999999999920e+00 4.399503434679284952e-01
1.469999999999999973e+00 4.000142365699346225e-01
1.530000000000000027e+00 3.614307826297025183e-01
1.589999999999999858e+00 3.245535117097274602e-01
1.649999999999999911e+00 2.899423349627229252e-01
1.709999999999999964e+00 2.577215529129485150e-01
1.770000000000000018e+00 2.283020650956313624e-01
1.829999999999999849e+00 2.011230911236164265e-01
1.889999999999999902e+00 1.763445701330117465e-01
1.949999999999999956e+00 1.539081392402997517e-01
2.009999999999999787e+00 1.337355673462983507e-01
2.070000000000000284e+00 1.158538007185036106e-01
2.129999999999999893e+00 1.001545575815397660e-01
2.189999999999999947e+00 8.583317520096364617e-02
2.250000000000000000e+00 7.361695444647045616e-02
2.309999999999999609e+00 6.258152658423501991e-02
2.370000000000000107e+00 5.342848797993685062e-02
2.429999999999999716e+00 4.515002339395467190e-02
2.490000000000000213e+00 3.814002020185264241e-02
2.549999999999999822e+00 3.222177546055769032e-02
2.609999999999999876e+00 2.697544893779308534e-02
2.669999999999999929e+00 2.266168678781711396e-02
2.729999999999999538e+00 1.899128229635265244e-02
2.790000000000000036e+00 1.580243368207539037e-02
2.849999999999999645e+00 1.303330112372714199e-02
2.910000000000000142e+00 1.071095506515185730e-02
2.969999999999999751e+00 8.921077186406042858e-03
3.030000000000000249e+00 7.363284901900268332e-03
3.089999999999999858e+00 6.022677049885575423e-03
3.149999999999999911e+00 4.938741708996738887e-03
3.209999999999999964e+00 4.028404902483205541e-03
3.269999999999999574e+00 3.307933731921029307e-03
3.330000000000000071e+00 2.697482805605334790e-03
3.389999999999999680e+00 2.185007017789047240e-03
3.450000000000000178e+00 1.750513976458979194e-03
3.509999999999999787e+00 1.426662061114933192e-03
3.569999999999999840e+00 1.171479666164015887e-03
3.629999999999999893e+00 9.426226569695759106e-04
3.689999999999999503e+00 7.485350251893826317e-04
3.750000000000000000e+00 6.166597437110939899e-04
3.809999999999999609e+00 4.906207505844808418e-04
3.870000000000000107e+00 3.890444979957424733e-04
3.929999999999999716e+00 3.012518200247913357e-04
3.989999999999999769e+00 2.353141792856487224e-04
4.049999999999999822e+00 1.968195114341676538e-04
4.109999999999999432e+00 1.586973726264163920e-04
4.169999999999999929e+00 1.241763479079922221e-04
4.230000000000000426e+00 9.847184389103928260e-05
4.290000000000000036e+00 7.761021744249513201e-05
4.349999999999999645e+00 5.823870716884921577e-05
4.410000000000000142e+00 5.103647899018555213e-05
4.469999999999999751e+00 3.526608280586979058e-05
4.529999999999999361e+00 3.067155793327453031e-05
4.589999999999999858e+00 2.272427166716257282e-05
4.650000000000000355e+00 1.701215966339518517e-05
4.709999999999999964e+00 1.477698540105107272e-05
4.769999999999999574e+00 1.167257670335144132e-05
4.830000000000000071e+00 9.313226093099554891e-06
4.889999999999999680e+00 7.078051830755556786e-06
4.949999999999999289e+00 4.842877568411767899e-06
5.009999999999999787e+00 3.725290437239766306e-06
5.070000000000000284e+00 3.104408697699851207e-06
5.129999999999999893e+00 2.359350610251851697e-06
5.189999999999999503e+00 2.110997914435898871e-06
5.250000000000000000e+00 1.365939826987934726e-06
5.309999999999999609e+00 1.241763479079922102e-06
5.369999999999999218e+00 1.365939826987934726e-06
5.429999999999999716e+00 9.934107832639377240e-07
5.490000000000000213e+00 2.483526958159880838e-07
5.549999999999999822e+00 2.483526958159844310e-07
5.609999999999999432e+00 1.241763479079940419e-07
5.669999999999999929e+00 2.483526958159844310e-07
5.730000000000000426e+00 0.000000000000000000e+00
5.789999999999999147e+00 1.241763479079940419e-07
5.849999999999999645e+00 0.000000000000000000e+00
5.910000000000000142e+00 0.000000000000000000e+00
5.969999999999999751e+00 0.000000000000000000e+00
