2.999999999999999889e-02 9.626001119613647461e-02
8.999999999999999667e-02 1.616445680459340506e-01
1.499999999999999944e-01 2.413472781578699933e-01
2.099999999999999922e-01 3.232388446728388653e-01
2.700000000000000178e-01 4.036691039800643921e-01
3.299999999999999600e-01 4.800093670686086389e-01
3.900000000000000133e-01 5.495044092337291186e-01
4.499999999999999556e-01 6.109431385993957520e-01
5.100000000000000089e-01 6.626420964797331559e-01
5.700000000000000622e-01 7.044237107038504586e-01
6.299999999999998934e-01 7.349188129107164791e-01
6.899999999999999467e-01 7.541313767433159843e-01
7.500000000000000000e-01 7.631853222846978202e-01
8.100000000000000533e-01 7.622759789228447103e-01
8.699999999999998845e-01 7.516769071420040804e-01
9.299999999999999378e-01 7.339677462975177091e-01
9.899999999999999911e-01 7.084490110476805436e-01
1.050000000000000044e+00 6.777378420035038431e-01
1.109999999999999876e+00 6.424138943354307241e-01
1.169999999999999929e+00 6.048927704493198831e-01
1.229999999999999982e+00 5.644705146551126651e-01
1.290000000000000036e+00 5.230861405531580521e-01
1.349999999999999867e+00 4.808213561773295730e-01
1.409999999999999920e+00 4.401589433352148806e-01
1.469999999999999973e+00 4.001438617706295497e-01
1.530000000000000027e+00 3.611336151758826607e-01
1.589999999999999858e+00 3.243862340847660231e-01
1.649999999999999911e+00 2.903401851654049959e-01
1.709999999999999964e+00 2.577933172384895832e-01
1.770000000000000018e+00 2.283219248056418127e-01
1.829999999999999849e+00 2.008974552154539350e-01
1.889999999999999902e+00 1.763061930735904392e-01
1.949999999999999956e+00 1.538866509993869758e-01
2.009999999999999787e+00 1.337256282567976795e-01
2.070000000000000284e+00 1.160681247711180669e-01
2.129999999999999893e+00 9.999622901280712239e-02
2.189999999999999947e+00 8.584149181842859466e-02
2.250000000000000000e+00 7.354021072387688374e-02
2.309999999999999609e+00 6.284813086191808063e-02
2.370000000000000107e+00 5.326333145300542887e-02
2.429999999999999716e+00 4.512804249922430788e-02
2.490000000000000213e+00 3.818857173124945437e-02
2.549999999999999822e+00 3.217769165833788553e-02
2.609999999999999876e+00 2.704958120981869676e-02
2.669999999999999929e+00 2.259897689024605374e-02
2.729999999999999538e+00 1.887815694014229745e-02
2.790000000000000036e+00 1.571377118428546674e-02
2.849999999999999645e+00 1.303379734357196923e-02
2.910000000000000142e+00 1.084928711255390456e-02
2.969999999999999751e+00 8.962800105412793011e-03
3.030000000000000249e+00 7.378806670506788887e-03
3.089999999999999858e+00 6.069491306940708736e-03
3.149999999999999911e+00 4.986052711804740516e-03
3.209999999999999964e+00 4.022444287935889561e-03
3.269999999999999574e+00 3.329540292421973979e-03
3.330000000000000071e+00 2.675255139668780095e-03
3.389999999999999680e+00 2.210711439450579845e-03
3.450000000000000178e+00 1.779819528261818813e-03
3.509999999999999787e+00 1.434360941251117605e-03
3.569999999999999840e+00 1.176943381627408450e-03
3.629999999999999893e+00 9.239961703618359201e-04
3.689999999999999503e+00 7.492800553639723674e-04
3.750000000000000000e+00 6.093333164850864986e-04
3.809999999999999609e+00 4.957119623819982281e-04
3.870000000000000107e+00 3.952533006668087568e-04
3.929999999999999716e+00 3.051012754440304907e-04
3.989999999999999769e+00 2.524505058924373540e-04
4.049999999999999822e+00 1.896172761917098537e-04
4.109999999999999432e+00 1.621743043263763917e-04
4.169999999999999929e+00 1.238038142522165897e-04
4.230000000000000426e+00 9.735425313313865328e-05
4.290000000000000036e+00 7.251898447672465507e-05
4.349999999999999645e+00 6.047387917836546690e-05
4.410000000000000142e+00 4.867712656656932664e-05
4.469999999999999751e+00 3.911554813384977240e-05
4.529999999999999361e+00 2.992649873097757168e-05
4.589999999999999858e+00 2.011656761169416992e-05
4.650000000000000355e+00 2.036492029825859681e-05
4.709999999999999964e+00 1.266598701477040278e-05
4.769999999999999574e+00 1.154839992523200813e-05
4.830000000000000071e+00 9.934107462565169671e-06
4.889999999999999680e+00 7.574756940205828964e-06
4.949999999999999289e+00 6.953875223795618092e-06
5.009999999999999787e+00 3.973642985026008915e-06
5.070000000000000284e+00 3.104408582051615099e-06
5.129999999999999893e+00 2.235174179077129803e-06
5.189999999999999503e+00 2.235174179077162837e-06
5.250000000000000000e+00 9.934107462565168400e-07
5.309999999999999609e+00 1.862645149230941573e-06
5.369999999999999218e+00 6.208817164103231044e-07
5.429999999999999716e+00 6.208817164103138929e-07
5.490000000000000213e+00 3.725290298461938415e-07
5.549999999999999822e+00 4.967053731282511143e-07
5.609999999999999432e+00 2.483526865641292100e-07
5.669999999999999929e+00 0.000000000000000000e+00
5.730000000000000426e+00 0.000000000000000000e+00
5.789999999999999147e+00 0.000000000000000000e+00
5.849999999999999645e+00 0.000000000000000000e+00
5.910000000000000142e+00 1.241763432820646050e-07
5.969999999999999751e+00 0.000000000000000000e+00
