2.999999999999999889e-02 9.601315077175288926e-02
8.999999999999999667e-02 1.615903065957446094e-01
1.499999999999999944e-01 2.410911077504852562e-01
2.099999999999999922e-01 3.229973289047081697e-01
2.700000000000000178e-01 4.032413254906037081e-01
3.299999999999999600e-01 4.799368588115566214e-01
3.900000000000000133e-01 5.495023105182269552e-01
4.499999999999999556e-01 6.107957549322690083e-01
5.100000000000000089e-01 6.637690116314114430e-01
5.700000000000000622e-01 7.040023961067741753e-01
6.299999999999998934e-01 7.350144451238966870e-01
6.899999999999999467e-01 7.545687426902810691e-01
7.500000000000000000e-01 7.631290874584553130e-01
8.100000000000000533e-01 7.622464419906791466e-01
8.699999999999998845e-01 7.521240829654460835e-01
9.299999999999999378e-01 7.333743239451662177e-01
9.899999999999999911e-01 7.086524277375926273e-01
1.050000000000000044e+00 6.781288884658608351e-01
1.109999999999999876e+00 6.421993319685129764e-01
1.169999999999999929e+00 6.046974545773786680e-01
1.229999999999999982e+00 5.649615205443240251e-01
1.290000000000000036e+00 5.228741832223242625e-01
1.349999999999999867e+00 4.812959689191568247e-01
1.409999999999999920e+00 4.401461630098901789e-01
1.469999999999999973e+00 4.000679989671008241e-01
1.530000000000000027e+00 3.612061422339458150e-01
1.589999999999999858e+00 3.247158053578004799e-01
1.649999999999999911e+00 2.901169225848024280e-01
1.709999999999999964e+00 2.578775145632464239e-01
1.770000000000000018e+00 2.284071148824301511e-01
1.829999999999999849e+00 2.010917956874422596e-01
1.889999999999999902e+00 1.763459334450794558e-01
1.949999999999999956e+00 1.536830052314872297e-01
2.009999999999999787e+00 1.335964878458985039e-01
2.070000000000000284e+00 1.155078436920308899e-01
2.129999999999999893e+00 9.992718919948903600e-02
2.189999999999999947e+00 8.581107053235138837e-02
2.250000000000000000e+00 7.369729544539162236e-02
2.309999999999999609e+00 6.262088955339785434e-02
2.370000000000000107e+00 5.339669803919956659e-02
2.429999999999999716e+00 4.529009363951987804e-02
2.490000000000000213e+00 3.820061769039816146e-02
2.549999999999999822e+00 3.220861228773370250e-02
2.609999999999999876e+00 2.701071461810793106e-02
2.669999999999999929e+00 2.264666111225868694e-02
2.729999999999999538e+00 1.888076506536920732e-02
2.790000000000000036e+00 1.570147807725592523e-02
2.849999999999999645e+00 1.300796895492006312e-02
2.910000000000000142e+00 1.073591435110376677e-02
2.969999999999999751e+00 8.882334033501653250e-03
3.030000000000000249e+00 7.336214348738209073e-03
3.089999999999999858e+00 6.016468142837809799e-03
3.149999999999999911e+00 4.998842986895640599e-03
3.209999999999999964e+00 4.048645586862685206e-03
3.269999999999999574e+00 3.303835863209072989e-03
3.330000000000000071e+00 2.711763045206334183e-03
3.389999999999999680e+00 2.189228980995864063e-03
3.450000000000000178e+00 1.792858084379936453e-03
3.509999999999999787e+00 1.427158745240241682e-03
3.569999999999999840e+00 1.161669717369056025e-03
3.629999999999999893e+00 9.494523419565725850e-04
3.689999999999999503e+00 7.778406317049400050e-04
3.750000000000000000e+00 6.116926806798426205e-04
3.809999999999999609e+00 4.791965194363606074e-04
3.870000000000000107e+00 3.964950729619848876e-04
3.929999999999999716e+00 2.942979401565625234e-04
3.989999999999999769e+00 2.415229930820752418e-04
4.049999999999999822e+00 1.991788590764231133e-04
4.109999999999999432e+00 1.557171379562582742e-04
4.169999999999999929e+00 1.224378772128137068e-04
4.230000000000000426e+00 9.685754992494535482e-05
4.290000000000000036e+00 7.649262917149417273e-05
4.349999999999999645e+00 6.382664187361782363e-05
4.410000000000000142e+00 4.693865880978120072e-05
4.469999999999999751e+00 4.060566516084186743e-05
4.529999999999999361e+00 3.402431881978849307e-05
4.589999999999999858e+00 2.620120901815790331e-05
4.650000000000000355e+00 1.788139383229760173e-05
4.709999999999999964e+00 1.353522172028062248e-05
4.769999999999999574e+00 1.043081306884026739e-05
4.830000000000000071e+00 8.195638839803067599e-06
4.889999999999999680e+00 6.084640956823399950e-06
4.949999999999999289e+00 4.842877496247267064e-06
5.009999999999999787e+00 4.346172112016714129e-06
5.070000000000000284e+00 4.967053842304889839e-06
5.129999999999999893e+00 1.862645190864305843e-06
5.189999999999999503e+00 1.738468844806711232e-06
5.250000000000000000e+00 1.738468844806711232e-06
5.309999999999999609e+00 7.450580763457224644e-07
5.369999999999999218e+00 1.117587114518600108e-06
5.429999999999999716e+00 3.725290381728612322e-07
5.490000000000000213e+00 4.967053842304888780e-07
5.549999999999999822e+00 2.483526921152407862e-07
5.609999999999999432e+00 3.725290381728667379e-07
5.669999999999999929e+00 2.483526921152407862e-07
5.730000000000000426e+00 1.241763460576222195e-07
5.789999999999999147e+00 2.483526921152444390e-07
5.849999999999999645e+00 0.000000000000000000e+00
5.910000000000000142e+00 1.241763460576222195e-07
5.969999999999999751e+00 0.000000000000000000e+00
