2.999999999999999889e-02 9.620115375968411875e-02
8.999999999999999667e-02 1.618697033743742575e-01
1.499999999999999944e-01 2.416844223319485896e-01
2.099999999999999922e-01 3.232340090202939775e-01
2.700000000000000178e-01 4.034852078342608950e-01
3.299999999999999600e-01 4.801570234731167841e-01
3.900000000000000133e-01 5.496082329414141432e-01
4.499999999999999556e-01 6.108045714528390624e-01
5.100000000000000089e-01 6.623804717297951949e-01
5.700000000000000622e-01 7.040601381076909693e-01
6.299999999999998934e-01 7.348722632076607475e-01
6.899999999999999467e-01 7.542051543490243537e-01
7.500000000000000000e-01 7.631441127963283222e-01
8.100000000000000533e-01 7.623975646038312348e-01
8.699999999999998845e-01 7.508953580212058831e-01
9.299999999999999378e-01 7.342491463031421972e-01
9.899999999999999911e-01 7.087461808788660944e-01
1.050000000000000044e+00 6.778524719195365700e-01
1.109999999999999876e+00 6.422949477549773079e-01
1.169999999999999929e+00 6.048756476339712806e-01
1.229999999999999982e+00 5.641407148968832219e-01
1.290000000000000036e+00 5.230512586918023565e-01
1.349999999999999867e+00 4.809640455461448028e-01
1.409999999999999920e+00 4.402928152745842483e-01
1.469999999999999973e+00 3.998395144903548193e-01
1.530000000000000027e+00 3.615193149787030991e-01
1.589999999999999858e+00 3.248235904261784768e-01
1.649999999999999911e+00 2.901340589205583798e-01
1.709999999999999964e+00 2.581082342142214658e-01
1.770000000000000018e+00 2.282867880031003160e-01
1.829999999999999849e+00 2.011615827939266521e-01
1.889999999999999902e+00 1.761898437780850257e-01
1.949999999999999956e+00 1.537691836156512282e-01
2.009999999999999787e+00 1.336687584793040395e-01
2.070000000000000284e+00 1.159987127879966579e-01
2.129999999999999893e+00 9.999722465866553445e-02
2.189999999999999947e+00 8.593586776013929784e-02
2.250000000000000000e+00 7.358354991240284582e-02
2.309999999999999609e+00 6.261828185013064429e-02
2.370000000000000107e+00 5.326519528872455250e-02
2.429999999999999716e+00 4.518814485940656628e-02
2.490000000000000213e+00 3.828369166591071016e-02
2.549999999999999822e+00 3.222972226656349581e-02
2.609999999999999876e+00 2.707156102767616437e-02
2.669999999999999929e+00 2.254582991925989724e-02
2.729999999999999538e+00 1.883097035060009999e-02
2.790000000000000036e+00 1.574369803491551881e-02
2.849999999999999645e+00 1.299356449877737962e-02
2.910000000000000142e+00 1.083922907102370659e-02
2.969999999999999751e+00 8.934736451537968888e-03
3.030000000000000249e+00 7.390603588311447231e-03
3.089999999999999858e+00 6.095568475276515186e-03
3.149999999999999911e+00 4.937748224635290888e-03
3.209999999999999964e+00 4.058579694547295204e-03
3.269999999999999574e+00 3.315508439738489108e-03
3.330000000000000071e+00 2.677242021002315588e-03
3.389999999999999680e+00 2.170726705433278624e-03
3.450000000000000178e+00 1.758461236521975408e-03
3.509999999999999787e+00 1.424923571011204497e-03
3.569999999999999840e+00 1.152356491414734422e-03
3.629999999999999893e+00 9.210159587093772566e-04
3.689999999999999503e+00 7.512668936486088887e-04
3.750000000000000000e+00 6.044904526085005452e-04
3.809999999999999609e+00 4.808108119351097213e-04
3.870000000000000107e+00 3.973643073843882191e-04
3.929999999999999716e+00 3.053496349556908429e-04
3.989999999999999769e+00 2.551823911484136912e-04
4.049999999999999822e+00 1.973162138855588199e-04
4.109999999999999432e+00 1.584490175695259804e-04
4.169999999999999929e+00 1.247972277879084947e-04
4.230000000000000426e+00 1.003344876145587756e-04
4.290000000000000036e+00 7.587174744120606139e-05
4.349999999999999645e+00 6.047388053006202648e-05
4.410000000000000142e+00 5.202988899814371503e-05
4.469999999999999751e+00 3.948807804632328871e-05
4.529999999999999361e+00 2.831220690113786742e-05
4.589999999999999858e+00 2.086162613768022646e-05
4.650000000000000355e+00 1.763304114018235787e-05
4.709999999999999964e+00 1.440445614268396581e-05
4.769999999999999574e+00 1.179675287547411199e-05
4.830000000000000071e+00 8.816520570091178935e-06
4.889999999999999680e+00 8.071462493745325392e-06
4.949999999999999289e+00 5.587935572593000328e-06
5.009999999999999787e+00 5.091230188362436381e-06
5.070000000000000284e+00 3.104408651440555832e-06
5.129999999999999893e+00 1.862645190864305843e-06
5.189999999999999503e+00 2.235174229037200216e-06
5.250000000000000000e+00 1.241763460576222460e-06
5.309999999999999609e+00 3.725290381728612322e-07
5.369999999999999218e+00 8.692344224033556159e-07
5.429999999999999716e+00 8.692344224033428046e-07
5.490000000000000213e+00 2.483526921152444390e-07
5.549999999999999822e+00 8.692344224033428046e-07
5.609999999999999432e+00 3.725290381728667379e-07
5.669999999999999929e+00 2.483526921152407862e-07
5.730000000000000426e+00 2.483526921152444390e-07
5.789999999999999147e+00 1.241763460576222195e-07
5.849999999999999645e+00 0.000000000000000000e+00
5.910000000000000142e+00 0.000000000000000000e+00
5.969999999999999751e+00 0.000000000000000000e+00
