2.999999999999999889e-02 9.643522545350431685e-02
8.999999999999999667e-02 1.620847755981203175e-01
1.499999999999999944e-01 2.415639694764808443e-01
2.099999999999999922e-01 3.232926178469153755e-01
2.700000000000000178e-01 4.037022650793532508e-01
3.299999999999999600e-01 4.800899646692966538e-01
3.900000000000000133e-01 5.494409633096203338e-01
4.499999999999999556e-01 6.105189613081857258e-01
5.100000000000000089e-01 6.633347620070187967e-01
5.700000000000000622e-01 7.043355559955378764e-01
6.299999999999998934e-01 7.348496576376214451e-01
6.899999999999999467e-01 7.536303364281400352e-01
7.500000000000000000e-01 7.629353666742939577e-01
8.100000000000000533e-01 7.615003848299449762e-01
8.699999999999998845e-01 7.514416041688370962e-01
9.299999999999999378e-01 7.334176560255528665e-01
9.899999999999999911e-01 7.086449718770125861e-01
1.050000000000000044e+00 6.779179078030268535e-01
1.109999999999999876e+00 6.424470589922942620e-01
1.169999999999999929e+00 6.048650881379602495e-01
1.229999999999999982e+00 5.645061616774319502e-01
1.290000000000000036e+00 5.229027398859884546e-01
1.349999999999999867e+00 4.813555699788859554e-01
1.409999999999999920e+00 4.402666107853241417e-01
1.469999999999999973e+00 4.000643948723530130e-01
1.530000000000000027e+00 3.611501360110955239e-01
1.589999999999999858e+00 3.247040061856915627e-01
1.649999999999999911e+00 2.901770217743069313e-01
1.709999999999999964e+00 2.577566890580952896e-01
1.770000000000000018e+00 2.285330279946287957e-01
1.829999999999999849e+00 2.013141940233237892e-01
1.889999999999999902e+00 1.762821054898018047e-01
1.949999999999999956e+00 1.537350339750701012e-01
2.009999999999999787e+00 1.337879667747213230e-01
2.070000000000000284e+00 1.159033444906771848e-01
2.129999999999999893e+00 9.987826297499124983e-02
2.189999999999999947e+00 8.568267155214213948e-02
2.250000000000000000e+00 7.366289804870229663e-02
2.309999999999999609e+00 6.272991591786213073e-02
2.370000000000000107e+00 5.341370980064630292e-02
2.429999999999999716e+00 4.534547595201144504e-02
2.490000000000000213e+00 3.802192764513580292e-02
2.549999999999999822e+00 3.226436722672530039e-02
2.609999999999999876e+00 2.703629474395970525e-02
2.669999999999999929e+00 2.260853880557225568e-02
2.729999999999999538e+00 1.880576241223655409e-02
2.790000000000000036e+00 1.575052761659810965e-02
2.849999999999999645e+00 1.303963382601191177e-02
2.910000000000000142e+00 1.083562787625631622e-02
2.969999999999999751e+00 8.966773882013161223e-03
3.030000000000000249e+00 7.415687154963911294e-03
3.089999999999999858e+00 6.093581608338871289e-03
3.149999999999999911e+00 4.945074592209012555e-03
3.209999999999999964e+00 4.083414933335006124e-03
3.269999999999999574e+00 3.275275279213116838e-03
3.330000000000000071e+00 2.707665205612754412e-03
3.389999999999999680e+00 2.215430173507780195e-03
3.450000000000000178e+00 1.754363404031047654e-03
3.509999999999999787e+00 1.448144536934461903e-03
3.569999999999999840e+00 1.155088362421922846e-03
3.629999999999999893e+00 9.206434228118762914e-04
3.689999999999999503e+00 7.684032236795104286e-04
3.750000000000000000e+00 6.088366201843309431e-04
3.809999999999999609e+00 4.733602276448438742e-04
3.870000000000000107e+00 3.931423086892905710e-04
3.929999999999999716e+00 3.094474520700291097e-04
3.989999999999999769e+00 2.395361697604697247e-04
4.049999999999999822e+00 1.971920360703059813e-04
4.109999999999999432e+00 1.547237260350156933e-04
4.169999999999999929e+00 1.262873429996858835e-04
4.230000000000000426e+00 9.573996209710842857e-05
4.290000000000000036e+00 7.959703722989052029e-05
4.349999999999999645e+00 6.171564353082086398e-05
4.410000000000000142e+00 4.805624556625286755e-05
4.469999999999999751e+00 3.514190567247896919e-05
4.529999999999999361e+00 2.918144110612253905e-05
4.589999999999999858e+00 2.197921308844090566e-05
4.650000000000000355e+00 1.937150984066006828e-05
4.709999999999999964e+00 1.539786679642187898e-05
4.769999999999999574e+00 1.130004740705170706e-05
4.830000000000000071e+00 5.836288221224508488e-06
4.889999999999999680e+00 6.705522637151463319e-06
4.949999999999999289e+00 3.973643044237963136e-06
5.009999999999999787e+00 4.718701115032510973e-06
5.070000000000000284e+00 3.104408628310908356e-06
5.129999999999999893e+00 2.359350557516255487e-06
5.189999999999999503e+00 9.934107610594907840e-07
5.250000000000000000e+00 1.862645176986545141e-06
5.309999999999999609e+00 3.725290353973035648e-07
5.369999999999999218e+00 7.450580707946181409e-07
5.429999999999999716e+00 1.241763451324345216e-06
5.490000000000000213e+00 3.725290353973090705e-07
5.549999999999999822e+00 1.241763451324345216e-07
5.609999999999999432e+00 2.483526902648726960e-07
5.669999999999999929e+00 2.483526902648690432e-07
5.730000000000000426e+00 3.725290353973090705e-07
5.789999999999999147e+00 0.000000000000000000e+00
5.849999999999999645e+00 0.000000000000000000e+00
5.910000000000000142e+00 1.241763451324363480e-07
5.969999999999999751e+00 0.000000000000000000e+00
