2.999999999999999889e-02 9.612354354339811002e-02
8.999999999999999667e-02 1.617024378362346415e-01
1.499999999999999944e-01 2.413553550148958837e-01
2.099999999999999922e-01 3.230461302087088149e-01
2.700000000000000178e-01 4.037503243330938796e-01
3.299999999999999600e-01 4.798734046987211954e-01
3.900000000000000133e-01 5.496130758189103904e-01
4.499999999999999556e-01 6.108332561887783729e-01
5.100000000000000089e-01 6.630605855771527501e-01
5.700000000000000622e-01 7.045601962532650475e-01
6.299999999999998934e-01 7.352092778108610949e-01
6.899999999999999467e-01 7.542312313816964542e-01
7.500000000000000000e-01 7.631328127488370416e-01
8.100000000000000533e-01 7.623538545300190261e-01
8.699999999999998845e-01 7.515143771063031997e-01
9.299999999999999378e-01 7.333869899324640951e-01
9.899999999999999911e-01 7.085371920884511177e-01
1.050000000000000044e+00 6.774969550407736740e-01
1.109999999999999876e+00 6.426246359537602926e-01
1.169999999999999929e+00 6.046400851055000469e-01
1.229999999999999982e+00 5.644217259680115450e-01
1.290000000000000036e+00 5.227812993154731247e-01
1.349999999999999867e+00 4.815552491297251381e-01
1.409999999999999920e+00 4.399215279998719419e-01
1.469999999999999973e+00 3.999003608999230353e-01
1.530000000000000027e+00 3.612082532318287575e-01
1.589999999999999858e+00 3.245434485894724830e-01
1.649999999999999911e+00 2.900422926008218161e-01
1.709999999999999964e+00 2.580949473451932819e-01
1.770000000000000018e+00 2.282585999725452452e-01
1.829999999999999849e+00 2.011563673873922320e-01
1.889999999999999902e+00 1.764295041259762442e-01
1.949999999999999956e+00 1.537992342913971633e-01
2.009999999999999787e+00 1.337212850736864134e-01
2.070000000000000284e+00 1.160665130729441191e-01
2.129999999999999893e+00 9.995748822792709098e-02
2.189999999999999947e+00 8.578921549544524239e-02
2.250000000000000000e+00 7.364675567254616584e-02
2.309999999999999609e+00 6.274754942637662813e-02
2.370000000000000107e+00 5.336515724730093307e-02
2.429999999999999716e+00 4.522937140629770120e-02
2.490000000000000213e+00 3.811729536219349984e-02
2.549999999999999822e+00 3.218514295832881206e-02
2.609999999999999876e+00 2.694254180412229693e-02
2.669999999999999929e+00 2.264380505629936050e-02
2.729999999999999538e+00 1.882029118483914687e-02
2.790000000000000036e+00 1.573873098107321164e-02
2.849999999999999645e+00 1.307937035390319656e-02
2.910000000000000142e+00 1.088753366964012072e-02
2.969999999999999751e+00 8.921077053471631116e-03
3.030000000000000249e+00 7.345279222000416011e-03
3.089999999999999858e+00 6.049002345504906307e-03
3.149999999999999911e+00 4.926572353490104965e-03
3.209999999999999964e+00 4.029398253223753605e-03
3.269999999999999574e+00 3.329664543189057944e-03
3.330000000000000071e+00 2.729023557308343697e-03
3.389999999999999680e+00 2.205744435021527415e-03
3.450000000000000178e+00 1.810987830904349245e-03
3.509999999999999787e+00 1.435106031387929377e-03
3.569999999999999840e+00 1.159310366793961291e-03
3.629999999999999893e+00 9.261071888977396964e-04
3.689999999999999503e+00 7.472932505747650412e-04
3.750000000000000000e+00 6.083399193362868437e-04
3.809999999999999609e+00 4.758437580928048848e-04
3.870000000000000107e+00 3.899137266209309373e-04
3.929999999999999716e+00 3.095716307216499511e-04
3.989999999999999769e+00 2.472351050007258336e-04
4.049999999999999822e+00 1.914799256208506520e-04
4.109999999999999432e+00 1.518676712284720029e-04
4.169999999999999929e+00 1.175949997165665143e-04
4.230000000000000426e+00 1.018246037672502320e-04
4.290000000000000036e+00 7.512668936486034676e-05
4.349999999999999645e+00 6.332993648938732914e-05
4.410000000000000142e+00 4.569689534920497805e-05
4.469999999999999751e+00 3.725290381728611771e-05
4.529999999999999361e+00 3.688037477911380250e-05
4.589999999999999858e+00 2.359350575094787500e-05
4.650000000000000355e+00 1.800557017835522535e-05
4.709999999999999964e+00 1.403192710451110511e-05
4.769999999999999574e+00 9.561578646436912199e-06
4.830000000000000071e+00 8.940696916148800863e-06
4.889999999999999680e+00 7.078051725284362671e-06
4.949999999999999289e+00 5.339582880477755624e-06
5.009999999999999787e+00 3.725290381728611687e-06
5.070000000000000284e+00 3.476937689613422464e-06
5.129999999999999893e+00 2.607703267210028308e-06
5.189999999999999503e+00 2.483526921152444919e-06
5.250000000000000000e+00 1.614292498749089092e-06
5.309999999999999609e+00 8.692344224033428046e-07
5.369999999999999218e+00 7.450580763457334758e-07
5.429999999999999716e+00 3.725290381728612322e-07
5.490000000000000213e+00 4.967053842304888780e-07
5.549999999999999822e+00 2.483526921152407862e-07
5.609999999999999432e+00 1.241763460576222195e-07
5.669999999999999929e+00 0.000000000000000000e+00
5.730000000000000426e+00 1.241763460576222195e-07
5.789999999999999147e+00 0.000000000000000000e+00
5.849999999999999645e+00 0.000000000000000000e+00
5.910000000000000142e+00 0.000000000000000000e+00
5.969999999999999751e+00 1.241763460576203931e-07
