2.999999999999999889e-02 9.598545944658203044e-02
8.999999999999999667e-02 1.617753293513704560e-01
1.499999999999999944e-01 2.410769516470346874e-01
2.099999999999999922e-01 3.233210566388803886e-01
2.700000000000000178e-01 4.035746148034223824e-01
3.299999999999999600e-01 4.800242789591812054e-01
3.900000000000000133e-01 5.497454478038078518e-01
4.499999999999999556e-01 6.113069889489882724e-01
5.100000000000000089e-01 6.625756769457977757e-01
5.700000000000000622e-01 7.042185871252605311e-01
6.299999999999998934e-01 7.346594249505179475e-01
6.899999999999999467e-01 7.539196729294378452e-01
7.500000000000000000e-01 7.631997437993620625e-01
8.100000000000000533e-01 7.624307196882286197e-01
8.699999999999998845e-01 7.515862752106705624e-01
9.299999999999999378e-01 7.335895215528841495e-01
9.899999999999999911e-01 7.089826126417598795e-01
1.050000000000000044e+00 6.783450794843471909e-01
1.109999999999999876e+00 6.427598639946170422e-01
1.169999999999999929e+00 6.042587395467570177e-01
1.229999999999999982e+00 5.644507832329890284e-01
1.290000000000000036e+00 5.228584128263749076e-01
1.349999999999999867e+00 4.812346258042043967e-01
1.409999999999999920e+00 4.402070094194584504e-01
1.469999999999999973e+00 3.998427430753522804e-01
1.530000000000000027e+00 3.614604553906717865e-01
1.589999999999999858e+00 3.245794597298292117e-01
1.649999999999999911e+00 2.901957745645490361e-01
1.709999999999999964e+00 2.578569012898008217e-01
1.770000000000000018e+00 2.280909619053674564e-01
1.829999999999999849e+00 2.008352473564872231e-01
1.889999999999999902e+00 1.762146790472965685e-01
1.949999999999999956e+00 1.540196473056494597e-01
2.009999999999999787e+00 1.338228613247615661e-01
2.070000000000000284e+00 1.157963053439227397e-01
2.129999999999999893e+00 9.998828396174938571e-02
2.189999999999999947e+00 8.581057382696714864e-02
2.250000000000000000e+00 7.355585858723198700e-02
2.309999999999999609e+00 6.273401420465633815e-02
2.370000000000000107e+00 5.361301323403194763e-02
2.429999999999999716e+00 4.521807135880645534e-02
2.490000000000000213e+00 3.817950771156836814e-02
2.549999999999999822e+00 3.209027222994078471e-02
2.609999999999999876e+00 2.708323360420558309e-02
2.669999999999999929e+00 2.268652171934318340e-02
2.729999999999999538e+00 1.894806864493243578e-02
2.790000000000000036e+00 1.568409338880786055e-02
2.849999999999999645e+00 1.301802723895073045e-02
2.910000000000000142e+00 1.083674554410255474e-02
2.969999999999999751e+00 8.934488098845854223e-03
3.030000000000000249e+00 7.363284792178770820e-03
3.089999999999999858e+00 6.038199003397893248e-03
3.149999999999999911e+00 4.927689940604623557e-03
3.209999999999999964e+00 4.034365307066059038e-03
3.269999999999999574e+00 3.277758830536972503e-03
3.330000000000000071e+00 2.694005827720094472e-03
3.389999999999999680e+00 2.162655242939532513e-03
3.450000000000000178e+00 1.772741516318601792e-03
3.509999999999999787e+00 1.420577398899187894e-03
3.569999999999999840e+00 1.167878534671937165e-03
3.629999999999999893e+00 9.330610642769665650e-04
3.689999999999999503e+00 7.551163603763951871e-04
3.750000000000000000e+00 5.957981083844671221e-04
3.809999999999999609e+00 4.644195342555037013e-04
3.870000000000000107e+00 3.979851891146763440e-04
3.929999999999999716e+00 3.016243445739622019e-04
3.989999999999999769e+00 2.472351050007258336e-04
4.049999999999999822e+00 2.066294398398803409e-04
4.109999999999999432e+00 1.533577873811634593e-04
4.169999999999999929e+00 1.226862299049289405e-04
4.230000000000000426e+00 9.785096069340633025e-05
4.290000000000000036e+00 7.214645705947746114e-05
4.349999999999999645e+00 6.072223322217726695e-05
4.410000000000000142e+00 4.644195342555071301e-05
4.469999999999999751e+00 3.712872747122850087e-05
4.529999999999999361e+00 2.992649939988695757e-05
4.589999999999999858e+00 2.110997882979546693e-05
4.650000000000000355e+00 1.875062825470095692e-05
4.709999999999999964e+00 1.303851633605014154e-05
4.769999999999999574e+00 9.189049608264046414e-06
4.830000000000000071e+00 9.809931338552156055e-06
4.889999999999999680e+00 6.208817302881020184e-06
4.949999999999999289e+00 5.960464610765867807e-06
5.009999999999999787e+00 5.215406534420056616e-06
5.070000000000000284e+00 4.346172112016778503e-06
5.129999999999999893e+00 2.607703267210028308e-06
5.189999999999999503e+00 2.110997882979577864e-06
5.250000000000000000e+00 9.934107684609777560e-07
5.309999999999999609e+00 6.208817302881020184e-07
5.369999999999999218e+00 3.725290381728667379e-07
5.429999999999999716e+00 4.967053842304815724e-07
5.490000000000000213e+00 8.692344224033556159e-07
5.549999999999999822e+00 1.241763460576203931e-07
5.609999999999999432e+00 2.483526921152444390e-07
5.669999999999999929e+00 2.483526921152407862e-07
5.730000000000000426e+00 1.241763460576222195e-07
5.789999999999999147e+00 0.000000000000000000e+00
5.849999999999999645e+00 1.241763460576203931e-07
5.910000000000000142e+00 1.241763460576222195e-07
5.969999999999999751e+00 0.000000000000000000e+00
