2.999999999999999889e-02 9.647024174531301788e-02
8.999999999999999667e-02 1.619132856527964459e-01
1.499999999999999944e-01 2.414256334304809570e-01
2.099999999999999922e-01 3.232916196187337610e-01
2.700000000000000178e-01 4.041003684202830182e-01
3.299999999999999600e-01 4.797935485839843750e-01
3.900000000000000133e-01 5.497012287378311157e-01
4.499999999999999556e-01 6.108341117699941369e-01
5.100000000000000089e-01 6.633850435415897806e-01
5.700000000000000622e-01 7.037892937660223946e-01
6.299999999999998934e-01 7.348695149024334627e-01
6.899999999999999467e-01 7.538622866074237150e-01
7.500000000000000000e-01 7.629177222649249357e-01
8.100000000000000533e-01 7.619138807058342122e-01
8.699999999999998845e-01 7.519378016392397335e-01
9.299999999999999378e-01 7.341500371694558158e-01
9.899999999999999911e-01 7.083787272373829325e-01
1.050000000000000044e+00 6.775037695964171158e-01
1.109999999999999876e+00 6.427603463331876821e-01
1.169999999999999929e+00 6.046056747436517886e-01
1.229999999999999982e+00 5.640850712855651761e-01
1.290000000000000036e+00 5.229676763216669633e-01
1.349999999999999867e+00 4.810074965159094051e-01
1.409999999999999920e+00 4.398497442404425417e-01
1.469999999999999973e+00 3.998546550671255861e-01
1.530000000000000027e+00 3.613752623399095754e-01
1.589999999999999858e+00 3.245423237482715773e-01
1.649999999999999911e+00 2.903016904989875746e-01
1.709999999999999964e+00 2.578371514876681148e-01
1.770000000000000018e+00 2.280708402395254797e-01
1.829999999999999849e+00 2.009889731804528068e-01
1.889999999999999902e+00 1.760520040988920454e-01
1.949999999999999956e+00 1.536648720502852006e-01
2.009999999999999787e+00 1.338074604670205503e-01
2.070000000000000284e+00 1.160138597091038004e-01
2.129999999999999893e+00 9.985193610191336888e-02
2.189999999999999947e+00 8.588718871275639877e-02
2.250000000000000000e+00 7.357771197954807163e-02
2.309999999999999609e+00 6.291990478833510425e-02
2.370000000000000107e+00 5.349715550740555270e-02
2.429999999999999716e+00 4.524601002534226618e-02
2.490000000000000213e+00 3.837347030639644968e-02
2.549999999999999822e+00 3.217955430348711648e-02
2.609999999999999876e+00 2.712147931257901518e-02
2.669999999999999929e+00 2.268428603808083158e-02
2.729999999999999538e+00 1.894471546014148133e-02
2.790000000000000036e+00 1.579324404398598988e-02
2.849999999999999645e+00 1.309178769588469245e-02
2.910000000000000142e+00 1.083761453628538998e-02
2.969999999999999751e+00 8.957708875338228974e-03
3.030000000000000249e+00 7.385388016700737690e-03
3.089999999999999858e+00 6.034225225448603194e-03
3.149999999999999911e+00 4.982575774192842151e-03
3.209999999999999964e+00 4.065781831741329538e-03
3.269999999999999574e+00 3.298496206601457884e-03
3.330000000000000071e+00 2.686927715937294237e-03
3.389999999999999680e+00 2.180784940719602757e-03
3.450000000000000178e+00 1.765042543411253365e-03
3.509999999999999787e+00 1.430884003639219890e-03
3.569999999999999840e+00 1.163780689239509543e-03
3.629999999999999893e+00 9.300808111826570825e-04
3.689999999999999503e+00 7.728735605875644175e-04
3.750000000000000000e+00 6.146728992462152782e-04
3.809999999999999609e+00 4.917383193969722226e-04
3.870000000000000107e+00 3.823389609654741033e-04
3.929999999999999716e+00 3.121793270111081274e-04
3.989999999999999769e+00 2.504636843999242970e-04
4.049999999999999822e+00 1.971920331319156733e-04
4.109999999999999432e+00 1.595666011174530247e-04
4.169999999999999929e+00 1.261631647745757839e-04
4.230000000000000426e+00 9.213884671529194649e-05
4.290000000000000036e+00 7.363657156626322929e-05
4.349999999999999645e+00 6.059805552164753296e-05
4.410000000000000142e+00 4.917383193969758411e-05
4.469999999999999751e+00 4.221995671590134260e-05
4.529999999999999361e+00 2.880891164143899069e-05
4.589999999999999858e+00 2.309679985046367406e-05
4.650000000000000355e+00 1.663962999979665903e-05
4.709999999999999964e+00 1.254181067148834011e-05
4.769999999999999574e+00 1.266598701477059082e-05
4.830000000000000071e+00 9.934107462565169671e-06
4.889999999999999680e+00 5.836288134256950699e-06
4.949999999999999289e+00 4.594524701436390888e-06
5.009999999999999787e+00 3.601113955179820473e-06
5.070000000000000284e+00 3.601113955179873836e-06
5.129999999999999893e+00 2.110997835795067130e-06
5.189999999999999503e+00 1.241763432820646209e-06
5.250000000000000000e+00 8.692344029744522615e-07
5.309999999999999609e+00 1.862645149230941573e-06
5.369999999999999218e+00 9.934107462565168400e-07
5.429999999999999716e+00 4.967053731282511143e-07
5.490000000000000213e+00 2.483526865641292100e-07
5.549999999999999822e+00 1.241763432820627786e-07
5.609999999999999432e+00 3.725290298461938415e-07
5.669999999999999929e+00 2.483526865641255572e-07
5.730000000000000426e+00 3.725290298461938415e-07
5.789999999999999147e+00 2.483526865641292100e-07
5.849999999999999645e+00 1.241763432820627786e-07
5.910000000000000142e+00 1.241763432820646050e-07
5.969999999999999751e+00 0.000000000000000000e+00
