2.999999999999999889e-02 9.633302832146031780e-02
8.999999999999999667e-02 1.618823681555544847e-01
1.499999999999999944e-01 2.415088351792420429e-01
2.099999999999999922e-01 3.232092955193315853e-01
2.700000000000000178e-01 4.037746598885654792e-01
3.299999999999999600e-01 4.798295668735539365e-01
3.900000000000000133e-01 5.493519288701603775e-01
4.499999999999999556e-01 6.111713838255116160e-01
5.100000000000000089e-01 6.623563765837202633e-01
5.700000000000000622e-01 7.046709563037405477e-01
6.299999999999998934e-01 7.349078963434886314e-01
6.899999999999999467e-01 7.542230301234571499e-01
7.500000000000000000e-01 7.629441831947982866e-01
8.100000000000000533e-01 7.620468849248728249e-01
8.699999999999998845e-01 7.517901671696237687e-01
9.299999999999999378e-01 7.338389863645872202e-01
9.899999999999999911e-01 7.085761781818092908e-01
1.050000000000000044e+00 6.776048592369480206e-01
1.109999999999999876e+00 6.426874643964705092e-01
1.169999999999999929e+00 6.044843634637842023e-01
1.229999999999999982e+00 5.643588885321049187e-01
1.290000000000000036e+00 5.229921468544838081e-01
1.349999999999999867e+00 4.813132258451958134e-01
1.409999999999999920e+00 4.397415931981041859e-01
1.469999999999999973e+00 3.999927451212116347e-01
1.530000000000000027e+00 3.611834152715910906e-01
1.589999999999999858e+00 3.245461780510282002e-01
1.649999999999999911e+00 2.900422904398382573e-01
1.709999999999999964e+00 2.582884121679524525e-01
1.770000000000000018e+00 2.282237047189039081e-01
1.829999999999999849e+00 2.007778763886968187e-01
1.889999999999999902e+00 1.763568596495715124e-01
1.949999999999999956e+00 1.538739873052732965e-01
2.009999999999999787e+00 1.339036991283847622e-01
2.070000000000000284e+00 1.157835143176243892e-01
2.129999999999999893e+00 1.000143602492564177e-01
2.189999999999999947e+00 8.592543630687606016e-02
2.250000000000000000e+00 7.367283215631287296e-02
2.309999999999999609e+00 6.284713838766715910e-02
2.370000000000000107e+00 5.333249847092969009e-02
2.429999999999999716e+00 4.506434070663161567e-02
2.490000000000000213e+00 3.826121546220600383e-02
2.549999999999999822e+00 3.214677222788488858e-02
2.609999999999999876e+00 2.701059024051729110e-02
2.669999999999999929e+00 2.255452209543964623e-02
2.729999999999999538e+00 1.898805328689096711e-02
2.790000000000000036e+00 1.576406283821754281e-02
2.849999999999999645e+00 1.300076662998546004e-02
2.910000000000000142e+00 1.081898824600856755e-02
2.969999999999999751e+00 8.966649705668029366e-03
3.030000000000000249e+00 7.409602514052421665e-03
3.089999999999999858e+00 6.002063641976266607e-03
3.149999999999999911e+00 4.971399977377088594e-03
3.209999999999999964e+00 4.083663286025271573e-03
3.269999999999999574e+00 3.313149064478509813e-03
3.330000000000000071e+00 2.700835506630470170e-03
3.389999999999999680e+00 2.211829059498939855e-03
3.450000000000000178e+00 1.785655843004421402e-03
3.509999999999999787e+00 1.433988433589364255e-03
3.569999999999999840e+00 1.163656530236061113e-03
3.629999999999999893e+00 9.390215218914767107e-04
3.689999999999999503e+00 7.471690686618639565e-04
3.750000000000000000e+00 6.182740224143960057e-04
3.809999999999999609e+00 4.804382793173926983e-04
3.870000000000000107e+00 3.796070870698551366e-04
3.929999999999999716e+00 3.191332069903590253e-04
3.989999999999999769e+00 2.483526902648727362e-04
4.049999999999999822e+00 1.884996919110355860e-04
4.109999999999999432e+00 1.508742593359101473e-04
4.169999999999999929e+00 1.215686418846533793e-04
4.230000000000000426e+00 1.008311922475383071e-04
4.290000000000000036e+00 7.425745438919584306e-05
4.349999999999999645e+00 6.047388007949650436e-05
4.410000000000000142e+00 4.420677886714734190e-05
4.469999999999999751e+00 3.750125622999522128e-05
4.529999999999999361e+00 2.831220669019548597e-05
4.589999999999999858e+00 2.582867978754637710e-05
4.650000000000000355e+00 2.061327329198443467e-05
4.709999999999999964e+00 1.539786679642187898e-05
4.769999999999999574e+00 1.142422375218414370e-05
4.830000000000000071e+00 9.809931265462470777e-06
4.889999999999999680e+00 7.326404362813636350e-06
4.949999999999999289e+00 5.091230150429890347e-06
5.009999999999999787e+00 4.594524769900076875e-06
5.070000000000000284e+00 2.483526902648727278e-06
5.129999999999999893e+00 2.731879592913559051e-06
5.189999999999999503e+00 2.110997867251417784e-06
5.250000000000000000e+00 1.614292486721672498e-06
5.309999999999999609e+00 1.117587106191910483e-06
5.369999999999999218e+00 9.934107610594907840e-07
5.429999999999999716e+00 2.483526902648690432e-07
5.490000000000000213e+00 1.241763451324363480e-07
5.549999999999999822e+00 3.725290353973035648e-07
5.609999999999999432e+00 4.967053805297453920e-07
5.669999999999999929e+00 1.241763451324345216e-07
5.730000000000000426e+00 3.725290353973090705e-07
5.789999999999999147e+00 0.000000000000000000e+00
5.849999999999999645e+00 0.000000000000000000e+00
5.910000000000000142e+00 0.000000000000000000e+00
5.969999999999999751e+00 2.483526902648690432e-07
