2.999999999999999889e-02 9.605673738489760305e-02
8.999999999999999667e-02 1.617554623411733561e-01
1.499999999999999944e-01 2.414714616975623951e-01
2.099999999999999922e-01 3.232841786727561617e-01
2.700000000000000178e-01 4.034189006711711989e-01
3.299999999999999600e-01 4.796808107598864446e-01
3.900000000000000133e-01 5.497291847982759272e-01
4.499999999999999556e-01 6.108702652912417763e-01
5.100000000000000089e-01 6.625265080489661784e-01
5.700000000000000622e-01 7.039970617690806121e-01
6.299999999999998934e-01 7.343622764258276314e-01
6.899999999999999467e-01 7.544517741933987054e-01
7.500000000000000000e-01 7.632819542273461266e-01
8.100000000000000533e-01 7.625496863091899558e-01
8.699999999999998845e-01 7.520242507862332504e-01
9.299999999999999378e-01 7.338280697811061515e-01
9.899999999999999911e-01 7.091203294928960510e-01
1.050000000000000044e+00 6.775004370262349696e-01
1.109999999999999876e+00 6.429181936259543706e-01
1.169999999999999929e+00 6.048381508838573950e-01
1.229999999999999982e+00 5.642444063497897844e-01
1.290000000000000036e+00 5.233815716718124289e-01
1.349999999999999867e+00 4.809816821708778889e-01
1.409999999999999920e+00 4.403208824094395624e-01
1.469999999999999973e+00 3.998097151461155185e-01
1.530000000000000027e+00 3.610873081610788127e-01
1.589999999999999858e+00 3.243955569782531745e-01
1.649999999999999911e+00 2.903459059301782830e-01
1.709999999999999964e+00 2.581254966495083458e-01
1.770000000000000018e+00 2.280244050827948399e-01
1.829999999999999849e+00 2.011314094403804376e-01
1.889999999999999902e+00 1.762628607828276017e-01
1.949999999999999956e+00 1.538880215253835004e-01
2.009999999999999787e+00 1.335916459637376263e-01
2.070000000000000284e+00 1.158431206894849907e-01
2.129999999999999893e+00 9.981940487482354740e-02
2.189999999999999947e+00 8.589277920800839072e-02
2.250000000000000000e+00 7.351202488478092434e-02
2.309999999999999609e+00 6.284627008973364681e-02
2.370000000000000107e+00 5.334491690034415257e-02
2.429999999999999716e+00 4.514294500578275304e-02
2.490000000000000213e+00 3.815355513950846600e-02
2.549999999999999822e+00 3.214503423805137317e-02
2.609999999999999876e+00 2.695682228476290257e-02
2.669999999999999929e+00 2.265498109623731438e-02
2.729999999999999538e+00 1.895390507441474526e-02
2.790000000000000036e+00 1.577809500032945067e-02
2.849999999999999645e+00 1.298586566207404758e-02
2.910000000000000142e+00 1.078111462139430543e-02
2.969999999999999751e+00 8.907417721770727326e-03
3.030000000000000249e+00 7.338201224948992518e-03
3.089999999999999858e+00 6.032859465465723048e-03
3.149999999999999911e+00 4.979968219398537080e-03
3.209999999999999964e+00 4.062801720583486542e-03
3.269999999999999574e+00 3.356486658945279089e-03
3.330000000000000071e+00 2.712632299839423666e-03
3.389999999999999680e+00 2.182150945528871233e-03
3.450000000000000178e+00 1.762807421767931260e-03
3.509999999999999787e+00 1.446902795043669698e-03
3.569999999999999840e+00 1.156454319450892073e-03
3.629999999999999893e+00 9.347995400865727333e-04
3.689999999999999503e+00 7.559856004313303401e-04
3.750000000000000000e+00 6.090849819506694018e-04
3.809999999999999609e+00 4.810591682113951606e-04
3.870000000000000107e+00 3.838290885238571093e-04
3.929999999999999716e+00 3.221134440734019222e-04
3.989999999999999769e+00 2.500911628233755792e-04
4.049999999999999822e+00 1.916041033944701271e-04
4.109999999999999432e+00 1.595666058729084671e-04
4.169999999999999929e+00 1.198301748384080704e-04
4.230000000000000426e+00 9.288390754314048987e-05
4.290000000000000036e+00 7.674098243537429121e-05
4.349999999999999645e+00 6.283323157330091284e-05
4.410000000000000142e+00 5.029142052803729578e-05
4.469999999999999751e+00 3.464520080820296296e-05
4.529999999999999361e+00 3.067155770475360634e-05
4.589999999999999858e+00 2.433856400863003506e-05
4.650000000000000355e+00 1.626710145474786747e-05
4.709999999999999964e+00 1.266598739224624301e-05
4.769999999999999574e+00 1.105169488146992367e-05
4.830000000000000071e+00 1.005828410560745916e-05
4.889999999999999680e+00 7.202228125002765252e-06
4.949999999999999289e+00 3.725290409484244054e-06
5.009999999999999787e+00 4.346172144398220425e-06
5.070000000000000284e+00 3.476937715518627925e-06
5.129999999999999893e+00 1.862645204742094498e-06
5.189999999999999503e+00 2.110997898707738368e-06
5.250000000000000000e+00 1.365939816810889557e-06
5.309999999999999609e+00 1.862645204742094498e-06
5.369999999999999218e+00 1.490116163793697621e-06
5.429999999999999716e+00 7.450580818968377993e-07
5.490000000000000213e+00 3.725290409484244054e-07
5.549999999999999822e+00 6.208817349140315347e-07
5.609999999999999432e+00 4.967053879312325758e-07
5.669999999999999929e+00 2.483526939656125821e-07
5.730000000000000426e+00 1.241763469828081439e-07
5.789999999999999147e+00 0.000000000000000000e+00
5.849999999999999645e+00 0.000000000000000000e+00
5.910000000000000142e+00 1.241763469828081439e-07
5.969999999999999751e+00 0.000000000000000000e+00
