2.999999999999999889e-02 9.616861812399292442e-02
8.999999999999999667e-02 1.617420476804826146e-01
1.499999999999999944e-01 2.418823558232363613e-01
2.099999999999999922e-01 3.230872277648789148e-01
2.700000000000000178e-01 4.037423710307159186e-01
3.299999999999999600e-01 4.800607796514589354e-01
3.900000000000000133e-01 5.495267650698133499e-01
4.499999999999999556e-01 6.109877224588473599e-01
5.100000000000000089e-01 6.628592858428200563e-01
5.700000000000000622e-01 7.044443292253546041e-01
6.299999999999998934e-01 7.350325639175820935e-01
6.899999999999999467e-01 7.535723404604116604e-01
7.500000000000000000e-01 7.630189316696339707e-01
8.100000000000000533e-01 7.622279283570351227e-01
8.699999999999998845e-01 7.514332787550989101e-01
9.299999999999999378e-01 7.336773032969028385e-01
9.899999999999999911e-01 7.079742901621326467e-01
1.050000000000000044e+00 6.776021223088257717e-01
1.109999999999999876e+00 6.428894945201010236e-01
1.169999999999999929e+00 6.048674429819039799e-01
1.229999999999999982e+00 5.644043328692833761e-01
1.290000000000000036e+00 5.232567627473942995e-01
1.349999999999999867e+00 4.816152191282447870e-01
1.409999999999999920e+00 4.400072031220332858e-01
1.469999999999999973e+00 4.000503599647455832e-01
1.530000000000000027e+00 3.612004247397212486e-01
1.589999999999999858e+00 3.243890925575486084e-01
1.649999999999999911e+00 2.901910515392150947e-01
1.709999999999999964e+00 2.577566871376583135e-01
1.770000000000000018e+00 2.280292428634762558e-01
1.829999999999999849e+00 2.010883157533031595e-01
1.889999999999999902e+00 1.761769268128542121e-01
1.949999999999999956e+00 1.540267230621976680e-01
2.009999999999999787e+00 1.337473601133675194e-01
2.070000000000000284e+00 1.158756523023717483e-01
2.129999999999999893e+00 1.000341035428203018e-01
2.189999999999999947e+00 8.593536977421822876e-02
2.250000000000000000e+00 7.349737043304264972e-02
2.309999999999999609e+00 6.271749781606711371e-02
2.370000000000000107e+00 5.335050364348166430e-02
2.429999999999999716e+00 4.524526530438607169e-02
2.490000000000000213e+00 3.822743921151335739e-02
2.549999999999999822e+00 3.218886776905902775e-02
2.609999999999999876e+00 2.699606140700045939e-02
2.669999999999999929e+00 2.265373882641695188e-02
2.729999999999999538e+00 1.895464970882719188e-02
2.790000000000000036e+00 1.580938708640176882e-02
2.849999999999999645e+00 1.299666871376336033e-02
2.910000000000000142e+00 1.075391976103622603e-02
2.969999999999999751e+00 8.913502163540578879e-03
3.030000000000000249e+00 7.360552802884717284e-03
3.089999999999999858e+00 6.098300264018025399e-03
3.149999999999999911e+00 4.981582400562267407e-03
3.209999999999999964e+00 4.048397173844749813e-03
3.269999999999999574e+00 3.314639155924112464e-03
3.330000000000000071e+00 2.684940914449149892e-03
3.389999999999999680e+00 2.178673959116193479e-03
3.450000000000000178e+00 1.793230586696890764e-03
3.509999999999999787e+00 1.451993992815369143e-03
3.569999999999999840e+00 1.184145618360340525e-03
3.629999999999999893e+00 9.498248568412518593e-04
3.689999999999999503e+00 7.744878588206154536e-04
3.750000000000000000e+00 5.931903962780311727e-04
3.809999999999999609e+00 4.893789725207704604e-04
3.870000000000000107e+00 3.849466670424736081e-04
3.929999999999999716e+00 3.100683314855021198e-04
3.989999999999999769e+00 2.522021550849256775e-04
4.049999999999999822e+00 1.979370926663543253e-04
4.109999999999999432e+00 1.604358367157676126e-04
4.169999999999999929e+00 1.148631183917049831e-04
4.230000000000000426e+00 9.785095923531337940e-05
4.290000000000000036e+00 7.649262803166516464e-05
4.349999999999999645e+00 6.047387962893098224e-05
4.410000000000000142e+00 5.128483015759444672e-05
4.469999999999999751e+00 3.774960863900358370e-05
4.529999999999999361e+00 2.806385379083860520e-05
4.589999999999999858e+00 2.607703228352221091e-05
4.650000000000000355e+00 1.564621937011355829e-05
4.709999999999999964e+00 1.415610323962634389e-05
4.769999999999999574e+00 9.313225815543785182e-06
4.830000000000000071e+00 6.457169898777024460e-06
4.889999999999999680e+00 8.568167750300155109e-06
4.949999999999999289e+00 5.712111833533521443e-06
5.009999999999999787e+00 3.352761293595712758e-06
5.070000000000000284e+00 3.973643014632015248e-06
5.129999999999999893e+00 3.228584949388464373e-06
5.189999999999999503e+00 1.614292474694256115e-06
5.250000000000000000e+00 1.986821507316007624e-06
5.309999999999999609e+00 8.692344094507404977e-07
5.369999999999999218e+00 7.450580652435028061e-07
5.429999999999999716e+00 7.450580652434917946e-07
5.490000000000000213e+00 2.483526884145009530e-07
5.549999999999999822e+00 2.483526884144973002e-07
5.609999999999999432e+00 4.967053768290019060e-07
5.669999999999999929e+00 1.241763442072486501e-07
5.730000000000000426e+00 3.725290326217514030e-07
5.789999999999999147e+00 0.000000000000000000e+00
5.849999999999999645e+00 0.000000000000000000e+00
5.910000000000000142e+00 0.000000000000000000e+00
5.969999999999999751e+00 1.241763442072486501e-07
