2.999999999999999889e-02 9.590971116090384052e-02
8.999999999999999667e-02 1.617918435999529392e-01
1.499999999999999944e-01 2.413743521974636153e-01
2.099999999999999922e-01 3.233692346518621252e-01
2.700000000000000178e-01 4.035236994950527900e-01
3.299999999999999600e-01 4.799076737946422200e-01
3.900000000000000133e-01 5.493103297945409746e-01
4.499999999999999556e-01 6.107084544108577484e-01
5.100000000000000089e-01 6.629785000728337652e-01
5.700000000000000622e-01 7.037241116721056899e-01
6.299999999999998934e-01 7.345757246202594404e-01
6.899999999999999467e-01 7.546951485876506327e-01
7.500000000000000000e-01 7.626981898550909689e-01
8.100000000000000533e-01 7.624258711302168701e-01
8.699999999999998845e-01 7.517124327775709380e-01
9.299999999999999378e-01 7.339383274406932056e-01
9.899999999999999911e-01 7.087333854347469542e-01
1.050000000000000044e+00 6.783624591186009356e-01
1.109999999999999876e+00 6.429360654394257191e-01
1.169999999999999929e+00 6.050388108448004898e-01
1.229999999999999982e+00 5.645851378329361792e-01
1.290000000000000036e+00 5.231453804643771965e-01
1.349999999999999867e+00 4.811879319129571675e-01
1.409999999999999920e+00 4.401354805648642898e-01
1.469999999999999973e+00 3.997309813856724237e-01
1.530000000000000027e+00 3.614188536219621883e-01
1.589999999999999858e+00 3.245340087692052955e-01
1.649999999999999911e+00 2.898958865289271158e-01
1.709999999999999964e+00 2.578346718028385332e-01
1.770000000000000018e+00 2.283201897390718105e-01
1.829999999999999849e+00 2.009484946869087851e-01
1.889999999999999902e+00 1.763402200193237845e-01
1.949999999999999956e+00 1.538179837736185496e-01
2.009999999999999787e+00 1.336647838403499378e-01
2.070000000000000284e+00 1.158869532131197033e-01
2.129999999999999893e+00 9.989241907833634748e-02
2.189999999999999947e+00 8.583354581147804863e-02
2.250000000000000000e+00 7.343888392208336446e-02
2.309999999999999609e+00 6.281795694656104601e-02
2.370000000000000107e+00 5.344500223961967666e-02
2.429999999999999716e+00 4.516653783867560085e-02
2.490000000000000213e+00 3.823190984475474674e-02
2.549999999999999822e+00 3.214267440849551821e-02
2.609999999999999876e+00 2.695371747444663332e-02
2.669999999999999929e+00 2.257041666761659335e-02
2.729999999999999538e+00 1.890920130773186825e-02
2.790000000000000036e+00 1.570582413235043287e-02
2.849999999999999645e+00 1.302932718936591905e-02
2.910000000000000142e+00 1.083289599666340149e-02
2.969999999999999751e+00 8.968636527190147756e-03
3.030000000000000249e+00 7.295360276530581285e-03
3.089999999999999858e+00 6.027395616383282584e-03
3.149999999999999911e+00 4.937624011501066425e-03
3.209999999999999964e+00 4.096205096883647270e-03
3.269999999999999574e+00 3.279993980328149532e-03
3.330000000000000071e+00 2.668549656896037226e-03
3.389999999999999680e+00 2.207110358383907161e-03
3.450000000000000178e+00 1.792237189296440629e-03
3.509999999999999787e+00 1.447026949828269984e-03
3.569999999999999840e+00 1.157323536634306685e-03
3.629999999999999893e+00 9.438643993516416955e-04
3.689999999999999503e+00 7.532537095733533687e-04
3.750000000000000000e+00 6.031245083082388374e-04
3.809999999999999609e+00 4.821767481492467231e-04
3.870000000000000107e+00 3.863126097070066541e-04
3.929999999999999716e+00 3.146628585655914011e-04
3.989999999999999769e+00 2.420196966631184168e-04
4.049999999999999822e+00 1.983096231764979009e-04
4.109999999999999432e+00 1.517434937518372139e-04
4.169999999999999929e+00 1.218169945749182458e-04
4.230000000000000426e+00 9.710590189356521466e-05
4.290000000000000036e+00 7.525086515025530907e-05
4.349999999999999645e+00 5.699694241578828524e-05
4.410000000000000142e+00 4.718701115032581446e-05
4.469999999999999751e+00 4.135072292910068595e-05
4.529999999999999361e+00 3.141661531850639856e-05
4.589999999999999858e+00 2.123415501764629938e-05
4.650000000000000355e+00 2.173086039817636103e-05
4.709999999999999964e+00 1.378357430970023147e-05
4.769999999999999574e+00 1.192092913271389026e-05
4.830000000000000071e+00 9.561578575197599193e-06
4.889999999999999680e+00 6.705522637151463319e-06
4.949999999999999289e+00 6.332993601754254198e-06
5.009999999999999787e+00 4.470348424767641930e-06
5.070000000000000284e+00 3.973643044237963136e-06
5.129999999999999893e+00 2.110997867251386443e-06
5.189999999999999503e+00 2.235174212383853999e-06
5.250000000000000000e+00 1.986821522118981568e-06
5.309999999999999609e+00 1.490116141589214259e-06
5.369999999999999218e+00 1.117587106191927000e-06
5.429999999999999716e+00 7.450580707946071295e-07
5.490000000000000213e+00 6.208817256621818194e-07
5.549999999999999822e+00 3.725290353973035648e-07
5.609999999999999432e+00 3.725290353973090705e-07
5.669999999999999929e+00 1.241763451324345216e-07
5.730000000000000426e+00 0.000000000000000000e+00
5.789999999999999147e+00 0.000000000000000000e+00
5.849999999999999645e+00 0.000000000000000000e+00
5.910000000000000142e+00 0.000000000000000000e+00
5.969999999999999751e+00 1.241763451324345216e-07
