2.999999999999999889e-02 9.603699119913323978e-02
8.999999999999999667e-02 1.616689078137445723e-01
1.499999999999999944e-01 2.414281187561262698e-01
2.099999999999999922e-01 3.231018805734953148e-01
2.700000000000000178e-01 4.035361141229876214e-01
3.299999999999999600e-01 4.800584203009189421e-01
3.900000000000000133e-01 5.495633970913543775e-01
4.499999999999999556e-01 6.115914678443830077e-01
5.100000000000000089e-01 6.628616451933599940e-01
5.700000000000000622e-01 7.037291976590649423e-01
6.299999999999998934e-01 7.343197917018325915e-01
6.899999999999999467e-01 7.546871956787042368e-01
7.500000000000000000e-01 7.633763111882623242e-01
8.100000000000000533e-01 7.619798240213090379e-01
8.699999999999998845e-01 7.517909066264157891e-01
9.299999999999999378e-01 7.336112414817845817e-01
9.899999999999999911e-01 7.087445560252503274e-01
1.050000000000000044e+00 6.778811465542594616e-01
1.109999999999999876e+00 6.427198696339138095e-01
1.169999999999999929e+00 6.045500482461102498e-01
1.229999999999999982e+00 5.643315655315778168e-01
1.290000000000000036e+00 5.231741854784963675e-01
1.349999999999999867e+00 4.810231463190646761e-01
1.409999999999999920e+00 4.402345700082768154e-01
1.469999999999999973e+00 3.998277117795819846e-01
1.530000000000000027e+00 3.613895453119489454e-01
1.589999999999999858e+00 3.246971740675267948e-01
1.649999999999999911e+00 2.898676963388994166e-01
1.709999999999999964e+00 2.580953160283114833e-01
1.770000000000000018e+00 2.282653020938142097e-01
1.829999999999999849e+00 2.009325986176672685e-01
1.889999999999999902e+00 1.762251072344066249e-01
1.949999999999999956e+00 1.541479191741439159e-01
2.009999999999999787e+00 1.336398233992840412e-01
2.070000000000000284e+00 1.157316077430913387e-01
2.129999999999999893e+00 9.969348783065981601e-02
2.189999999999999947e+00 8.610660895288003991e-02
2.250000000000000000e+00 7.356839930192921040e-02
2.309999999999999609e+00 6.287259406998196853e-02
2.370000000000000107e+00 5.345207989304319451e-02
2.429999999999999716e+00 4.515834186344098999e-02
2.490000000000000213e+00 3.812412449313292567e-02
2.549999999999999822e+00 3.230397924013914818e-02
2.609999999999999876e+00 2.703989565650561852e-02
2.669999999999999929e+00 2.252981083489811326e-02
2.729999999999999538e+00 1.896880581206681834e-02
2.790000000000000036e+00 1.570247125403932686e-02
2.849999999999999645e+00 1.303454249874657148e-02
2.910000000000000142e+00 1.084022232026026281e-02
2.969999999999999751e+00 8.866687681774447494e-03
3.030000000000000249e+00 7.370362734077090007e-03
3.089999999999999858e+00 5.993495429507107557e-03
3.149999999999999911e+00 4.931663510190952178e-03
3.209999999999999964e+00 4.058952163102366902e-03
3.269999999999999574e+00 3.286078596756444609e-03
3.330000000000000071e+00 2.684816738104942643e-03
3.389999999999999680e+00 2.225488440882326165e-03
3.450000000000000178e+00 1.764918380217637842e-03
3.509999999999999787e+00 1.447399468079700689e-03
3.569999999999999840e+00 1.155088353815843889e-03
3.629999999999999893e+00 9.230027664924859336e-04
3.689999999999999503e+00 7.537504093380047610e-04
3.750000000000000000e+00 6.181498414636883536e-04
3.809999999999999609e+00 4.993130800573505413e-04
3.870000000000000107e+00 3.842016089772301102e-04
3.929999999999999716e+00 3.124276820254399175e-04
3.989999999999999769e+00 2.625087916541275074e-04
4.049999999999999822e+00 1.974403872895253266e-04
4.109999999999999432e+00 1.497566711139440608e-04
4.169999999999999929e+00 1.197059958157876790e-04
4.230000000000000426e+00 9.412566890909586262e-05
4.290000000000000036e+00 7.525086458959266808e-05
4.349999999999999645e+00 5.650023661429896615e-05
4.410000000000000142e+00 4.569689466826817154e-05
4.469999999999999751e+00 4.023313552314855649e-05
4.529999999999999361e+00 2.843638282346035756e-05
4.589999999999999858e+00 2.073744948261052313e-05
4.650000000000000355e+00 1.825392259846581801e-05
4.709999999999999964e+00 1.341104517438285103e-05
4.769999999999999574e+00 1.353522151859030228e-05
4.830000000000000071e+00 1.005828388078728820e-05
4.889999999999999680e+00 6.208817210362431975e-06
4.949999999999999289e+00 5.836288177740772793e-06
5.009999999999999787e+00 3.849466670424707994e-06
5.070000000000000284e+00 3.725290326217513819e-06
5.129999999999999893e+00 2.731879572559469984e-06
5.189999999999999503e+00 2.235174195730508206e-06
5.250000000000000000e+00 1.241763442072504818e-06
5.309999999999999609e+00 7.450580652434917946e-07
5.369999999999999218e+00 4.967053768290019060e-07
5.429999999999999716e+00 9.934107536579892007e-07
5.490000000000000213e+00 4.967053768290019060e-07
5.549999999999999822e+00 1.241763442072486501e-07
5.609999999999999432e+00 3.725290326217514030e-07
5.669999999999999929e+00 2.483526884144973002e-07
5.730000000000000426e+00 0.000000000000000000e+00
5.789999999999999147e+00 0.000000000000000000e+00
5.849999999999999645e+00 0.000000000000000000e+00
5.910000000000000142e+00 2.483526884145009530e-07
5.969999999999999751e+00 0.000000000000000000e+00
