2.999999999999999889e-02 9.642106935015921920e-02
8.999999999999999667e-02 1.618792637469261553e-01
1.499999999999999944e-01 2.414044028729856461e-01
2.099999999999999922e-01 3.233117410040658446e-01
2.700000000000000178e-01 4.041257064162548374e-01
3.299999999999999600e-01 4.801455956719159479e-01
3.900000000000000133e-01 5.496680818448674843e-01
4.499999999999999556e-01 6.113842220810684625e-01
5.100000000000000089e-01 6.627390880794185035e-01
5.700000000000000622e-01 7.040971374128836002e-01
6.299999999999998934e-01 7.344252228899589285e-01
6.899999999999999467e-01 7.541578375422626213e-01
7.500000000000000000e-01 7.625149055696754941e-01
8.100000000000000533e-01 7.618563984114395948e-01
8.699999999999998845e-01 7.515957070131463746e-01
9.299999999999999378e-01 7.337187836624990966e-01
9.899999999999999911e-01 7.083500530573231257e-01
1.050000000000000044e+00 6.772405258403294548e-01
1.109999999999999876e+00 6.429319676200363487e-01
1.169999999999999929e+00 6.043654025251472550e-01
1.229999999999999982e+00 5.643020157660342262e-01
1.290000000000000036e+00 5.228340703671301437e-01
1.349999999999999867e+00 4.812963378622577837e-01
1.409999999999999920e+00 4.402174369526516973e-01
1.469999999999999973e+00 3.999763538436541532e-01
1.530000000000000027e+00 3.615503563714574375e-01
1.589999999999999858e+00 3.246280102624705122e-01
1.649999999999999911e+00 2.903789325114922715e-01
1.709999999999999964e+00 2.579937417009531830e-01
1.770000000000000018e+00 2.284210209313193574e-01
1.829999999999999849e+00 2.007159123924757149e-01
1.889999999999999902e+00 1.761293685852889090e-01
1.949999999999999956e+00 1.540012680590340244e-01
2.009999999999999787e+00 1.339077969477741326e-01
2.070000000000000284e+00 1.160311219498184609e-01
2.129999999999999893e+00 9.988223661803549702e-02
2.189999999999999947e+00 8.567820120371737180e-02
2.250000000000000000e+00 7.358839224162283532e-02
2.309999999999999609e+00 6.286824836633968239e-02
2.370000000000000107e+00 5.337980965842514802e-02
2.429999999999999716e+00 4.532896049810882649e-02
2.490000000000000213e+00 3.819527782294068058e-02
2.549999999999999822e+00 3.214826234402647781e-02
2.609999999999999876e+00 2.713426988026919687e-02
2.669999999999999929e+00 2.254433963513878189e-02
2.729999999999999538e+00 1.883171526836922849e-02
2.790000000000000036e+00 1.580143991810241053e-02
2.849999999999999645e+00 1.311910668689666992e-02
2.910000000000000142e+00 1.086071149797306588e-02
2.969999999999999751e+00 8.931011094615019796e-03
3.030000000000000249e+00 7.368748496503850672e-03
3.089999999999999858e+00 6.091222257781355592e-03
3.149999999999999911e+00 4.957740579412521845e-03
3.209999999999999964e+00 4.060442309485506711e-03
3.269999999999999574e+00 3.302842427832517521e-03
3.330000000000000071e+00 2.695744276480040603e-03
3.389999999999999680e+00 2.207110358383907161e-03
3.450000000000000178e+00 1.757716165349623412e-03
3.509999999999999787e+00 1.426165323846020818e-03
3.569999999999999840e+00 1.142919080598944022e-03
3.629999999999999893e+00 9.338061153959144193e-04
3.689999999999999503e+00 7.625669354582860320e-04
3.750000000000000000e+00 6.027519792728415308e-04
3.809999999999999609e+00 4.796932212465980852e-04
3.870000000000000107e+00 3.848224935654174280e-04
3.929999999999999716e+00 3.052254563355262843e-04
3.989999999999999769e+00 2.499669827515943617e-04
4.049999999999999822e+00 2.014140318048087796e-04
4.109999999999999432e+00 1.564621948668697994e-04
4.169999999999999929e+00 1.238038160970372184e-04
4.230000000000000426e+00 9.288390615906238926e-05
4.290000000000000036e+00 8.357068027412842498e-05
4.349999999999999645e+00 5.724529510605315174e-05
4.410000000000000142e+00 4.681448211492850116e-05
4.469999999999999751e+00 3.514190567247896919e-05
4.529999999999999361e+00 2.570450344241432332e-05
4.589999999999999858e+00 2.086162598224899624e-05
4.650000000000000355e+00 1.713633562827621555e-05
4.709999999999999964e+00 1.651545390261378841e-05
4.769999999999999574e+00 1.117587106191927042e-05
4.830000000000000071e+00 8.443991469005671135e-06
4.889999999999999680e+00 5.587935530959552201e-06
4.949999999999999289e+00 6.084640911489380920e-06
5.009999999999999787e+00 5.836288221224422091e-06
5.070000000000000284e+00 2.980232283178472564e-06
5.129999999999999893e+00 2.856055938045993573e-06
5.189999999999999503e+00 1.365939796456799854e-06
5.250000000000000000e+00 9.934107610594907840e-07
5.309999999999999609e+00 1.241763451324345216e-06
5.369999999999999218e+00 8.692344159270543566e-07
5.429999999999999716e+00 8.692344159270415452e-07
5.490000000000000213e+00 7.450580707946181409e-07
5.549999999999999822e+00 6.208817256621726079e-07
5.609999999999999432e+00 2.483526902648726960e-07
5.669999999999999929e+00 0.000000000000000000e+00
5.730000000000000426e+00 3.725290353973090705e-07
5.789999999999999147e+00 3.725290353973090705e-07
5.849999999999999645e+00 0.000000000000000000e+00
5.910000000000000142e+00 0.000000000000000000e+00
5.969999999999999751e+00 1.241763451324345216e-07
