2.999999999999999889e-02 9.607610603173574737e-02
8.999999999999999667e-02 1.616612076759338379e-01
1.499999999999999944e-01 2.415932714939117432e-01
2.099999999999999922e-01 3.234424938758214685e-01
2.700000000000000178e-01 4.034977406263351440e-01
3.299999999999999600e-01 4.797291010618209839e-01
3.900000000000000133e-01 5.496146778265635913e-01
4.499999999999999556e-01 6.115230421225230639e-01
5.100000000000000089e-01 6.625593950351073014e-01
5.700000000000000622e-01 7.041646788517640365e-01
6.299999999999998934e-01 7.341369986534125314e-01
6.899999999999999467e-01 7.543557633956267106e-01
7.500000000000000000e-01 7.630875955025347990e-01
8.100000000000000533e-01 7.623918354511268758e-01
8.699999999999998845e-01 7.519298543532696444e-01
9.299999999999999378e-01 7.339068998893095719e-01
9.899999999999999911e-01 7.086778680483494242e-01
1.050000000000000044e+00 6.773227204879118668e-01
1.109999999999999876e+00 6.430735190709450100e-01
1.169999999999999929e+00 6.050799041986459903e-01
1.229999999999999982e+00 5.639736851056411648e-01
1.290000000000000036e+00 5.226838092009241654e-01
1.349999999999999867e+00 4.816936949888860897e-01
1.409999999999999920e+00 4.398386925458904195e-01
1.469999999999999973e+00 4.000420371691382204e-01
1.530000000000000027e+00 3.612232704957323293e-01
1.589999999999999858e+00 3.246902177731205152e-01
1.649999999999999911e+00 2.901370326677955580e-01
1.709999999999999964e+00 2.577483654022214576e-01
1.770000000000000018e+00 2.281987418731060147e-01
1.829999999999999849e+00 2.009401718775429557e-01
1.889999999999999902e+00 1.760939757029214014e-01
1.949999999999999956e+00 1.538604497909544511e-01
2.009999999999999787e+00 1.340303570032118641e-01
2.070000000000000284e+00 1.157137254873910476e-01
2.129999999999999893e+00 1.000421742598214814e-01
2.189999999999999947e+00 8.600838482379968841e-02
2.250000000000000000e+00 7.347265879313144565e-02
2.309999999999999609e+00 6.268235544363652545e-02
2.370000000000000107e+00 5.343991021315251666e-02
2.429999999999999716e+00 4.522229234377539431e-02
2.490000000000000213e+00 3.822681804498033464e-02
2.549999999999999822e+00 3.217148284117377771e-02
2.609999999999999876e+00 2.705268561840075067e-02
2.669999999999999929e+00 2.259202301502225702e-02
2.729999999999999538e+00 1.886350413163501508e-02
2.790000000000000036e+00 1.567763586839038617e-02
2.849999999999999645e+00 1.305863261222838141e-02
2.910000000000000142e+00 1.081886390844979950e-02
2.969999999999999751e+00 8.893261353174837860e-03
3.030000000000000249e+00 7.348631819089247383e-03
3.089999999999999858e+00 6.074706713358555416e-03
3.149999999999999911e+00 4.967053731282584754e-03
3.209999999999999964e+00 4.064291715621944773e-03
3.269999999999999574e+00 3.323331475257870499e-03
3.330000000000000071e+00 2.729147672653195640e-03
3.389999999999999680e+00 2.195686101913450414e-03
3.450000000000000178e+00 1.765042543411253365e-03
3.509999999999999787e+00 1.432870825131732839e-03
3.569999999999999840e+00 1.170486211776740988e-03
3.629999999999999893e+00 9.462237358093253045e-04
3.689999999999999503e+00 7.454305887222283534e-04
3.750000000000000000e+00 6.090849637985224071e-04
3.809999999999999609e+00 4.847844441731766316e-04
3.870000000000000107e+00 4.068017005920406362e-04
3.929999999999999716e+00 3.006309270858761938e-04
3.989999999999999769e+00 2.576659123102840879e-04
4.049999999999999822e+00 2.029041449228905631e-04
4.109999999999999432e+00 1.543511946996063179e-04
4.169999999999999929e+00 1.281499862670887867e-04
4.230000000000000426e+00 9.375313917795878495e-05
4.290000000000000036e+00 6.854534149169864954e-05
4.349999999999999645e+00 6.258487701416056283e-05
4.410000000000000142e+00 4.880130290985139270e-05
4.469999999999999751e+00 3.750125567118295426e-05
4.529999999999999361e+00 2.967814604441344295e-05
4.589999999999999858e+00 2.471109231313049220e-05
4.650000000000000355e+00 1.899898052215588708e-05
4.709999999999999964e+00 1.229345798492421476e-05
4.769999999999999574e+00 1.092751820882168630e-05
4.830000000000000071e+00 7.698933283488005986e-06
4.889999999999999680e+00 6.457169850667264063e-06
4.949999999999999289e+00 4.842877388000519621e-06
5.009999999999999787e+00 4.718701044718384951e-06
5.070000000000000284e+00 3.228584925333679889e-06
5.129999999999999893e+00 1.365939776102690459e-06
5.189999999999999503e+00 1.614292462666839944e-06
5.250000000000000000e+00 1.490116119384775366e-06
5.309999999999999609e+00 1.490116119384753343e-06
5.369999999999999218e+00 8.692344029744522615e-07
5.429999999999999716e+00 8.692344029744394501e-07
5.490000000000000213e+00 2.483526865641292100e-07
5.549999999999999822e+00 3.725290298461883358e-07
5.609999999999999432e+00 2.483526865641292100e-07
5.669999999999999929e+00 0.000000000000000000e+00
5.730000000000000426e+00 2.483526865641292100e-07
5.789999999999999147e+00 1.241763432820646050e-07
5.849999999999999645e+00 1.241763432820627786e-07
5.910000000000000142e+00 0.000000000000000000e+00
5.969999999999999751e+00 0.000000000000000000e+00
