2.999999999999999889e-02 9.622983849562342928e-02
8.999999999999999667e-02 1.618623769699568393e-01
1.499999999999999944e-01 2.413644198881580993e-01
2.099999999999999922e-01 3.230017992531662441e-01
2.700000000000000178e-01 4.037351748188748868e-01
3.299999999999999600e-01 4.798929003850522235e-01
3.900000000000000133e-01 5.493934078627344952e-01
4.499999999999999556e-01 6.107089556663747310e-01
5.100000000000000089e-01 6.625334569881381475e-01
5.700000000000000622e-01 7.040863393167091644e-01
6.299999999999998934e-01 7.348679170355486567e-01
6.899999999999999467e-01 7.540224909439735557e-01
7.500000000000000000e-01 7.634895713910605508e-01
8.100000000000000533e-01 7.623085301637079203e-01
8.699999999999998845e-01 7.520845948873997600e-01
9.299999999999999378e-01 7.338398610665363142e-01
9.899999999999999911e-01 7.086601266710481628e-01
1.050000000000000044e+00 6.783591114114516651e-01
1.109999999999999876e+00 6.428516303143536614e-01
1.169999999999999929e+00 6.046049431995657031e-01
1.229999999999999982e+00 5.639785405889319314e-01
1.290000000000000036e+00 5.230794467223575106e-01
1.349999999999999867e+00 4.815656799427939783e-01
1.409999999999999920e+00 4.397124150331109260e-01
1.469999999999999973e+00 4.002238402814031204e-01
1.530000000000000027e+00 3.614418289387631433e-01
1.589999999999999858e+00 3.245266847827547041e-01
1.649999999999999911e+00 2.899456834035889496e-01
1.709999999999999964e+00 2.579369950330079875e-01
1.770000000000000018e+00 2.280601661715451756e-01
1.829999999999999849e+00 2.009935721977106904e-01
1.889999999999999902e+00 1.761636425690668861e-01
1.949999999999999956e+00 1.537517989272031704e-01
2.009999999999999787e+00 1.335954944351300522e-01
2.070000000000000284e+00 1.156891411572750078e-01
2.129999999999999893e+00 9.993799254159604906e-02
2.189999999999999947e+00 8.594716780763053676e-02
2.250000000000000000e+00 7.357758944779207999e-02
2.309999999999999609e+00 6.274382413599489949e-02
2.370000000000000107e+00 5.351876338737421301e-02
2.429999999999999716e+00 4.523905716129019566e-02
2.490000000000000213e+00 3.810549860931802119e-02
2.549999999999999822e+00 3.226238064557664792e-02
2.609999999999999876e+00 2.695669790757286577e-02
2.669999999999999929e+00 2.270676246375057453e-02
2.729999999999999538e+00 1.891392014976659222e-02
2.790000000000000036e+00 1.575152114471714895e-02
2.849999999999999645e+00 1.302969981548014744e-02
2.910000000000000142e+00 1.076211556012192372e-02
2.969999999999999751e+00 8.950631023833345579e-03
3.030000000000000249e+00 7.374833192362129607e-03
3.089999999999999858e+00 6.037578121667605720e-03
3.149999999999999911e+00 4.947061450589612490e-03
3.209999999999999964e+00 4.039580713600479135e-03
3.269999999999999574e+00 3.287817114567639833e-03
3.330000000000000071e+00 2.706671815017971851e-03
3.389999999999999680e+00 2.231821467693627901e-03
3.450000000000000178e+00 1.790871262843014584e-03
3.509999999999999787e+00 1.446778607917345930e-03
3.569999999999999840e+00 1.176943407934143669e-03
3.629999999999999893e+00 9.294599502412954732e-04
3.689999999999999503e+00 7.526328334552427959e-04
3.750000000000000000e+00 6.161630291379169896e-04
3.809999999999999609e+00 4.764646398230929555e-04
3.870000000000000107e+00 3.835807329719922477e-04
3.929999999999999716e+00 3.135452737954938529e-04
3.989999999999999769e+00 2.440065200032276872e-04
4.049999999999999822e+00 1.944601579262335647e-04
4.109999999999999432e+00 1.600633100682750671e-04
4.169999999999999929e+00 1.276532837472337499e-04
4.230000000000000426e+00 9.872019511580967528e-05
4.290000000000000036e+00 7.910033243870419426e-05
4.349999999999999645e+00 6.395081821967544048e-05
4.410000000000000142e+00 4.942218573093365284e-05
4.469999999999999751e+00 3.613531670276753899e-05
4.529999999999999361e+00 3.091991016834793639e-05
4.589999999999999858e+00 2.545615094181218191e-05
4.650000000000000355e+00 1.837809921652809283e-05
4.709999999999999964e+00 1.279016364393490107e-05
4.769999999999999574e+00 1.067916576095551125e-05
4.830000000000000071e+00 8.071462493745443976e-06
4.889999999999999680e+00 6.829699033169121355e-06
4.949999999999999289e+00 4.594524804132023207e-06
5.009999999999999787e+00 3.725290381728611687e-06
5.070000000000000284e+00 2.731879613267689200e-06
5.129999999999999893e+00 3.104408651440510092e-06
5.189999999999999503e+00 2.235174229037200216e-06
5.250000000000000000e+00 1.614292498749089092e-06
5.309999999999999609e+00 9.934107684609631447e-07
5.369999999999999218e+00 9.934107684609777560e-07
5.429999999999999716e+00 6.208817302881020184e-07
5.490000000000000213e+00 3.725290381728667379e-07
5.549999999999999822e+00 2.483526921152407862e-07
5.609999999999999432e+00 3.725290381728667379e-07
5.669999999999999929e+00 0.000000000000000000e+00
5.730000000000000426e+00 3.725290381728667379e-07
5.789999999999999147e+00 1.241763460576222195e-07
5.849999999999999645e+00 1.241763460576203931e-07
5.910000000000000142e+00 0.000000000000000000e+00
5.969999999999999751e+00 0.000000000000000000e+00
