2.999999999999999889e-02 9.614688798010680160e-02
8.999999999999999667e-02 1.614969247802633678e-01
1.499999999999999944e-01 2.416265543544275918e-01
2.099999999999999922e-01 3.232340066120129030e-01
2.700000000000000178e-01 4.037436158022823518e-01
3.299999999999999600e-01 4.798730285943502705e-01
3.900000000000000133e-01 5.495024306004608894e-01
4.499999999999999556e-01 6.110616119364143950e-01
5.100000000000000089e-01 6.626430997646310939e-01
5.700000000000000622e-01 7.037310655474331433e-01
6.299999999999998934e-01 7.345942268956840993e-01
6.899999999999999467e-01 7.544328881467309289e-01
7.500000000000000000e-01 7.627543175630908667e-01
8.100000000000000533e-01 7.620034232040763245e-01
8.699999999999998845e-01 7.521924985278528597e-01
9.299999999999999378e-01 7.338276863171802056e-01
9.899999999999999911e-01 7.085704660699331248e-01
1.050000000000000044e+00 6.779756498035134360e-01
1.109999999999999876e+00 6.433881915120528427e-01
1.169999999999999929e+00 6.045565099203060733e-01
1.229999999999999982e+00 5.641830548273973900e-01
1.290000000000000036e+00 5.233605780704917443e-01
1.349999999999999867e+00 4.811077139940016512e-01
1.409999999999999920e+00 4.401528652531828123e-01
1.469999999999999973e+00 4.000447750098221622e-01
1.530000000000000027e+00 3.614544922330151233e-01
1.589999999999999858e+00 3.247731724099303663e-01
1.649999999999999911e+00 2.900340948010595166e-01
1.709999999999999964e+00 2.580869981361476051e-01
1.770000000000000018e+00 2.283625338727619802e-01
1.829999999999999849e+00 2.009157121317938222e-01
1.889999999999999902e+00 1.762729164402619675e-01
1.949999999999999956e+00 1.535989367008049333e-01
2.009999999999999787e+00 1.336760838877570079e-01
2.070000000000000284e+00 1.159009851401196639e-01
2.129999999999999893e+00 9.973496347270843776e-02
2.189999999999999947e+00 8.567559350046959066e-02
2.250000000000000000e+00 7.355858991879105080e-02
2.309999999999999609e+00 6.276654793967621770e-02
2.370000000000000107e+00 5.336093485396502245e-02
2.429999999999999716e+00 4.517485765379947865e-02
2.490000000000000213e+00 3.824780441693170080e-02
2.549999999999999822e+00 3.210852591358408920e-02
2.609999999999999876e+00 2.706013660222513287e-02
2.669999999999999929e+00 2.261946632394390769e-02
2.729999999999999538e+00 1.894993114893530825e-02
2.790000000000000036e+00 1.558500054853657196e-02
2.849999999999999645e+00 1.305826027778177710e-02
2.910000000000000142e+00 1.088827864659246657e-02
2.969999999999999751e+00 8.972734346579518128e-03
3.030000000000000249e+00 7.346893459760542311e-03
3.089999999999999858e+00 6.005788932330239673e-03
3.149999999999999911e+00 4.943460299722290605e-03
3.209999999999999964e+00 4.084532520441198043e-03
3.269999999999999574e+00 3.283719270682122597e-03
3.330000000000000071e+00 2.688666224807491779e-03
3.389999999999999680e+00 2.230455511268805181e-03
3.450000000000000178e+00 1.755108462101842267e-03
3.509999999999999787e+00 1.466646812359194939e-03
3.569999999999999840e+00 1.164029059271458420e-03
3.629999999999999893e+00 9.232511260596574371e-04
3.689999999999999503e+00 7.631878171839481372e-04
3.750000000000000000e+00 6.048629771400929707e-04
3.809999999999999609e+00 5.040317848925554090e-04
3.870000000000000107e+00 3.787378526539280157e-04
3.929999999999999716e+00 3.017485186718180720e-04
3.989999999999999769e+00 2.473592795038132160e-04
4.049999999999999822e+00 1.963228016543789689e-04
4.109999999999999432e+00 1.580764873535914791e-04
4.169999999999999929e+00 1.211961128492560727e-04
4.230000000000000426e+00 9.102126098207584306e-05
4.290000000000000036e+00 7.649262860157966869e-05
4.349999999999999645e+00 6.121893815029111742e-05
4.410000000000000142e+00 5.016724343350428703e-05
4.469999999999999751e+00 3.849466699105470084e-05
4.529999999999999361e+00 2.930561745125497908e-05
4.589999999999999858e+00 2.384185826542742814e-05
4.650000000000000355e+00 1.949568618579250830e-05
4.709999999999999964e+00 1.726051197340839469e-05
4.769999999999999574e+00 1.167257644244901698e-05
4.830000000000000071e+00 8.071462433608361217e-06
4.889999999999999680e+00 7.823109743343374436e-06
4.949999999999999289e+00 5.587935530959635210e-06
5.009999999999999787e+00 4.470348424767641930e-06
5.070000000000000284e+00 2.359350557516290639e-06
5.129999999999999893e+00 2.110997867251386443e-06
5.189999999999999503e+00 2.110997867251417784e-06
5.250000000000000000e+00 1.490116141589236282e-06
5.309999999999999609e+00 9.934107610594761727e-07
5.369999999999999218e+00 7.450580707946181409e-07
5.429999999999999716e+00 4.967053805297380863e-07
5.490000000000000213e+00 4.967053805297453920e-07
5.549999999999999822e+00 1.241763451324345216e-07
5.609999999999999432e+00 1.241763451324363480e-07
5.669999999999999929e+00 4.967053805297380863e-07
5.730000000000000426e+00 2.483526902648726960e-07
5.789999999999999147e+00 1.241763451324363480e-07
5.849999999999999645e+00 1.241763451324345216e-07
5.910000000000000142e+00 0.000000000000000000e+00
5.969999999999999751e+00 0.000000000000000000e+00
