2.999999999999999889e-02 9.645459624470222038e-02
8.999999999999999667e-02 1.620919766184586719e-01
1.499999999999999944e-01 2.418633568425726521e-01
2.099999999999999922e-01 3.231508060531130266e-01
2.700000000000000178e-01 4.033797761056307496e-01
3.299999999999999600e-01 4.801142996558122045e-01
3.900000000000000133e-01 5.499182930830988081e-01
4.499999999999999556e-01 6.109754290007708422e-01
5.100000000000000089e-01 6.628728210643386465e-01
5.700000000000000622e-01 7.035867673922593379e-01
6.299999999999998934e-01 7.343847359298528721e-01
6.899999999999999467e-01 7.541179713168582044e-01
7.500000000000000000e-01 7.629770842416360166e-01
8.100000000000000533e-01 7.618822214147621397e-01
8.699999999999998845e-01 7.521973358010061173e-01
9.299999999999999378e-01 7.328258261046738387e-01
9.899999999999999911e-01 7.088465048038444793e-01
1.050000000000000044e+00 6.776393752120879466e-01
1.109999999999999876e+00 6.430655765761867926e-01
1.169999999999999929e+00 6.045519108912733586e-01
1.229999999999999982e+00 5.639493507441079023e-01
1.290000000000000036e+00 5.229742615643228065e-01
1.349999999999999867e+00 4.814734097431601634e-01
1.409999999999999920e+00 4.399855964381412243e-01
1.469999999999999973e+00 4.000630259518547227e-01
1.530000000000000027e+00 3.610571252385061380e-01
1.589999999999999858e+00 3.243534539467611277e-01
1.649999999999999911e+00 2.907499692644918698e-01
1.709999999999999964e+00 2.580907215035758151e-01
1.770000000000000018e+00 2.284053730100799873e-01
1.829999999999999849e+00 2.009251480370148335e-01
1.889999999999999902e+00 1.762650920172413316e-01
1.949999999999999956e+00 1.538558564125684647e-01
2.009999999999999787e+00 1.338678111672485516e-01
2.070000000000000284e+00 1.158592610249363913e-01
2.129999999999999893e+00 9.989564691902921845e-02
2.189999999999999947e+00 8.581156595904361473e-02
2.250000000000000000e+00 7.353661015781215449e-02
2.309999999999999609e+00 6.268459108485220643e-02
2.370000000000000107e+00 5.345071395325690783e-02
2.429999999999999716e+00 4.521484210005529553e-02
2.490000000000000213e+00 3.836875189122121443e-02
2.549999999999999822e+00 3.221730415188248098e-02
2.609999999999999876e+00 2.696986019837272971e-02
2.669999999999999929e+00 2.267286198342486486e-02
2.729999999999999538e+00 1.889541759264033380e-02
2.790000000000000036e+00 1.576853306915758368e-02
2.849999999999999645e+00 1.303392161702553523e-02
2.910000000000000142e+00 1.078099020407340472e-02
2.969999999999999751e+00 8.905306524822900402e-03
3.030000000000000249e+00 7.370735263109711756e-03
3.089999999999999858e+00 6.060799008067436003e-03
3.149999999999999911e+00 4.980837342497023909e-03
3.209999999999999964e+00 4.044671883518532324e-03
3.269999999999999574e+00 3.301352287093936317e-03
3.330000000000000071e+00 2.705554187587553335e-03
3.389999999999999680e+00 2.170602496742722251e-03
3.450000000000000178e+00 1.765663438282881340e-03
3.509999999999999787e+00 1.444543412162934163e-03
3.569999999999999840e+00 1.183524736639304277e-03
3.629999999999999893e+00 9.292115837028484164e-04
3.689999999999999503e+00 7.525086458959322645e-04
3.750000000000000000e+00 6.074706758618647747e-04
3.809999999999999609e+00 4.854053295061384714e-04
3.870000000000000107e+00 3.961225380211260772e-04
3.929999999999999716e+00 3.106892132065383681e-04
3.989999999999999769e+00 2.462416905629776940e-04
4.049999999999999822e+00 1.965711528800745790e-04
4.109999999999999432e+00 1.550962539148558503e-04
4.169999999999999929e+00 1.266598710913935920e-04
4.230000000000000426e+00 9.524325600696110952e-05
4.290000000000000036e+00 7.711350975270139937e-05
4.349999999999999645e+00 6.196399575941798489e-05
4.410000000000000142e+00 5.091230112497269097e-05
4.469999999999999751e+00 3.688037422955284288e-05
4.529999999999999361e+00 2.980232260974011055e-05
4.589999999999999858e+00 2.011656776157427824e-05
4.650000000000000355e+00 1.626710109114981335e-05
4.709999999999999964e+00 1.390775055121184796e-05
4.769999999999999574e+00 9.189049471336535526e-06
4.830000000000000071e+00 8.940696782922032826e-06
4.889999999999999680e+00 7.698933340849415988e-06
4.949999999999999289e+00 5.339582800911769934e-06
5.009999999999999787e+00 5.215406456704442351e-06
5.070000000000000284e+00 2.359350539937759133e-06
5.129999999999999893e+00 2.607703228352221175e-06
5.189999999999999503e+00 2.607703228352259715e-06
5.250000000000000000e+00 1.241763442072504818e-06
5.309999999999999609e+00 1.862645163108729381e-06
5.369999999999999218e+00 8.692344094507533090e-07
5.429999999999999716e+00 7.450580652434917946e-07
5.490000000000000213e+00 4.967053768290019060e-07
5.549999999999999822e+00 8.692344094507404977e-07
5.609999999999999432e+00 2.483526884145009530e-07
5.669999999999999929e+00 1.241763442072486501e-07
5.730000000000000426e+00 2.483526884145009530e-07
5.789999999999999147e+00 3.725290326217514030e-07
5.849999999999999645e+00 1.241763442072486501e-07
5.910000000000000142e+00 0.000000000000000000e+00
5.969999999999999751e+00 0.000000000000000000e+00
