2.999999999999999889e-02 9.617755882077584639e-02
8.999999999999999667e-02 1.618319513536886911e-01
1.499999999999999944e-01 2.412927665409403677e-01
2.099999999999999922e-01 3.232496504231019974e-01
2.700000000000000178e-01 4.038150141920771596e-01
3.299999999999999600e-01 4.798435952254404557e-01
3.900000000000000133e-01 5.496288380247517091e-01
4.499999999999999556e-01 6.111395901278128262e-01
5.100000000000000089e-01 6.631191869312458298e-01
5.700000000000000622e-01 7.041109157411581387e-01
6.299999999999998934e-01 7.345487728805507599e-01
6.899999999999999467e-01 7.541096515017963187e-01
7.500000000000000000e-01 7.628392484995659695e-01
8.100000000000000533e-01 7.615901586531866885e-01
8.699999999999998845e-01 7.516945457833109634e-01
9.299999999999999378e-01 7.338024730518637462e-01
9.899999999999999911e-01 7.087705088811896426e-01
1.050000000000000044e+00 6.779746513414475206e-01
1.109999999999999876e+00 6.424962280379966639e-01
1.169999999999999929e+00 6.046072935407899029e-01
1.229999999999999982e+00 5.643756481337715014e-01
1.290000000000000036e+00 5.227558353748621434e-01
1.349999999999999867e+00 4.816590533777500016e-01
1.409999999999999920e+00 4.402104797975005535e-01
1.469999999999999973e+00 4.000205576421358433e-01
1.530000000000000027e+00 3.609117147394393932e-01
1.589999999999999858e+00 3.251014922442655997e-01
1.649999999999999911e+00 2.902515254188439697e-01
1.709999999999999964e+00 2.582049637402465403e-01
1.770000000000000018e+00 2.283122407519245500e-01
1.829999999999999849e+00 2.006965393873292869e-01
1.889999999999999902e+00 1.763224614882650809e-01
1.949999999999999956e+00 1.540077240815339588e-01
2.009999999999999787e+00 1.338041087026702325e-01
2.070000000000000284e+00 1.157868662162635648e-01
2.129999999999999893e+00 9.989924803301122869e-02
2.189999999999999947e+00 8.589550916772770162e-02
2.250000000000000000e+00 7.349327261368381048e-02
2.309999999999999609e+00 6.270073400959913501e-02
2.370000000000000107e+00 5.335410475746367454e-02
2.429999999999999716e+00 4.516405397527453042e-02
2.490000000000000213e+00 3.816994556414540080e-02
2.549999999999999822e+00 3.226647798418855184e-02
2.609999999999999876e+00 2.701406697691051059e-02
2.669999999999999929e+00 2.261276063282855950e-02
2.729999999999999538e+00 1.888337248725223405e-02
2.790000000000000036e+00 1.571699988631157507e-02
2.849999999999999645e+00 1.307440310523709862e-02
2.910000000000000142e+00 1.085288830736940227e-02
2.969999999999999751e+00 8.911887871065886368e-03
3.030000000000000249e+00 7.327894424358210625e-03
3.089999999999999858e+00 6.063530887639995495e-03
3.149999999999999911e+00 4.963204301619593591e-03
3.209999999999999964e+00 4.054357638366697797e-03
3.269999999999999574e+00 3.300110523651864254e-03
3.330000000000000071e+00 2.730761985461625015e-03
3.389999999999999680e+00 2.156073864470474041e-03
3.450000000000000178e+00 1.765166732906052341e-03
3.509999999999999787e+00 1.429518074513856738e-03
3.569999999999999840e+00 1.147761949507615942e-03
3.629999999999999893e+00 9.509424439391171062e-04
3.689999999999999503e+00 7.599592265483672438e-04
3.750000000000000000e+00 6.087124393039372713e-04
3.809999999999999609e+00 4.714975789549265641e-04
3.870000000000000107e+00 3.943840692022245820e-04
3.929999999999999716e+00 3.015001637352018936e-04
3.989999999999999769e+00 2.525746841175474265e-04
4.049999999999999822e+00 1.966953292242818287e-04
4.109999999999999432e+00 1.532336087517470783e-04
4.169999999999999929e+00 1.177191743084716980e-04
4.230000000000000426e+00 9.921689902159312562e-05
4.290000000000000036e+00 7.177392695178971837e-05
4.349999999999999645e+00 5.637606027009171649e-05
4.410000000000000142e+00 4.308919143991591521e-05
4.469999999999999751e+00 4.010895917894130683e-05
4.529999999999999361e+00 2.905726454449660922e-05
4.589999999999999858e+00 2.396603443199898708e-05
4.650000000000000355e+00 1.775721722163681938e-05
4.709999999999999964e+00 1.452863227224808947e-05
4.769999999999999574e+00 1.204510538810329625e-05
4.830000000000000071e+00 8.319815061885782852e-06
4.889999999999999680e+00 5.960464521947934357e-06
4.949999999999999289e+00 7.574756996642278987e-06
5.009999999999999787e+00 3.725290326217458761e-06
5.070000000000000284e+00 3.601113982010263739e-06
5.129999999999999893e+00 1.986821507315978401e-06
5.189999999999999503e+00 2.483526884145009636e-06
5.250000000000000000e+00 1.241763442072504818e-06
5.309999999999999609e+00 1.490116130486983589e-06
5.369999999999999218e+00 1.241763442072504818e-06
5.429999999999999716e+00 8.692344094507404977e-07
5.490000000000000213e+00 3.725290326217514030e-07
5.549999999999999822e+00 2.483526884144973002e-07
5.609999999999999432e+00 1.241763442072504765e-07
5.669999999999999929e+00 1.241763442072486501e-07
5.730000000000000426e+00 0.000000000000000000e+00
5.789999999999999147e+00 1.241763442072504765e-07
5.849999999999999645e+00 1.241763442072486501e-07
5.910000000000000142e+00 0.000000000000000000e+00
5.969999999999999751e+00 0.000000000000000000e+00
