2.999999999999999889e-02 9.642901663624768582e-02
8.999999999999999667e-02 1.617390686532716171e-01
1.499999999999999944e-01 2.416202213608258376e-01
2.099999999999999922e-01 3.229038217103057939e-01
2.700000000000000178e-01 4.039352199028217183e-01
3.299999999999999600e-01 4.800556919980401016e-01
3.900000000000000133e-01 5.496767741890268288e-01
4.499999999999999556e-01 6.113966397155817800e-01
5.100000000000000089e-01 6.627872685013298515e-01
5.700000000000000622e-01 7.037935262490347954e-01
6.299999999999998934e-01 7.347172856537104169e-01
6.899999999999999467e-01 7.542388005192889322e-01
7.500000000000000000e-01 7.636979336097522442e-01
8.100000000000000533e-01 7.617571815116787048e-01
8.699999999999998845e-01 7.521510236285787743e-01
9.299999999999999378e-01 7.330951700572440055e-01
9.899999999999999911e-01 7.082086162002171337e-01
1.050000000000000044e+00 6.777265520551777334e-01
1.109999999999999876e+00 6.424019829790111880e-01
1.169999999999999929e+00 6.046999335989340363e-01
1.229999999999999982e+00 5.641176138935125595e-01
1.290000000000000036e+00 5.227415589900065163e-01
1.349999999999999867e+00 4.814321867838327051e-01
1.409999999999999920e+00 4.397833164500686842e-01
1.469999999999999973e+00 3.999803274866984282e-01
1.530000000000000027e+00 3.614465449469266844e-01
1.589999999999999858e+00 3.243532080106923954e-01
1.649999999999999911e+00 2.900168342890860895e-01
1.709999999999999964e+00 2.581569094184572033e-01
1.770000000000000018e+00 2.281171614147802784e-01
1.829999999999999849e+00 2.010628611007757582e-01
1.889999999999999902e+00 1.763383573741467980e-01
1.949999999999999956e+00 1.540181560419720541e-01
2.009999999999999787e+00 1.337057620342436415e-01
2.070000000000000284e+00 1.160134889088096505e-01
2.129999999999999893e+00 1.001364255965215833e-01
2.189999999999999947e+00 8.589079110658411065e-02
2.250000000000000000e+00 7.375553360217107501e-02
2.309999999999999609e+00 6.296088391980846077e-02
2.370000000000000107e+00 5.333659629031906046e-02
2.429999999999999716e+00 4.524551399417982983e-02
2.490000000000000213e+00 3.825513082129451681e-02
2.549999999999999822e+00 3.214428870098223062e-02
2.609999999999999876e+00 2.703070680842874565e-02
2.669999999999999929e+00 2.264740600159870568e-02
2.729999999999999538e+00 1.892062553148405463e-02
2.790000000000000036e+00 1.564485354689040472e-02
2.849999999999999645e+00 1.298946658257840725e-02
2.910000000000000142e+00 1.080992337281390207e-02
2.969999999999999751e+00 8.939827615119423296e-03
3.030000000000000249e+00 7.338325291946404261e-03
3.089999999999999858e+00 6.035963784197420634e-03
3.149999999999999911e+00 4.961217517076229461e-03
3.209999999999999964e+00 4.051998318016500518e-03
3.269999999999999574e+00 3.316253473106820556e-03
3.330000000000000071e+00 2.693136573232259457e-03
3.389999999999999680e+00 2.201646599198079854e-03
3.450000000000000178e+00 1.780937141889388708e-03
3.509999999999999787e+00 1.438458782014131934e-03
3.569999999999999840e+00 1.146023489227255198e-03
3.629999999999999893e+00 9.256104766171736756e-04
3.689999999999999503e+00 7.727493957591455992e-04
3.750000000000000000e+00 6.175289643436013927e-04
3.809999999999999609e+00 4.821767481492467231e-04
3.870000000000000107e+00 3.731499171229684720e-04
3.929999999999999716e+00 3.183881489195644122e-04
3.989999999999999769e+00 2.461175160524888429e-04
4.049999999999999822e+00 1.944601564773924633e-04
4.109999999999999432e+00 1.598149561854455582e-04
4.169999999999999929e+00 1.168499407696208751e-04
4.230000000000000426e+00 1.015762503183329201e-04
4.290000000000000036e+00 7.860362646883104073e-05
4.349999999999999645e+00 6.407499408833715673e-05
4.410000000000000142e+00 4.904965632731235389e-05
4.469999999999999751e+00 3.576278739814113544e-05
4.529999999999999361e+00 3.365178953089025129e-05
4.589999999999999858e+00 2.396603461055986140e-05
4.650000000000000355e+00 1.812974638933570866e-05
4.709999999999999964e+00 1.428027969022996956e-05
4.769999999999999574e+00 1.241763451324363342e-05
4.830000000000000071e+00 8.195638778740799550e-06
4.889999999999999680e+00 6.332993601754160177e-06
4.949999999999999289e+00 6.084640911489380920e-06
5.009999999999999787e+00 4.097819389370338789e-06
5.070000000000000284e+00 2.980232283178472564e-06
5.129999999999999893e+00 3.228584973443297138e-06
5.189999999999999503e+00 2.607703247781163070e-06
5.250000000000000000e+00 1.986821522118981568e-06
5.309999999999999609e+00 1.614292486721648569e-06
5.369999999999999218e+00 4.967053805297453920e-07
5.429999999999999716e+00 9.934107610594761727e-07
5.490000000000000213e+00 2.483526902648726960e-07
5.549999999999999822e+00 4.967053805297380863e-07
5.609999999999999432e+00 6.208817256621818194e-07
5.669999999999999929e+00 3.725290353973035648e-07
5.730000000000000426e+00 0.000000000000000000e+00
5.789999999999999147e+00 0.000000000000000000e+00
5.849999999999999645e+00 0.000000000000000000e+00
5.910000000000000142e+00 0.000000000000000000e+00
5.969999999999999751e+00 0.000000000000000000e+00
