2.999999999999999889e-02 9.631477368112484339e-02
8.999999999999999667e-02 1.618720603128676050e-01
1.499999999999999944e-01 2.418123203651034725e-01
2.099999999999999922e-01 3.235594704018990853e-01
2.700000000000000178e-01 4.039149761491639401e-01
3.299999999999999600e-01 4.799603209889952704e-01
3.900000000000000133e-01 5.498034299647071022e-01
4.499999999999999556e-01 6.108368482006355515e-01
5.100000000000000089e-01 6.633845517788167223e-01
5.700000000000000622e-01 7.042924615563890267e-01
6.299999999999998934e-01 7.345908686612370175e-01
6.899999999999999467e-01 7.540946261641473525e-01
7.500000000000000000e-01 7.634040025130205409e-01
8.100000000000000533e-01 7.616374698403296506e-01
8.699999999999998845e-01 7.514419710991934176e-01
9.299999999999999378e-01 7.334043636923354148e-01
9.899999999999999911e-01 7.084578328464756769e-01
1.050000000000000044e+00 6.778322210746418053e-01
1.109999999999999876e+00 6.428169755350839898e-01
1.169999999999999929e+00 6.044597720438716904e-01
1.229999999999999982e+00 5.640044850409359212e-01
1.290000000000000036e+00 5.224367021702496228e-01
1.349999999999999867e+00 4.810041473384009669e-01
1.409999999999999920e+00 4.398399375863861205e-01
1.469999999999999973e+00 3.999574760592785605e-01
1.530000000000000027e+00 3.610412306664476101e-01
1.589999999999999858e+00 3.247197741621724587e-01
1.649999999999999911e+00 2.900848807649178962e-01
1.709999999999999964e+00 2.578246115979397346e-01
1.770000000000000018e+00 2.280405429107990878e-01
1.829999999999999849e+00 2.011634424415485456e-01
1.889999999999999902e+00 1.760631812815603436e-01
1.949999999999999956e+00 1.539948097417363770e-01
2.009999999999999787e+00 1.338598638812192876e-01
2.070000000000000284e+00 1.158686984270961423e-01
2.129999999999999893e+00 1.000256595514142088e-01
2.189999999999999947e+00 8.587588930534297005e-02
2.250000000000000000e+00 7.355250472987066857e-02
2.309999999999999609e+00 6.259319729551565681e-02
2.370000000000000107e+00 5.355179349744160905e-02
2.429999999999999716e+00 4.537043505934697935e-02
2.490000000000000213e+00 3.833274075140110509e-02
2.549999999999999822e+00 3.226697468956538084e-02
2.609999999999999876e+00 2.706448257265865395e-02
2.669999999999999929e+00 2.267994003504467809e-02
2.729999999999999538e+00 1.885319763560987238e-02
2.790000000000000036e+00 1.583558829502949850e-02
2.849999999999999645e+00 1.305279642134503718e-02
2.910000000000000142e+00 1.085686195038403599e-02
2.969999999999999751e+00 9.011477299120098858e-03
3.030000000000000249e+00 7.455175177170641522e-03
3.089999999999999858e+00 6.095320031757051407e-03
3.149999999999999911e+00 5.012626486614079821e-03
3.209999999999999964e+00 4.073729148063028743e-03
3.269999999999999574e+00 3.313273216137832284e-03
3.330000000000000071e+00 2.689659615529024946e-03
3.389999999999999680e+00 2.232442316157932580e-03
3.450000000000000178e+00 1.809497687788040468e-03
3.509999999999999787e+00 1.442308237967203670e-03
3.569999999999999840e+00 1.156205940913709136e-03
3.629999999999999893e+00 9.396423966162573875e-04
3.689999999999999503e+00 7.578482286968439997e-04
3.750000000000000000e+00 6.007651532746732933e-04
3.809999999999999609e+00 4.773338671326672980e-04
3.870000000000000107e+00 3.899137208107635944e-04
3.929999999999999716e+00 3.109375658949529216e-04
3.989999999999999769e+00 2.500911572334024334e-04
4.049999999999999822e+00 1.988063270758050729e-04
4.109999999999999432e+00 1.635402453209488540e-04
4.169999999999999929e+00 1.230587571093834061e-04
4.230000000000000426e+00 9.822348826793512837e-05
4.290000000000000036e+00 7.761021512953039799e-05
4.349999999999999645e+00 6.308158285728324534e-05
4.410000000000000142e+00 4.457930757040291786e-05
4.469999999999999751e+00 3.514190541065136803e-05
4.529999999999999361e+00 2.644956131614434951e-05
4.589999999999999858e+00 2.570450325090046533e-05
4.650000000000000355e+00 1.899898066370932272e-05
4.709999999999999964e+00 1.403192689541909592e-05
4.769999999999999574e+00 1.030663656920178921e-05
4.830000000000000071e+00 1.105169463444529222e-05
4.889999999999999680e+00 6.829698931398674325e-06
4.949999999999999289e+00 5.215406456704519431e-06
5.009999999999999787e+00 5.215406456704442351e-06
5.070000000000000284e+00 2.980232260974011224e-06
5.129999999999999893e+00 2.110997851523226787e-06
5.189999999999999503e+00 1.241763442072504818e-06
5.250000000000000000e+00 1.614292474694256115e-06
5.309999999999999609e+00 1.241763442072486395e-06
5.369999999999999218e+00 1.117587097865254103e-06
5.429999999999999716e+00 8.692344094507404977e-07
5.490000000000000213e+00 4.967053768290019060e-07
5.549999999999999822e+00 7.450580652434917946e-07
5.609999999999999432e+00 3.725290326217514030e-07
5.669999999999999929e+00 2.483526884144973002e-07
5.730000000000000426e+00 0.000000000000000000e+00
5.789999999999999147e+00 1.241763442072504765e-07
5.849999999999999645e+00 1.241763442072486501e-07
5.910000000000000142e+00 1.241763442072504765e-07
5.969999999999999751e+00 0.000000000000000000e+00
