2.999999999999999889e-02 9.635910535393812926e-02
8.999999999999999667e-02 1.619841927585630448e-01
1.499999999999999944e-01 2.415900465089586557e-01
2.099999999999999922e-01 3.230092474273232317e-01
2.700000000000000178e-01 4.039178352145031403e-01
3.299999999999999600e-01 4.800410391893144557e-01
3.900000000000000133e-01 5.494767260970184752e-01
4.499999999999999556e-01 6.115275215833514411e-01
5.100000000000000089e-01 6.629658340856302567e-01
5.700000000000000622e-01 7.043158119566618192e-01
6.299999999999998934e-01 7.347160438902590185e-01
6.899999999999999467e-01 7.539852324225284619e-01
7.500000000000000000e-01 7.630024219006654729e-01
8.100000000000000533e-01 7.618417456027138934e-01
8.699999999999998845e-01 7.517736517157213028e-01
9.299999999999999378e-01 7.337355474690919754e-01
9.899999999999999911e-01 7.081601874256154838e-01
1.050000000000000044e+00 6.774567168572049880e-01
1.109999999999999876e+00 6.425641572857540007e-01
1.169999999999999929e+00 6.049887677777121553e-01
1.229999999999999982e+00 5.641610756143089489e-01
1.290000000000000036e+00 5.223559914383703040e-01
1.349999999999999867e+00 4.812151265325411709e-01
1.409999999999999920e+00 4.400116767487672331e-01
1.469999999999999973e+00 3.999316503594064764e-01
1.530000000000000027e+00 3.611267908582107000e-01
1.589999999999999858e+00 3.253676045740792611e-01
1.649999999999999911e+00 2.900172068181214868e-01
1.709999999999999964e+00 2.577628978753519484e-01
1.770000000000000018e+00 2.284228835764963439e-01
1.829999999999999849e+00 2.007667005176348995e-01
1.889999999999999902e+00 1.759988592465547008e-01
1.949999999999999956e+00 1.540365341410516453e-01
2.009999999999999787e+00 1.337884634801018435e-01
2.070000000000000284e+00 1.158287145072525864e-01
2.129999999999999893e+00 1.000595604388846149e-01
2.189999999999999947e+00 8.572141457182345936e-02
2.250000000000000000e+00 7.353760411646365069e-02
2.309999999999999609e+00 6.282193058960526544e-02
2.370000000000000107e+00 5.343010107820378440e-02
2.429999999999999716e+00 4.533678360785216993e-02
2.490000000000000213e+00 3.815206445483459302e-02
2.549999999999999822e+00 3.230956741635351154e-02
2.609999999999999876e+00 2.708646198739320804e-02
2.669999999999999929e+00 2.267348303407651713e-02
2.729999999999999538e+00 1.900705226769622974e-02
2.790000000000000036e+00 1.570781095387254953e-02
2.849999999999999645e+00 1.312630891491435234e-02
2.910000000000000142e+00 1.080806072763691554e-02
2.969999999999999751e+00 8.970374996022002431e-03
3.030000000000000249e+00 7.352605571636633766e-03
3.089999999999999858e+00 6.067256223170794383e-03
3.149999999999999911e+00 4.967053805297454508e-03
3.209999999999999964e+00 4.100178739927884917e-03
3.269999999999999574e+00 3.318612823664336686e-03
3.330000000000000071e+00 2.712508083072919397e-03
3.389999999999999680e+00 2.184137734534406881e-03
3.450000000000000178e+00 1.808380114163657100e-03
3.509999999999999787e+00 1.405179521518639145e-03
3.569999999999999840e+00 1.151859777448479595e-03
3.629999999999999893e+00 9.243687131658493566e-04
3.689999999999999503e+00 7.528811805379560622e-04
3.750000000000000000e+00 5.986541598834711590e-04
3.809999999999999609e+00 4.898756815474577609e-04
3.870000000000000107e+00 3.815939085919740686e-04
3.929999999999999716e+00 3.135452714593994815e-04
3.989999999999999769e+00 2.518296279285808944e-04
4.049999999999999822e+00 2.042700877428547512e-04
4.109999999999999432e+00 1.482665560881290016e-04
4.169999999999999929e+00 1.235554634067723384e-04
4.230000000000000426e+00 9.586413844224085505e-05
4.290000000000000036e+00 7.661680494671209516e-05
4.349999999999999645e+00 5.575517896446391885e-05
4.410000000000000142e+00 5.041559612376915353e-05
4.469999999999999751e+00 3.936390140698174038e-05
4.529999999999999361e+00 3.241002607956588490e-05
4.589999999999999858e+00 2.384185826542742814e-05
4.650000000000000355e+00 1.937150984066006828e-05
4.709999999999999964e+00 1.403192699996509967e-05
4.769999999999999574e+00 9.561578575197599193e-06
4.830000000000000071e+00 1.105169471678683548e-05
4.889999999999999680e+00 7.078051672548767307e-06
4.949999999999999289e+00 5.215406495562326140e-06
5.009999999999999787e+00 4.842877460164945918e-06
5.070000000000000284e+00 3.601114008840654066e-06
5.129999999999999893e+00 1.738468831854083090e-06
5.189999999999999503e+00 1.738468831854108713e-06
5.250000000000000000e+00 1.117587106191927000e-06
5.309999999999999609e+00 1.365939796456779526e-06
5.369999999999999218e+00 4.967053805297453920e-07
5.429999999999999716e+00 4.967053805297380863e-07
5.490000000000000213e+00 7.450580707946181409e-07
5.549999999999999822e+00 0.000000000000000000e+00
5.609999999999999432e+00 2.483526902648726960e-07
5.669999999999999929e+00 1.241763451324345216e-07
5.730000000000000426e+00 1.241763451324363480e-07
5.789999999999999147e+00 0.000000000000000000e+00
5.849999999999999645e+00 1.241763451324345216e-07
5.910000000000000142e+00 0.000000000000000000e+00
5.969999999999999751e+00 1.241763451324345216e-07
