2.999999999999999889e-02 9.642504227478088108e-02
8.999999999999999667e-02 1.617671313020125068e-01
1.499999999999999944e-01 2.415824699519758534e-01
2.099999999999999922e-01 3.233158364145644614e-01
2.700000000000000178e-01 4.041829486999632404e-01
3.299999999999999600e-01 4.800550675396253464e-01
3.900000000000000133e-01 5.492959212459319618e-01
4.499999999999999556e-01 6.109776641749665727e-01
5.100000000000000089e-01 6.630465437698845887e-01
5.700000000000000622e-01 7.037861946010560699e-01
6.299999999999998934e-01 7.341050908026982569e-01
6.899999999999999467e-01 7.538688735703785726e-01
7.500000000000000000e-01 7.627433843618379727e-01
8.100000000000000533e-01 7.619012203954258489e-01
8.699999999999998845e-01 7.518400804587218600e-01
9.299999999999999378e-01 7.336738263592650355e-01
9.899999999999999911e-01 7.088297409973765006e-01
1.050000000000000044e+00 6.779490710145408272e-01
1.109999999999999876e+00 6.428615548426543924e-01
1.169999999999999929e+00 6.045706615192486533e-01
1.229999999999999982e+00 5.641690186970106380e-01
1.290000000000000036e+00 5.232444692893177818e-01
1.349999999999999867e+00 4.815040813001793540e-01
1.409999999999999920e+00 4.402863515438112385e-01
1.469999999999999973e+00 3.995362698997275697e-01
1.530000000000000027e+00 3.612230248343670236e-01
1.589999999999999858e+00 3.245557372114747374e-01
1.649999999999999911e+00 2.901927900080339962e-01
1.709999999999999964e+00 2.581143150089751925e-01
1.770000000000000018e+00 2.285306669413851299e-01
1.829999999999999849e+00 2.008143827379819668e-01
1.889999999999999902e+00 1.763851705420897698e-01
1.949999999999999956e+00 1.539828888126924811e-01
2.009999999999999787e+00 1.337479809950885556e-01
2.070000000000000284e+00 1.158958930464775300e-01
2.129999999999999893e+00 1.001053807643952631e-01
2.189999999999999947e+00 8.570676112453269602e-02
2.250000000000000000e+00 7.339343483294118176e-02
2.309999999999999609e+00 6.272097475370491670e-02
2.370000000000000107e+00 5.335832675316672102e-02
2.429999999999999716e+00 4.522825314522967849e-02
2.490000000000000213e+00 3.821589081150208317e-02
2.549999999999999822e+00 3.221407556693309249e-02
2.609999999999999876e+00 2.697085360912638771e-02
2.669999999999999929e+00 2.261313316186118125e-02
2.729999999999999538e+00 1.895738158839975138e-02
2.790000000000000036e+00 1.576157919388198117e-02
2.849999999999999645e+00 1.303118973745297574e-02
2.910000000000000142e+00 1.088269062997914219e-02
2.969999999999999751e+00 8.932997849581118810e-03
3.030000000000000249e+00 7.392093594313357829e-03
3.089999999999999858e+00 6.008396590811977515e-03
3.149999999999999911e+00 4.983320869381168035e-03
3.209999999999999964e+00 4.083787431943815965e-03
3.269999999999999574e+00 3.288934652673211785e-03
3.330000000000000071e+00 2.683823327351284645e-03
3.389999999999999680e+00 2.183765189228690715e-03
3.450000000000000178e+00 1.750017218912767883e-03
3.509999999999999787e+00 1.441687356246167204e-03
3.569999999999999840e+00 1.167878517269190604e-03
3.629999999999999893e+00 9.177873600357814481e-04
3.689999999999999503e+00 7.554888781569062562e-04
3.750000000000000000e+00 6.077190285502793825e-04
3.809999999999999609e+00 4.830459789662007821e-04
3.870000000000000107e+00 3.804763186510126205e-04
3.929999999999999716e+00 3.119309766486108647e-04
3.989999999999999769e+00 2.509603916428532352e-04
4.049999999999999822e+00 1.881271614739816567e-04
4.109999999999999432e+00 1.557171356358920714e-04
4.169999999999999929e+00 1.220653463557254089e-04
4.230000000000000426e+00 9.660919579324086929e-05
4.290000000000000036e+00 7.885197857160288100e-05
4.349999999999999645e+00 6.258487748045423317e-05
4.410000000000000142e+00 4.842877424082768430e-05
4.469999999999999751e+00 3.663202154113835035e-05
4.529999999999999361e+00 3.029902798656911595e-05
4.589999999999999858e+00 2.098580217102501906e-05
4.650000000000000355e+00 1.750886453322231668e-05
4.709999999999999964e+00 1.341104517438285103e-05
4.769999999999999574e+00 1.018246022499453955e-05
4.830000000000000071e+00 9.934107536580038544e-06
4.889999999999999680e+00 6.829698931398674325e-06
4.949999999999999289e+00 4.842877424082767922e-06
5.009999999999999787e+00 4.221995703046453574e-06
5.070000000000000284e+00 4.221995703046516254e-06
5.129999999999999893e+00 2.110997851523226787e-06
5.189999999999999503e+00 1.862645163108756909e-06
5.250000000000000000e+00 7.450580652435028061e-07
5.309999999999999609e+00 1.738468818901480995e-06
5.369999999999999218e+00 1.117587097865254103e-06
5.429999999999999716e+00 8.692344094507404977e-07
5.490000000000000213e+00 6.208817210362524090e-07
5.549999999999999822e+00 1.241763442072486501e-07
5.609999999999999432e+00 2.483526884145009530e-07
5.669999999999999929e+00 0.000000000000000000e+00
5.730000000000000426e+00 1.241763442072504765e-07
5.789999999999999147e+00 1.241763442072504765e-07
5.849999999999999645e+00 1.241763442072486501e-07
5.910000000000000142e+00 0.000000000000000000e+00
5.969999999999999751e+00 0.000000000000000000e+00
