2.999999999999999889e-02 9.601302444934844971e-02
8.999999999999999667e-02 1.621144513289133893e-01
1.499999999999999944e-01 2.413271615902582989e-01
2.099999999999999922e-01 3.232552359501520978e-01
2.700000000000000178e-01 4.040236274401347027e-01
3.299999999999999600e-01 4.801699270804723474e-01
3.900000000000000133e-01 5.494542419910430908e-01
4.499999999999999556e-01 6.113945196072261279e-01
5.100000000000000089e-01 6.627815465132389505e-01
5.700000000000000622e-01 7.043051222960160507e-01
6.299999999999998934e-01 7.343772798776633248e-01
6.899999999999999467e-01 7.538215567668272721e-01
7.500000000000000000e-01 7.630312194426848160e-01
8.100000000000000533e-01 7.621832191944130086e-01
8.699999999999998845e-01 7.520020008087165975e-01
9.299999999999999378e-01 7.331517835458113419e-01
9.899999999999999911e-01 7.085299740235004862e-01
1.050000000000000044e+00 6.780819346507384049e-01
1.109999999999999876e+00 6.423084686199842519e-01
1.169999999999999929e+00 6.047700842221572781e-01
1.229999999999999982e+00 5.645399292310073758e-01
1.290000000000000036e+00 5.228211482365940910e-01
1.349999999999999867e+00 4.814285784959788650e-01
1.409999999999999920e+00 4.397825648387269082e-01
1.469999999999999973e+00 4.000501086314515731e-01
1.530000000000000027e+00 3.615769247213996285e-01
1.589999999999999858e+00 3.245563556750624690e-01
1.649999999999999911e+00 2.898491919040677156e-01
1.709999999999999964e+00 2.581088493267693074e-01
1.770000000000000018e+00 2.278851966063187851e-01
1.829999999999999849e+00 2.008570979038872550e-01
1.889999999999999902e+00 1.763294140497841944e-01
1.949999999999999956e+00 1.540334274371463752e-01
2.009999999999999787e+00 1.337996373573937803e-01
2.070000000000000284e+00 1.157183200120924932e-01
2.129999999999999893e+00 9.988558789094280355e-02
2.189999999999999947e+00 8.595883846283014496e-02
2.250000000000000000e+00 7.353139420350386646e-02
2.309999999999999609e+00 6.286626060803725269e-02
2.370000000000000107e+00 5.351627866427098590e-02
2.429999999999999716e+00 4.520043730735774645e-02
2.490000000000000213e+00 3.824221591154730593e-02
2.549999999999999822e+00 3.215409815311429109e-02
2.609999999999999876e+00 2.710496385892249838e-02
2.669999999999999929e+00 2.265286942323047059e-02
2.729999999999999538e+00 1.881557206312813729e-02
2.790000000000000036e+00 1.575027902921039349e-02
2.849999999999999645e+00 1.301728188991545417e-02
2.910000000000000142e+00 1.081873973210651686e-02
2.969999999999999751e+00 8.930638432502737908e-03
3.030000000000000249e+00 7.386753956476840681e-03
3.089999999999999858e+00 6.014977892239883016e-03
3.149999999999999911e+00 4.935388763745657617e-03
3.209999999999999964e+00 4.124517242113745139e-03
3.269999999999999574e+00 3.332893053690589701e-03
3.330000000000000071e+00 2.700959642728167302e-03
3.389999999999999680e+00 2.209593852361041270e-03
3.450000000000000178e+00 1.765911777814227739e-03
3.509999999999999787e+00 1.456712683041889089e-03
3.569999999999999840e+00 1.168871919314074231e-03
3.629999999999999893e+00 9.405116240183504419e-04
3.689999999999999503e+00 7.511427005132033244e-04
3.750000000000000000e+00 6.145487229029331783e-04
3.809999999999999609e+00 4.759679238001501378e-04
3.870000000000000107e+00 4.027038812637325307e-04
3.929999999999999716e+00 3.109375635782875074e-04
3.989999999999999769e+00 2.490977446238216314e-04
4.049999999999999822e+00 1.979370911916080561e-04
4.109999999999999432e+00 1.582006613413503048e-04
4.169999999999999929e+00 1.291433970133452880e-04
4.230000000000000426e+00 9.611248970031800623e-05
4.290000000000000036e+00 7.934868335723810546e-05
4.349999999999999645e+00 6.097058455149372436e-05
4.410000000000000142e+00 4.706283410390248818e-05
4.469999999999999751e+00 3.923972447713183846e-05
4.529999999999999361e+00 2.769132455190040969e-05
4.589999999999999858e+00 2.247591813405336070e-05
4.650000000000000355e+00 1.937150955200207849e-05
4.709999999999999964e+00 1.514951388041165793e-05
4.769999999999999574e+00 1.328686873118091266e-05
4.830000000000000071e+00 1.043081283569342714e-05
4.889999999999999680e+00 6.829698880513452081e-06
4.949999999999999289e+00 5.587935447692907516e-06
5.009999999999999787e+00 3.601113955179820473e-06
5.070000000000000284e+00 2.856055895487485941e-06
5.129999999999999893e+00 2.359350522359192475e-06
5.189999999999999503e+00 2.483526865641292418e-06
5.250000000000000000e+00 2.110997835795098470e-06
5.309999999999999609e+00 1.241763432820627786e-06
5.369999999999999218e+00 3.725290298461938415e-07
5.429999999999999716e+00 7.450580596923766715e-07
5.490000000000000213e+00 3.725290298461938415e-07
5.549999999999999822e+00 4.967053731282511143e-07
5.609999999999999432e+00 0.000000000000000000e+00
5.669999999999999929e+00 6.208817164103138929e-07
5.730000000000000426e+00 1.241763432820646050e-07
5.789999999999999147e+00 0.000000000000000000e+00
5.849999999999999645e+00 1.241763432820627786e-07
5.910000000000000142e+00 0.000000000000000000e+00
5.969999999999999751e+00 2.483526865641255572e-07
