2.999999999999999889e-02 9.606157883100081840e-02
8.999999999999999667e-02 1.617826545504131019e-01
1.499999999999999944e-01 2.414623932261625028e-01
2.099999999999999922e-01 3.234350481147823531e-01
2.700000000000000178e-01 4.036014338871057316e-01
3.299999999999999600e-01 4.799775850769517627e-01
3.900000000000000133e-01 5.494359962558149624e-01
4.499999999999999556e-01 6.112098784925025230e-01
5.100000000000000089e-01 6.631713459368244745e-01
5.700000000000000622e-01 7.041571145875825666e-01
6.299999999999998934e-01 7.347216318257899781e-01
6.899999999999999467e-01 7.543174041457577639e-01
7.500000000000000000e-01 7.625797256218346254e-01
8.100000000000000533e-01 7.619610790703862380e-01
8.699999999999998845e-01 7.519171995706942502e-01
9.299999999999999378e-01 7.334982464735438912e-01
9.899999999999999911e-01 7.080009933511558495e-01
1.050000000000000044e+00 6.780461819675486224e-01
1.109999999999999876e+00 6.431534982197525396e-01
1.169999999999999929e+00 6.047109852936508601e-01
1.229999999999999982e+00 5.646802569133075878e-01
1.290000000000000036e+00 5.231718300258904053e-01
1.349999999999999867e+00 4.815120321737528242e-01
1.409999999999999920e+00 4.398477639731924183e-01
1.469999999999999973e+00 3.995075881407792462e-01
1.530000000000000027e+00 3.614732428611301951e-01
1.589999999999999858e+00 3.245182383733734022e-01
1.649999999999999911e+00 2.896533701268834693e-01
1.709999999999999964e+00 2.578475861427322324e-01
1.770000000000000018e+00 2.282189860177888663e-01
1.829999999999999849e+00 2.008592118947585270e-01
1.889999999999999902e+00 1.765201515434206836e-01
1.949999999999999956e+00 1.542297525340777242e-01
2.009999999999999787e+00 1.337315907140312066e-01
2.070000000000000284e+00 1.159646876051726033e-01
2.129999999999999893e+00 9.990632682899119876e-02
2.189999999999999947e+00 8.578275768631889175e-02
2.250000000000000000e+00 7.358764718355204071e-02
2.309999999999999609e+00 6.273686979318955637e-02
2.370000000000000107e+00 5.326308389400066096e-02
2.429999999999999716e+00 4.507961439708290524e-02
2.490000000000000213e+00 3.823936042546269287e-02
2.549999999999999822e+00 3.220277575953960775e-02
2.609999999999999876e+00 2.706957400445519565e-02
2.669999999999999929e+00 2.264417741662526004e-02
2.729999999999999538e+00 1.891913541534246540e-02
2.790000000000000036e+00 1.574916167680165055e-02
2.849999999999999645e+00 1.309501647594097859e-02
2.910000000000000142e+00 1.085251585919432514e-02
2.969999999999999751e+00 8.905927472898268402e-03
3.030000000000000249e+00 7.345279167273820360e-03
3.089999999999999858e+00 6.057073762869935249e-03
3.149999999999999911e+00 4.983072553819538689e-03
3.209999999999999964e+00 4.075095118211133523e-03
3.269999999999999574e+00 3.297130315956425632e-03
3.330000000000000071e+00 2.702201446426927538e-03
3.389999999999999680e+00 2.176935506516725332e-03
3.450000000000000178e+00 1.797452595792002920e-03
3.509999999999999787e+00 1.440818132571648280e-03
3.569999999999999840e+00 1.160179592572352847e-03
3.629999999999999893e+00 9.463479262542904419e-04
3.689999999999999503e+00 7.598350558653723785e-04
3.750000000000000000e+00 5.981574545029414531e-04
3.809999999999999609e+00 4.901240342377225596e-04
3.870000000000000107e+00 3.911554871671716390e-04
3.929999999999999716e+00 3.103166864859561221e-04
3.989999999999999769e+00 2.369284665126885519e-04
4.049999999999999822e+00 1.954535672384519294e-04
4.109999999999999432e+00 1.565863712120022259e-04
4.169999999999999929e+00 1.211961128492560727e-04
4.230000000000000426e+00 9.673337285816790813e-05
4.290000000000000036e+00 7.537504149538774910e-05
4.349999999999999645e+00 5.774200048658290508e-05
4.410000000000000142e+00 4.470348424767708168e-05
4.469999999999999751e+00 3.712872719459792153e-05
4.529999999999999361e+00 3.141661531850639856e-05
4.589999999999999858e+00 2.582867978754637710e-05
4.650000000000000355e+00 1.750886466367352547e-05
4.709999999999999964e+00 1.502533776102457584e-05
4.769999999999999574e+00 1.142422375218414370e-05
4.830000000000000071e+00 9.313225884932725915e-06
4.889999999999999680e+00 7.078051672548767307e-06
4.949999999999999289e+00 6.457169946886689990e-06
5.009999999999999787e+00 3.352761318575731659e-06
5.070000000000000284e+00 2.856055938046035925e-06
5.129999999999999893e+00 2.856055938045993573e-06
5.189999999999999503e+00 9.934107610594907840e-07
5.250000000000000000e+00 1.490116141589236282e-06
5.309999999999999609e+00 1.365939796456779526e-06
5.369999999999999218e+00 4.967053805297453920e-07
5.429999999999999716e+00 9.934107610594761727e-07
5.490000000000000213e+00 6.208817256621818194e-07
5.549999999999999822e+00 9.934107610594761727e-07
5.609999999999999432e+00 1.241763451324363480e-07
5.669999999999999929e+00 3.725290353973035648e-07
5.730000000000000426e+00 2.483526902648726960e-07
5.789999999999999147e+00 2.483526902648726960e-07
5.849999999999999645e+00 1.241763451324345216e-07
5.910000000000000142e+00 1.241763451324363480e-07
5.969999999999999751e+00 1.241763451324345216e-07
