2.999999999999999889e-02 9.601910909016928009e-02
8.999999999999999667e-02 1.615482072035471783e-01
1.499999999999999944e-01 2.414577951033910208e-01
2.099999999999999922e-01 3.226197014252344952e-01
2.700000000000000178e-01 4.034665723641713830e-01
3.299999999999999600e-01 4.800109813610712872e-01
3.900000000000000133e-01 5.497054507335027429e-01
4.499999999999999556e-01 6.109117219845454638e-01
5.100000000000000089e-01 6.633865336577091654e-01
5.700000000000000622e-01 7.039068887631104721e-01
6.299999999999998934e-01 7.343109697103507028e-01
6.899999999999999467e-01 7.543227324883136076e-01
7.500000000000000000e-01 7.633825143178297745e-01
8.100000000000000533e-01 7.623378187417991780e-01
8.699999999999998845e-01 7.519014179706581258e-01
9.299999999999999378e-01 7.334839552640908256e-01
9.899999999999999911e-01 7.085617631673806205e-01
1.050000000000000044e+00 6.782043725252145938e-01
1.109999999999999876e+00 6.426621228456514956e-01
1.169999999999999929e+00 6.045742581288013895e-01
1.229999999999999982e+00 5.643334239721292667e-01
1.290000000000000036e+00 5.232144147157683500e-01
1.349999999999999867e+00 4.812229424715037673e-01
1.409999999999999920e+00 4.403702914714809347e-01
1.469999999999999973e+00 4.003513604402538784e-01
1.530000000000000027e+00 3.614830474058783882e-01
1.589999999999999858e+00 3.246563176314045118e-01
1.649999999999999911e+00 2.902414649724957552e-01
1.709999999999999964e+00 2.580085148413973628e-01
1.770000000000000018e+00 2.284061163663870520e-01
1.829999999999999849e+00 2.011093000570931266e-01
1.889999999999999902e+00 1.764395584662753758e-01
1.949999999999999956e+00 1.538541167974470658e-01
2.009999999999999787e+00 1.335831979910531431e-01
2.070000000000000284e+00 1.156847923994063360e-01
2.129999999999999893e+00 9.973123669624320287e-02
2.189999999999999947e+00 8.591301739215906341e-02
2.250000000000000000e+00 7.341218491395308521e-02
2.309999999999999609e+00 6.263057390848790484e-02
2.370000000000000107e+00 5.322011808554327067e-02
2.429999999999999716e+00 4.518243173758185183e-02
2.490000000000000213e+00 3.813393414020534861e-02
2.549999999999999822e+00 3.215298056602475252e-02
2.609999999999999876e+00 2.696253359317797235e-02
2.669999999999999929e+00 2.261996269226072137e-02
2.729999999999999538e+00 1.885605355103809125e-02
2.790000000000000036e+00 1.566583911577859242e-02
2.849999999999999645e+00 1.308682064215341105e-02
2.910000000000000142e+00 1.080085833867389968e-02
2.969999999999999751e+00 8.936102191607149872e-03
3.030000000000000249e+00 7.378185788790378279e-03
3.089999999999999858e+00 6.038198868433628658e-03
3.149999999999999911e+00 4.940479993820222522e-03
3.209999999999999964e+00 4.059076309204098093e-03
3.269999999999999574e+00 3.306195139884945695e-03
3.330000000000000071e+00 2.701332171758013493e-03
3.389999999999999680e+00 2.195934454600014397e-03
3.450000000000000178e+00 1.779198646545408638e-03
3.509999999999999787e+00 1.421198248863218914e-03
3.569999999999999840e+00 1.141428947448737841e-03
3.629999999999999893e+00 9.421259164810171990e-04
3.689999999999999503e+00 7.528811693191521815e-04
3.750000000000000000e+00 6.102025508880609813e-04
3.809999999999999609e+00 4.842877388000483944e-04
3.870000000000000107e+00 3.935148318608598455e-04
3.929999999999999716e+00 3.141661485036211302e-04
3.989999999999999769e+00 2.443790435791031346e-04
4.049999999999999822e+00 1.940876245498641235e-04
4.109999999999999432e+00 1.554687817891448921e-04
4.169999999999999929e+00 1.255422830581654739e-04
4.230000000000000426e+00 1.009553670883185352e-04
4.290000000000000036e+00 7.276733716328878719e-05
4.349999999999999645e+00 6.519258022308391622e-05
4.410000000000000142e+00 4.383424917856880448e-05
4.469999999999999751e+00 3.725290298461882892e-05
4.529999999999999361e+00 2.942979335784931422e-05
4.589999999999999858e+00 2.036492029825829526e-05
4.650000000000000355e+00 1.726051171620698256e-05
4.709999999999999964e+00 1.639127731323228635e-05
4.769999999999999574e+00 1.154839992523200813e-05
4.830000000000000071e+00 7.947285970052134720e-06
4.889999999999999680e+00 6.581346193949326736e-06
4.949999999999999289e+00 4.594524701436390888e-06
5.009999999999999787e+00 3.352761268615694704e-06
5.070000000000000284e+00 3.849466641744002993e-06
5.129999999999999893e+00 1.365939776102690459e-06
5.189999999999999503e+00 1.986821492513033680e-06
5.250000000000000000e+00 1.490116119384775366e-06
5.309999999999999609e+00 9.934107462565022287e-07
5.369999999999999218e+00 7.450580596923876829e-07
5.429999999999999716e+00 7.450580596923766715e-07
5.490000000000000213e+00 4.967053731282584200e-07
5.549999999999999822e+00 2.483526865641255572e-07
5.609999999999999432e+00 0.000000000000000000e+00
5.669999999999999929e+00 2.483526865641255572e-07
5.730000000000000426e+00 0.000000000000000000e+00
5.789999999999999147e+00 0.000000000000000000e+00
5.849999999999999645e+00 3.725290298461883358e-07
5.910000000000000142e+00 2.483526865641292100e-07
5.969999999999999751e+00 1.241763432820627786e-07
