2.999999999999999889e-02 9.624051622728892197e-02
8.999999999999999667e-02 1.620067916463324986e-01
1.499999999999999944e-01 2.419743704942939333e-01
2.099999999999999922e-01 3.235147669179844754e-01
2.700000000000000178e-01 4.036434024843826851e-01
3.299999999999999600e-01 4.801044897246198873e-01
3.900000000000000133e-01 5.495016814482834855e-01
4.499999999999999556e-01 6.106705760757420443e-01
5.100000000000000089e-01 6.627513765997039563e-01
5.700000000000000622e-01 7.045752110921489342e-01
6.299999999999998934e-01 7.349185700335998384e-01
6.899999999999999467e-01 7.542221552696480869e-01
7.500000000000000000e-01 7.631725378074182276e-01
8.100000000000000533e-01 7.612302956076740790e-01
8.699999999999998845e-01 7.512303746086642642e-01
9.299999999999999378e-01 7.338985855422801574e-01
9.899999999999999911e-01 7.084731065368131686e-01
1.050000000000000044e+00 6.776363949798269726e-01
1.109999999999999876e+00 6.424566157841945513e-01
1.169999999999999929e+00 6.044072454502720237e-01
1.229999999999999982e+00 5.643361600563135960e-01
1.290000000000000036e+00 5.231633821365503367e-01
1.349999999999999867e+00 4.811118082288286524e-01
1.409999999999999920e+00 4.400772385801661746e-01
1.469999999999999973e+00 3.999898860851166527e-01
1.530000000000000027e+00 3.610643274664701585e-01
1.589999999999999858e+00 3.245987022265703903e-01
1.649999999999999911e+00 2.898637226958847291e-01
1.709999999999999964e+00 2.580491224282663865e-01
1.770000000000000018e+00 2.284312016896751230e-01
1.829999999999999849e+00 2.010518079081062282e-01
1.889999999999999902e+00 1.762932800473764050e-01
1.949999999999999956e+00 1.539318523352233015e-01
2.009999999999999787e+00 1.337679733865059228e-01
2.070000000000000284e+00 1.158860831152851573e-01
2.129999999999999893e+00 9.997449889760082198e-02
2.189999999999999947e+00 8.611741229482607063e-02
2.250000000000000000e+00 7.353586509974691099e-02
2.309999999999999609e+00 6.280653225486371172e-02
2.370000000000000107e+00 5.350535154470810462e-02
2.429999999999999716e+00 4.523148173017906698e-02
2.490000000000000213e+00 3.812511790388659061e-02
2.549999999999999822e+00 3.228224837990287255e-02
2.609999999999999876e+00 2.712359051250130479e-02
2.669999999999999929e+00 2.258891877474076756e-02
2.729999999999999538e+00 1.886238668508120886e-02
2.790000000000000036e+00 1.573823404117101477e-02
2.849999999999999645e+00 1.307390639986026788e-02
2.910000000000000142e+00 1.081811893099137410e-02
2.969999999999999751e+00 8.912757105475335381e-03
3.030000000000000249e+00 7.331619714684428114e-03
3.089999999999999858e+00 6.091470565086626668e-03
3.149999999999999911e+00 4.943460262890640895e-03
3.209999999999999964e+00 4.096577595397162680e-03
3.269999999999999574e+00 3.316625977431428025e-03
3.330000000000000071e+00 2.687051912300672703e-03
3.389999999999999680e+00 2.214933451624710378e-03
3.450000000000000178e+00 1.763924969463979845e-03
3.509999999999999787e+00 1.440197240115680209e-03
3.569999999999999840e+00 1.166388401138703608e-03
3.629999999999999893e+00 9.362896353226616468e-04
3.689999999999999503e+00 7.449338888992900354e-04
3.750000000000000000e+00 6.032486801588183949e-04
3.809999999999999609e+00 4.896273252091850681e-04
3.870000000000000107e+00 3.832081982235721130e-04
3.929999999999999716e+00 3.125518583696471129e-04
3.989999999999999769e+00 2.528230368059619800e-04
4.049999999999999822e+00 1.997997378294630701e-04
4.109999999999999432e+00 1.626710109114981064e-04
4.169999999999999929e+00 1.247972259282848742e-04
4.230000000000000426e+00 1.002103097752511229e-04
4.290000000000000036e+00 7.686515706428690006e-05
4.349999999999999645e+00 5.885958715423672316e-05
4.410000000000000142e+00 4.768371617558417959e-05
4.469999999999999751e+00 4.110236993259929730e-05
4.529999999999999361e+00 2.533197421827909583e-05
4.589999999999999858e+00 2.297262367834099661e-05
4.650000000000000355e+00 1.961986238474557439e-05
4.709999999999999964e+00 1.490116130486983505e-05
4.769999999999999574e+00 1.303851614176129858e-05
4.830000000000000071e+00 1.092751829023804257e-05
4.889999999999999680e+00 6.084640866155183166e-06
4.949999999999999289e+00 6.208817210362523454e-06
5.009999999999999787e+00 3.601113982010210376e-06
5.070000000000000284e+00 3.601113982010263739e-06
5.129999999999999893e+00 2.731879572559469984e-06
5.189999999999999503e+00 2.856055916766760721e-06
5.250000000000000000e+00 1.490116130487005612e-06
5.309999999999999609e+00 7.450580652434917946e-07
5.369999999999999218e+00 4.967053768290019060e-07
5.429999999999999716e+00 6.208817210362431975e-07
5.490000000000000213e+00 7.450580652435028061e-07
5.549999999999999822e+00 4.967053768289946003e-07
5.609999999999999432e+00 1.241763442072504765e-07
5.669999999999999929e+00 1.241763442072486501e-07
5.730000000000000426e+00 4.967053768290019060e-07
5.789999999999999147e+00 1.241763442072504765e-07
5.849999999999999645e+00 1.241763442072486501e-07
5.910000000000000142e+00 2.483526884145009530e-07
5.969999999999999751e+00 0.000000000000000000e+00
