2.999999999999999889e-02 9.615831148742370882e-02
8.999999999999999667e-02 1.619404814785258273e-01
1.499999999999999944e-01 2.414419023303332745e-01
2.099999999999999922e-01 3.233790421737658960e-01
2.700000000000000178e-01 4.030587802558550092e-01
3.299999999999999600e-01 4.800717071697491733e-01
3.900000000000000133e-01 5.496470919473501748e-01
4.499999999999999556e-01 6.111806924977454258e-01
5.100000000000000089e-01 6.628214120578368451e-01
5.700000000000000622e-01 7.043782674102362362e-01
6.299999999999998934e-01 7.348017200937009274e-01
6.899999999999999467e-01 7.543414887364312538e-01
7.500000000000000000e-01 7.632852899279585213e-01
8.100000000000000533e-01 7.618150420125460176e-01
8.699999999999998845e-01 7.518418189275407615e-01
9.299999999999999378e-01 7.334740266214356819e-01
9.899999999999999911e-01 7.085549387476458572e-01
1.050000000000000044e+00 6.777698845498497660e-01
1.109999999999999876e+00 6.428281514060626423e-01
1.169999999999999929e+00 6.050959274552453193e-01
1.229999999999999982e+00 5.641553592991477295e-01
1.290000000000000036e+00 5.226469327209924964e-01
1.349999999999999867e+00 4.812055613687051259e-01
1.409999999999999920e+00 4.399195346230229675e-01
1.469999999999999973e+00 3.997409125149811171e-01
1.530000000000000027e+00 3.610999660772576392e-01
1.589999999999999858e+00 3.243646298177397802e-01
1.649999999999999911e+00 2.903704863565945704e-01
1.709999999999999964e+00 2.584027766565686890e-01
1.770000000000000018e+00 2.282287942486172783e-01
1.829999999999999849e+00 2.012604241663744076e-01
1.889999999999999902e+00 1.762299501118307077e-01
1.949999999999999956e+00 1.536903293457402286e-01
2.009999999999999787e+00 1.336311310551895337e-01
2.070000000000000284e+00 1.159287997776924511e-01
2.129999999999999893e+00 9.981592570604816417e-02
2.189999999999999947e+00 8.580225273322807100e-02
2.250000000000000000e+00 7.348346268249145163e-02
2.309999999999999609e+00 6.284105327855334100e-02
2.370000000000000107e+00 5.335013111444904255e-02
2.429999999999999716e+00 4.528587096894184233e-02
2.490000000000000213e+00 3.819117971900484049e-02
2.549999999999999822e+00 3.216788196688799562e-02
2.609999999999999876e+00 2.700537463281600312e-02
2.669999999999999929e+00 2.271247423722698097e-02
2.729999999999999538e+00 1.898656302928845852e-02
2.790000000000000036e+00 1.576120666484935942e-02
2.849999999999999645e+00 1.308632403428099458e-02
2.910000000000000142e+00 1.082445192454594383e-02
2.969999999999999751e+00 8.980557389412493693e-03
3.030000000000000249e+00 7.331123009307599116e-03
3.089999999999999858e+00 6.067380354310420235e-03
3.149999999999999911e+00 4.934519566107718920e-03
3.209999999999999964e+00 4.058703810413951535e-03
3.269999999999999574e+00 3.309175396778993045e-03
3.330000000000000071e+00 2.681588153155554152e-03
3.389999999999999680e+00 2.185752010736006709e-03
3.450000000000000178e+00 1.773238195279523569e-03
3.509999999999999787e+00 1.426662018597090213e-03
3.569999999999999840e+00 1.157696057044196132e-03
3.629999999999999893e+00 9.447336267287545150e-04
3.689999999999999503e+00 7.563581125663570038e-04
3.750000000000000000e+00 6.190190758731389927e-04
3.809999999999999609e+00 4.827976262777862286e-04
3.870000000000000107e+00 4.034489423293537527e-04
3.929999999999999716e+00 3.089507443876368729e-04
3.989999999999999769e+00 2.473592776608429409e-04
4.049999999999999822e+00 1.930942152422716429e-04
4.109999999999999432e+00 1.533577850959543280e-04
4.169999999999999929e+00 1.249214022724921239e-04
4.230000000000000426e+00 9.213884740177985457e-05
4.290000000000000036e+00 7.537504093379991774e-05
4.349999999999999645e+00 5.948046887527297822e-05
4.410000000000000142e+00 4.718701079875518096e-05
4.469999999999999751e+00 3.824631401583258232e-05
4.529999999999999361e+00 2.942979357711836158e-05
4.589999999999999858e+00 2.247591830151200138e-05
4.650000000000000355e+00 1.800556991005131870e-05
4.709999999999999964e+00 1.552204302590608163e-05
4.769999999999999574e+00 1.043081291340903886e-05
4.830000000000000071e+00 1.030663656920178921e-05
4.889999999999999680e+00 7.202227964020420752e-06
4.949999999999999289e+00 5.836288177740772793e-06
5.009999999999999787e+00 4.346172047253702382e-06
5.070000000000000284e+00 4.097819358839265751e-06
5.129999999999999893e+00 1.614292474694232186e-06
5.189999999999999503e+00 1.614292474694256115e-06
5.250000000000000000e+00 1.117587097865254103e-06
5.309999999999999609e+00 1.490116130486983589e-06
5.369999999999999218e+00 1.365939786279755321e-06
5.429999999999999716e+00 1.241763442072486395e-06
5.490000000000000213e+00 2.483526884145009530e-07
5.549999999999999822e+00 4.967053768289946003e-07
5.609999999999999432e+00 1.241763442072504765e-07
5.669999999999999929e+00 4.967053768289946003e-07
5.730000000000000426e+00 3.725290326217514030e-07
5.789999999999999147e+00 0.000000000000000000e+00
5.849999999999999645e+00 1.241763442072486501e-07
5.910000000000000142e+00 1.241763442072504765e-07
5.969999999999999751e+00 0.000000000000000000e+00
