2.999999999999999889e-02 9.601737348290403928e-02
8.999999999999999667e-02 1.615475911363241368e-01
1.499999999999999944e-01 2.416887703047823077e-01
2.099999999999999922e-01 3.231604990311612857e-01
2.700000000000000178e-01 4.033641389021517809e-01
3.299999999999999600e-01 4.796056840699618462e-01
3.900000000000000133e-01 5.494785969300647333e-01
4.499999999999999556e-01 6.117298139650568789e-01
5.100000000000000089e-01 6.629169184838801243e-01
5.700000000000000622e-01 7.041597327836282005e-01
6.299999999999998934e-01 7.347806265388127089e-01
6.899999999999999467e-01 7.539015487999178866e-01
7.500000000000000000e-01 7.630131124361283490e-01
8.100000000000000533e-01 7.618744153342974501e-01
8.699999999999998845e-01 7.521361336748647597e-01
9.299999999999999378e-01 7.339523703044359415e-01
9.899999999999999911e-01 7.086844705149863977e-01
1.050000000000000044e+00 6.778311186382501852e-01
1.109999999999999876e+00 6.430915438063424805e-01
1.169999999999999929e+00 6.041898261762601585e-01
1.229999999999999982e+00 5.644497940276993475e-01
1.290000000000000036e+00 5.231908368028468370e-01
1.349999999999999867e+00 4.811740313323542573e-01
1.409999999999999920e+00 4.399413994930601035e-01
1.469999999999999973e+00 3.997227917032275535e-01
1.530000000000000027e+00 3.613475817843547766e-01
1.589999999999999858e+00 3.250238892939861790e-01
1.649999999999999911e+00 2.901212709184863847e-01
1.709999999999999964e+00 2.576525089438508331e-01
1.770000000000000018e+00 2.283804186695945204e-01
1.829999999999999849e+00 2.011671722283114860e-01
1.889999999999999902e+00 1.762518090879461319e-01
1.949999999999999956e+00 1.539173271432714429e-01
2.009999999999999787e+00 1.338732779186946331e-01
2.070000000000000284e+00 1.157939468560797991e-01
2.129999999999999893e+00 1.000759532076900271e-01
2.189999999999999947e+00 8.577468750202774106e-02
2.250000000000000000e+00 7.340610246080458978e-02
2.309999999999999609e+00 6.270955193170557607e-02
2.370000000000000107e+00 5.339222808854460212e-02
2.429999999999999716e+00 4.526289935696814482e-02
2.490000000000000213e+00 3.822508071537056296e-02
2.549999999999999822e+00 3.221208946542208906e-02
2.609999999999999876e+00 2.696154098594825271e-02
2.669999999999999929e+00 2.255998619079546685e-02
2.729999999999999538e+00 1.888970590302463393e-02
2.790000000000000036e+00 1.572879699057727620e-02
2.849999999999999645e+00 1.304509777958484662e-02
2.910000000000000142e+00 1.082966757306458305e-02
2.969999999999999751e+00 8.894503381684515375e-03
3.030000000000000249e+00 7.377937655983490828e-03
3.089999999999999858e+00 6.050865035778230094e-03
3.149999999999999911e+00 4.932408678504121916e-03
3.209999999999999964e+00 4.026542227264506835e-03
3.269999999999999574e+00 3.321344752749144646e-03
3.330000000000000071e+00 2.708658656735973835e-03
3.389999999999999680e+00 2.166008020421106295e-03
3.450000000000000178e+00 1.777956936099833740e-03
3.509999999999999787e+00 1.428276342996248616e-03
3.569999999999999840e+00 1.159434551778479447e-03
3.629999999999999893e+00 9.121994449357018198e-04
3.689999999999999503e+00 7.577240692890896412e-04
3.750000000000000000e+00 5.931904095368700780e-04
3.809999999999999609e+00 4.955878008083836050e-04
3.870000000000000107e+00 3.854433810346336031e-04
3.929999999999999716e+00 3.126760417027085737e-04
3.989999999999999769e+00 2.402812314117337548e-04
4.049999999999999822e+00 1.902381635776592477e-04
4.109999999999999432e+00 1.577039606681663588e-04
4.169999999999999929e+00 1.206994092672877209e-04
4.230000000000000426e+00 1.004586647090917843e-04
4.290000000000000036e+00 7.897615668106480757e-05
4.349999999999999645e+00 6.034970463364475494e-05
4.410000000000000142e+00 4.880130436424359562e-05
4.469999999999999751e+00 3.352761368535769800e-05
4.529999999999999361e+00 2.868473615302868069e-05
4.589999999999999858e+00 2.520779843750967881e-05
4.650000000000000355e+00 1.564621971983382460e-05
4.709999999999999964e+00 1.415610355603991776e-05
4.769999999999999574e+00 8.568167941813760688e-06
4.830000000000000071e+00 8.940696982762185729e-06
4.889999999999999680e+00 6.829699084054346141e-06
4.949999999999999289e+00 3.973643103449860606e-06
5.009999999999999787e+00 2.980232327587351197e-06
5.070000000000000284e+00 3.476937715518627925e-06
5.129999999999999893e+00 2.235174245690513398e-06
5.189999999999999503e+00 1.117587122845273216e-06
5.250000000000000000e+00 1.862645204742122027e-06
5.309999999999999609e+00 9.934107758624503285e-07
5.369999999999999218e+00 9.934107758624651515e-07
5.429999999999999716e+00 9.934107758624503285e-07
5.490000000000000213e+00 7.450580818968488107e-07
5.549999999999999822e+00 6.208817349140315347e-07
5.609999999999999432e+00 2.483526939656162879e-07
5.669999999999999929e+00 2.483526939656125821e-07
5.730000000000000426e+00 1.241763469828081439e-07
5.789999999999999147e+00 1.241763469828081439e-07
5.849999999999999645e+00 0.000000000000000000e+00
5.910000000000000142e+00 1.241763469828081439e-07
5.969999999999999751e+00 2.483526939656125821e-07
