2.999999999999999889e-02 9.613149082954579316e-02
8.999999999999999667e-02 1.621951695773912738e-01
1.499999999999999944e-01 2.417431577436338352e-01
2.099999999999999922e-01 3.230383070989071848e-01
2.700000000000000178e-01 4.035685301624655219e-01
3.299999999999999600e-01 4.803784298981375045e-01
3.900000000000000133e-01 5.496971432051913631e-01
4.499999999999999556e-01 6.106017914797270407e-01
5.100000000000000089e-01 6.633238394307948704e-01
5.700000000000000622e-01 7.039884883560156847e-01
6.299999999999998934e-01 7.349128688728215897e-01
6.899999999999999467e-01 7.538246780247037648e-01
7.500000000000000000e-01 7.627416572587555343e-01
8.100000000000000533e-01 7.617800356348867208e-01
8.699999999999998845e-01 7.522262800982515429e-01
9.299999999999999378e-01 7.338347698363478777e-01
9.899999999999999911e-01 7.087669183286577912e-01
1.050000000000000044e+00 6.776444765398901282e-01
1.109999999999999876e+00 6.428054367136202263e-01
1.169999999999999929e+00 6.042118008879472368e-01
1.229999999999999982e+00 5.640736596700121064e-01
1.290000000000000036e+00 5.224807925580137180e-01
1.349999999999999867e+00 4.811224945637143646e-01
1.409999999999999920e+00 4.404049465150742804e-01
1.469999999999999973e+00 3.997515976373460234e-01
1.530000000000000027e+00 3.614865324233438870e-01
1.589999999999999858e+00 3.243164542288791696e-01
1.649999999999999911e+00 2.902668034344939585e-01
1.709999999999999964e+00 2.579320279791657011e-01
1.770000000000000018e+00 2.282707692544588829e-01
1.829999999999999849e+00 2.010300800434516311e-01
1.889999999999999902e+00 1.763654291314105116e-01
1.949999999999999956e+00 1.538394674275198326e-01
2.009999999999999787e+00 1.337538192763535194e-01
2.070000000000000284e+00 1.160028106074165594e-01
2.129999999999999893e+00 9.997238938945400555e-02
2.189999999999999947e+00 8.592394683091776619e-02
2.250000000000000000e+00 7.354046072032084658e-02
2.309999999999999609e+00 6.272432844966384369e-02
2.370000000000000107e+00 5.339495957035476220e-02
2.429999999999999716e+00 4.511202475927324901e-02
2.490000000000000213e+00 3.816212302312029653e-02
2.549999999999999822e+00 3.223853878713358462e-02
2.609999999999999876e+00 2.702176631290706052e-02
2.669999999999999929e+00 2.266416997705281156e-02
2.729999999999999538e+00 1.891106409380726577e-02
2.790000000000000036e+00 1.574146286068648162e-02
2.849999999999999645e+00 1.310283968330808700e-02
2.910000000000000142e+00 1.088716114060194785e-02
2.969999999999999751e+00 8.964414598245741550e-03
3.030000000000000249e+00 7.369369433135593978e-03
3.089999999999999858e+00 6.058563924151343441e-03
3.149999999999999911e+00 5.004182569776118895e-03
3.209999999999999964e+00 4.065906098964694286e-03
3.269999999999999574e+00 3.364682272777307168e-03
3.330000000000000071e+00 2.694875062142497533e-03
3.389999999999999680e+00 2.193699329453938432e-03
3.450000000000000178e+00 1.784662445540133443e-03
3.509999999999999787e+00 1.425296100049377361e-03
3.569999999999999840e+00 1.165270831404727116e-03
3.629999999999999893e+00 9.473413440735929496e-04
3.689999999999999503e+00 7.648021153688897619e-04
3.750000000000000000e+00 5.982816353056195132e-04
3.809999999999999609e+00 4.908690959657769975e-04
3.870000000000000107e+00 3.808488533587245958e-04
3.929999999999999716e+00 3.094474543755923479e-04
3.989999999999999769e+00 2.413988167360176114e-04
4.049999999999999822e+00 1.997997408067112382e-04
4.109999999999999432e+00 1.580764885313531163e-04
4.169999999999999929e+00 1.216928191364679787e-04
4.230000000000000426e+00 9.375314127350478459e-05
4.290000000000000036e+00 7.872780340053133017e-05
4.349999999999999645e+00 5.935629341554342743e-05
4.410000000000000142e+00 4.929800938487602922e-05
4.469999999999999751e+00 3.812213823968946274e-05
4.529999999999999361e+00 2.942979401565646986e-05
4.589999999999999858e+00 2.247591863642928951e-05
4.650000000000000355e+00 1.676380671777899929e-05
4.709999999999999964e+00 1.552204325720254961e-05
4.769999999999999574e+00 1.229345825970460140e-05
4.830000000000000071e+00 6.829699033169222999e-06
4.889999999999999680e+00 6.084640956823399950e-06
4.949999999999999289e+00 5.836288264708245031e-06
5.009999999999999787e+00 3.973643073843852579e-06
5.070000000000000284e+00 3.476937689613422464e-06
5.129999999999999893e+00 2.483526921152408074e-06
5.189999999999999503e+00 1.614292498749089092e-06
5.250000000000000000e+00 8.692344224033556159e-07
5.309999999999999609e+00 1.241763460576204037e-06
5.369999999999999218e+00 8.692344224033556159e-07
5.429999999999999716e+00 7.450580763457224644e-07
5.490000000000000213e+00 9.934107684609777560e-07
5.549999999999999822e+00 3.725290381728612322e-07
5.609999999999999432e+00 4.967053842304888780e-07
5.669999999999999929e+00 2.483526921152407862e-07
5.730000000000000426e+00 2.483526921152444390e-07
5.789999999999999147e+00 4.967053842304888780e-07
5.849999999999999645e+00 0.000000000000000000e+00
5.910000000000000142e+00 0.000000000000000000e+00
5.969999999999999751e+00 3.725290381728612322e-07
