2.999999999999999889e-02 9.640964512640702588e-02
8.999999999999999667e-02 1.619052166030588158e-01
1.499999999999999944e-01 2.417437768242325924e-01
2.099999999999999922e-01 3.233470070860833823e-01
2.700000000000000178e-01 4.040001641313259451e-01
3.299999999999999600e-01 4.801866980421548026e-01
3.900000000000000133e-01 5.491760951654528489e-01
4.499999999999999556e-01 6.110603701729632187e-01
5.100000000000000089e-01 6.623962371905077751e-01
5.700000000000000622e-01 7.044388707146880257e-01
6.299999999999998934e-01 7.349431624255061690e-01
6.899999999999999467e-01 7.542015476157492015e-01
7.500000000000000000e-01 7.629033291772497893e-01
8.100000000000000533e-01 7.619340086271474410e-01
8.699999999999998845e-01 7.513339432776072746e-01
9.299999999999999378e-01 7.338466852979854682e-01
9.899999999999999911e-01 7.087236996798266242e-01
1.050000000000000044e+00 6.774644157906032360e-01
1.109999999999999876e+00 6.425729738062585517e-01
1.169999999999999929e+00 6.045078327930142326e-01
1.229999999999999982e+00 5.642437770601671509e-01
1.290000000000000036e+00 5.225915539650864972e-01
1.349999999999999867e+00 4.809639177863382908e-01
1.409999999999999920e+00 4.403911596594919931e-01
1.469999999999999973e+00 3.999682823812205079e-01
1.530000000000000027e+00 3.611143732236973825e-01
1.589999999999999858e+00 3.245583473328512158e-01
1.649999999999999911e+00 2.901764008925812877e-01
1.709999999999999964e+00 2.579747427201479204e-01
1.770000000000000018e+00 2.282581015665055835e-01
1.829999999999999849e+00 2.012232969386868464e-01
1.889999999999999902e+00 1.760660386492713669e-01
1.949999999999999956e+00 1.540262275044056439e-01
2.009999999999999787e+00 1.337128400859161903e-01
2.070000000000000284e+00 1.158575234193233161e-01
2.129999999999999893e+00 9.989303996006201891e-02
2.189999999999999947e+00 8.598628271599094430e-02
2.250000000000000000e+00 7.360416263745464538e-02
2.309999999999999609e+00 6.282677346706543042e-02
2.370000000000000107e+00 5.338788112085875864e-02
2.429999999999999716e+00 4.526948002879039451e-02
2.490000000000000213e+00 3.819726464446279723e-02
2.549999999999999822e+00 3.220774281334490979e-02
2.609999999999999876e+00 2.704982996557913841e-02
2.669999999999999929e+00 2.273035580014717491e-02
2.729999999999999538e+00 1.895700920060785707e-02
2.790000000000000036e+00 1.573823415842999854e-02
2.849999999999999645e+00 1.305925368854283716e-02
2.910000000000000142e+00 1.089026546811458669e-02
2.969999999999999751e+00 8.964042002420248220e-03
3.030000000000000249e+00 7.408609103291362470e-03
3.089999999999999858e+00 6.048878124091194505e-03
3.149999999999999911e+00 4.989033018385895593e-03
3.209999999999999964e+00 4.022568524220113302e-03
3.269999999999999574e+00 3.286947855655565631e-03
3.330000000000000071e+00 2.698227803382689024e-03
3.389999999999999680e+00 2.199163072295431433e-03
3.450000000000000178e+00 1.771996445039853351e-03
3.509999999999999787e+00 1.457209410129129768e-03
3.569999999999999840e+00 1.137579497758249439e-03
3.629999999999999893e+00 9.340544680861793264e-04
3.689999999999999503e+00 7.625669354582860320e-04
3.750000000000000000e+00 6.125619105383040084e-04
3.809999999999999609e+00 4.938493245916956249e-04
3.870000000000000107e+00 3.846983172202849202e-04
3.929999999999999716e+00 3.136694478045318809e-04
3.989999999999999769e+00 2.427647547339130570e-04
4.049999999999999822e+00 1.952052145481870493e-04
4.109999999999999432e+00 1.573314292827968390e-04
4.169999999999999929e+00 1.231829343713750319e-04
4.230000000000000426e+00 9.089708463694340303e-05
4.290000000000000036e+00 7.487833611485800254e-05
4.349999999999999645e+00 5.774200048658290508e-05
4.410000000000000142e+00 4.706283480519337444e-05
4.469999999999999751e+00 3.390014222115462312e-05
4.529999999999999361e+00 3.377596587602268454e-05
4.589999999999999858e+00 2.272427115923551194e-05
4.650000000000000355e+00 1.688798293801134227e-05
4.709999999999999964e+00 1.626710121234892190e-05
4.769999999999999574e+00 1.154840009731658034e-05
4.830000000000000071e+00 9.064873194667854331e-06
4.889999999999999680e+00 7.078051672548767307e-06
4.949999999999999289e+00 5.091230150429890347e-06
5.009999999999999787e+00 3.973643044237904691e-06
5.070000000000000284e+00 2.483526902648727278e-06
5.129999999999999893e+00 2.731879592913559051e-06
5.189999999999999503e+00 9.934107610594907840e-07
5.250000000000000000e+00 1.365939796456799854e-06
5.309999999999999609e+00 7.450580707946071295e-07
5.369999999999999218e+00 9.934107610594907840e-07
5.429999999999999716e+00 6.208817256621726079e-07
5.490000000000000213e+00 1.241763451324363480e-07
5.549999999999999822e+00 4.967053805297380863e-07
5.609999999999999432e+00 2.483526902648726960e-07
5.669999999999999929e+00 4.967053805297380863e-07
5.730000000000000426e+00 2.483526902648726960e-07
5.789999999999999147e+00 1.241763451324363480e-07
5.849999999999999645e+00 0.000000000000000000e+00
5.910000000000000142e+00 1.241763451324363480e-07
5.969999999999999751e+00 0.000000000000000000e+00
