2.999999999999999889e-02 9.633501514298244139e-02
8.999999999999999667e-02 1.618710681081474145e-01
1.499999999999999944e-01 2.414031611095343310e-01
2.099999999999999922e-01 3.231607425683847290e-01
2.700000000000000178e-01 4.037324399312204326e-01
3.299999999999999600e-01 4.800083808105446437e-01
3.900000000000000133e-01 5.496714346061860601e-01
4.499999999999999556e-01 6.114066979995375073e-01
5.100000000000000089e-01 6.627364803761707224e-01
5.700000000000000622e-01 7.040271019542289066e-01
6.299999999999998934e-01 7.344849517119674820e-01
6.899999999999999467e-01 7.538532329676527199e-01
7.500000000000000000e-01 7.630805288217537008e-01
8.100000000000000533e-01 7.622321560318102707e-01
8.699999999999998845e-01 7.520973794474815621e-01
9.299999999999999378e-01 7.333358238141106655e-01
9.899999999999999911e-01 7.082428888714736859e-01
1.050000000000000044e+00 6.779518079452480084e-01
1.109999999999999876e+00 6.430525428511598696e-01
1.169999999999999929e+00 6.045072119112885334e-01
1.229999999999999982e+00 5.645678773209628076e-01
1.290000000000000036e+00 5.226646938323695757e-01
1.349999999999999867e+00 4.811366470824174901e-01
1.409999999999999920e+00 4.400881693773688319e-01
1.469999999999999973e+00 4.000636498142822184e-01
1.530000000000000027e+00 3.612243934654847943e-01
1.589999999999999858e+00 3.249585676932130185e-01
1.649999999999999911e+00 2.900640213002364520e-01
1.709999999999999964e+00 2.578203915231482291e-01
1.770000000000000018e+00 2.283838922041247499e-01
1.829999999999999849e+00 2.007531652960154456e-01
1.889999999999999902e+00 1.761831369427312166e-01
1.949999999999999956e+00 1.540504418917064688e-01
2.009999999999999787e+00 1.338460813042433029e-01
2.070000000000000284e+00 1.159012334928099380e-01
2.129999999999999893e+00 9.998344033931844121e-02
2.189999999999999947e+00 8.574600148815968159e-02
2.250000000000000000e+00 7.334910442455261359e-02
2.309999999999999609e+00 6.290984744195902978e-02
2.370000000000000107e+00 5.339359323273484836e-02
2.429999999999999716e+00 4.515598284933935308e-02
2.490000000000000213e+00 3.816038426995846389e-02
2.549999999999999822e+00 3.223245390602626909e-02
2.609999999999999876e+00 2.695148230023424948e-02
2.669999999999999929e+00 2.263337407459873815e-02
2.729999999999999538e+00 1.891528594864335874e-02
2.790000000000000036e+00 1.569266143976639702e-02
2.849999999999999645e+00 1.303143818723317103e-02
2.910000000000000142e+00 1.088616764872521632e-02
2.969999999999999751e+00 8.947774901207898590e-03
3.030000000000000249e+00 7.312993317539387417e-03
3.089999999999999858e+00 6.068001281241588996e-03
3.149999999999999911e+00 4.975125267731061660e-03
3.209999999999999964e+00 4.073605002069544297e-03
3.269999999999999574e+00 3.328671107620063963e-03
3.330000000000000071e+00 2.716109197081759737e-03
3.389999999999999680e+00 2.228096160711288617e-03
3.450000000000000178e+00 1.765663451438099140e-03
3.509999999999999787e+00 1.443674188509694225e-03
3.569999999999999840e+00 1.177936809926291052e-03
3.629999999999999893e+00 9.499490402631309994e-04
3.689999999999999503e+00 7.448097181043477179e-04
3.750000000000000000e+00 6.025036265825767321e-04
3.809999999999999609e+00 4.882613890607361354e-04
3.870000000000000107e+00 4.051874141671367793e-04
3.929999999999999716e+00 3.098199811054264162e-04
3.989999999999999769e+00 2.482285139197402284e-04
4.049999999999999822e+00 1.997997393180871270e-04
4.109999999999999432e+00 1.639127755748159571e-04
4.169999999999999929e+00 1.279016354864075632e-04
4.230000000000000426e+00 9.785095996435984127e-05
4.290000000000000036e+00 7.313986728300393703e-05
4.349999999999999645e+00 6.246070160161549059e-05
4.410000000000000142e+00 4.557271866360413477e-05
4.469999999999999751e+00 3.675619815920061500e-05
4.529999999999999361e+00 2.818803034506305272e-05
4.589999999999999858e+00 2.284844750436794858e-05
4.650000000000000355e+00 1.800557004420327202e-05
4.709999999999999964e+00 1.527369045128944573e-05
4.769999999999999574e+00 1.216928182297876184e-05
4.830000000000000071e+00 8.816520504402979358e-06
4.889999999999999680e+00 6.084640911489291134e-06
4.949999999999999289e+00 5.215406495562326140e-06
5.009999999999999787e+00 4.097819389370338789e-06
5.070000000000000284e+00 3.352761318575781634e-06
5.129999999999999893e+00 3.352761318575731659e-06
5.189999999999999503e+00 9.934107610594907840e-07
5.250000000000000000e+00 1.241763451324363639e-06
5.309999999999999609e+00 9.934107610594761727e-07
5.369999999999999218e+00 6.208817256621818194e-07
5.429999999999999716e+00 1.365939796456779526e-06
5.490000000000000213e+00 7.450580707946181409e-07
5.549999999999999822e+00 0.000000000000000000e+00
5.609999999999999432e+00 2.483526902648726960e-07
5.669999999999999929e+00 2.483526902648690432e-07
5.730000000000000426e+00 2.483526902648726960e-07
5.789999999999999147e+00 0.000000000000000000e+00
5.849999999999999645e+00 1.241763451324345216e-07
5.910000000000000142e+00 0.000000000000000000e+00
5.969999999999999751e+00 0.000000000000000000e+00
