2.999999999999999889e-02 9.639039707474705843e-02
8.999999999999999667e-02 1.619593562828453293e-01
1.499999999999999944e-01 2.415942667046755699e-01
2.099999999999999922e-01 3.232702636962403453e-01
2.700000000000000178e-01 4.038931211125835197e-01
3.299999999999999600e-01 4.802793300172636393e-01
3.900000000000000133e-01 5.496165445666751914e-01
4.499999999999999556e-01 6.112960523215139608e-01
5.100000000000000089e-01 6.623785992143937928e-01
5.700000000000000622e-01 7.033310882995364999e-01
6.299999999999998934e-01 7.350812410445114464e-01
6.899999999999999467e-01 7.539751685210198673e-01
7.500000000000000000e-01 7.633578089129754440e-01
8.100000000000000533e-01 7.620771782751675216e-01
8.699999999999998845e-01 7.517536537231536142e-01
9.299999999999999378e-01 7.337494497528872506e-01
9.899999999999999911e-01 7.077567332070815453e-01
1.050000000000000044e+00 6.775479814227514108e-01
1.109999999999999876e+00 6.429245122491674680e-01
1.169999999999999929e+00 6.047247643624098501e-01
1.229999999999999982e+00 5.639513375656153293e-01
1.290000000000000036e+00 5.231584150827821578e-01
1.349999999999999867e+00 4.811499303665002225e-01
1.409999999999999920e+00 4.397804571175109034e-01
1.469999999999999973e+00 3.999818146227431814e-01
1.530000000000000027e+00 3.613084581591815558e-01
1.589999999999999858e+00 3.244231168758613948e-01
1.649999999999999911e+00 2.903415532683942812e-01
1.709999999999999964e+00 2.581642338993465069e-01
1.770000000000000018e+00 2.283067769927794588e-01
1.829999999999999849e+00 2.013148134051371829e-01
1.889999999999999902e+00 1.763363692388163206e-01
1.949999999999999956e+00 1.539513480212638397e-01
2.009999999999999787e+00 1.337545623413315399e-01
2.070000000000000284e+00 1.157448946119215144e-01
2.129999999999999893e+00 9.996232961586851151e-02
2.189999999999999947e+00 8.567497198041562623e-02
2.250000000000000000e+00 7.350916718574235231e-02
2.309999999999999609e+00 6.278480139462745691e-02
2.370000000000000107e+00 5.337695320479780847e-02
2.429999999999999716e+00 4.537949993247410857e-02
2.490000000000000213e+00 3.831212747826270859e-02
2.549999999999999822e+00 3.224636141642697740e-02
2.609999999999999876e+00 2.706125398770926546e-02
2.669999999999999929e+00 2.265560147158006063e-02
2.729999999999999538e+00 1.888995383349521481e-02
2.790000000000000036e+00 1.571650318093474955e-02
2.849999999999999645e+00 1.311227689022030803e-02
2.910000000000000142e+00 1.082817721487216132e-02
2.969999999999999751e+00 8.944297896903978529e-03
3.030000000000000249e+00 7.341677998565215336e-03
3.089999999999999858e+00 6.037081326323851319e-03
3.149999999999999911e+00 4.909435944577855357e-03
3.209999999999999964e+00 4.037718008242927210e-03
3.269999999999999574e+00 3.337115074225624218e-03
3.330000000000000071e+00 2.687424441333294452e-03
3.389999999999999680e+00 2.159302449419862532e-03
3.450000000000000178e+00 1.760075502793555105e-03
3.509999999999999787e+00 1.440073063771473176e-03
3.569999999999999840e+00 1.171852160283822809e-03
3.629999999999999893e+00 9.492039751202155026e-04
3.689999999999999503e+00 7.628152824651339859e-04
3.750000000000000000e+00 6.218751317899058433e-04
3.809999999999999609e+00 4.839152133756514755e-04
3.870000000000000107e+00 3.899137208107635944e-04
3.929999999999999716e+00 3.229826712830560840e-04
3.989999999999999769e+00 2.478559830376719396e-04
4.049999999999999822e+00 2.045184389093384757e-04
4.109999999999999432e+00 1.485149076718715643e-04
4.169999999999999929e+00 1.269082237798081184e-04
4.230000000000000426e+00 9.040037858287834583e-05
4.290000000000000036e+00 7.574756996642166671e-05
4.349999999999999645e+00 5.687276564692071511e-05
4.410000000000000142e+00 4.904965596186393258e-05
4.469999999999999751e+00 3.899137208107607348e-05
4.529999999999999361e+00 2.682209034876610187e-05
4.589999999999999858e+00 2.421438712041348301e-05
4.650000000000000355e+00 1.887480431950207306e-05
4.709999999999999964e+00 1.452863227224808947e-05
4.769999999999999574e+00 1.216928173231054590e-05
4.830000000000000071e+00 8.195638717678531502e-06
4.889999999999999680e+00 6.581346242984177555e-06
4.949999999999999289e+00 5.091230112497269775e-06
5.009999999999999787e+00 3.973643014631956803e-06
5.070000000000000284e+00 3.104408605181261727e-06
5.129999999999999893e+00 3.352761293595712758e-06
5.189999999999999503e+00 2.607703228352259715e-06
5.250000000000000000e+00 1.738468818901506618e-06
5.309999999999999609e+00 7.450580652434917946e-07
5.369999999999999218e+00 9.934107536580038120e-07
5.429999999999999716e+00 1.117587097865237586e-06
5.490000000000000213e+00 2.483526884145009530e-07
5.549999999999999822e+00 3.725290326217458973e-07
5.609999999999999432e+00 3.725290326217514030e-07
5.669999999999999929e+00 2.483526884144973002e-07
5.730000000000000426e+00 1.241763442072504765e-07
5.789999999999999147e+00 0.000000000000000000e+00
5.849999999999999645e+00 0.000000000000000000e+00
5.910000000000000142e+00 0.000000000000000000e+00
5.969999999999999751e+00 0.000000000000000000e+00
