2.999999999999999889e-02 9.595130952163023752e-02
8.999999999999999667e-02 1.619746299731828210e-01
1.499999999999999944e-01 2.415174015476112823e-01
2.099999999999999922e-01 3.234278434770393451e-01
2.700000000000000178e-01 4.036843806779710775e-01
3.299999999999999600e-01 4.795751259692643820e-01
3.900000000000000133e-01 5.495442739343465721e-01
4.499999999999999556e-01 6.110391314653491612e-01
5.100000000000000089e-01 6.626209914382863442e-01
5.700000000000000622e-01 7.043802542317436632e-01
6.299999999999998934e-01 7.347339198097637691e-01
6.899999999999999467e-01 7.543084578288722364e-01
7.500000000000000000e-01 7.627635009295995472e-01
8.100000000000000533e-01 7.620838837977547131e-01
8.699999999999998845e-01 7.514278149959537911e-01
9.299999999999999378e-01 7.339733397014929217e-01
9.899999999999999911e-01 7.088378124597498608e-01
1.050000000000000044e+00 6.776829611089046912e-01
1.109999999999999876e+00 6.429448771696173459e-01
1.169999999999999929e+00 6.046791916440859005e-01
1.229999999999999982e+00 5.645292542715558692e-01
1.290000000000000036e+00 5.229368844847163134e-01
1.349999999999999867e+00 4.813689774376818109e-01
1.409999999999999920e+00 4.401449146877591256e-01
1.469999999999999973e+00 3.998760163774786047e-01
1.530000000000000027e+00 3.614107794668083851e-01
1.589999999999999858e+00 3.247639809407102951e-01
1.649999999999999911e+00 2.902772299220948704e-01
1.709999999999999964e+00 2.577104935376132167e-01
1.770000000000000018e+00 2.280743188764234874e-01
1.829999999999999849e+00 2.009923274392309556e-01
1.889999999999999902e+00 1.761584245375673319e-01
1.949999999999999956e+00 1.538917433760443598e-01
2.009999999999999787e+00 1.336505025648858647e-01
2.070000000000000284e+00 1.158613720227879146e-01
2.129999999999999893e+00 9.983566974477711686e-02
2.189999999999999947e+00 8.608798250124895246e-02
2.250000000000000000e+00 7.350569024810454932e-02
2.309999999999999609e+00 6.272196816445857470e-02
2.370000000000000107e+00 5.335869928219934277e-02
2.429999999999999716e+00 4.509724710209102316e-02
2.490000000000000213e+00 3.818087308243563877e-02
2.549999999999999822e+00 3.225517793686569906e-02
2.609999999999999876e+00 2.707578261998151367e-02
2.669999999999999929e+00 2.267323451245748661e-02
2.729999999999999538e+00 1.885816468937815890e-02
2.790000000000000036e+00 1.572805158094602376e-02
2.849999999999999645e+00 1.307614157405599838e-02
2.910000000000000142e+00 1.080843317614320863e-02
2.969999999999999751e+00 8.876870141999441965e-03
3.030000000000000249e+00 7.393211181411223076e-03
3.089999999999999858e+00 6.032114272555561332e-03
3.149999999999999911e+00 4.969288942485749691e-03
3.209999999999999964e+00 4.048397173844749813e-03
3.269999999999999574e+00 3.321717207543925694e-03
3.330000000000000071e+00 2.709652006946392574e-03
3.389999999999999680e+00 2.221638974211901860e-03
3.450000000000000178e+00 1.781682186685616546e-03
3.509999999999999787e+00 1.440569769148301957e-03
3.569999999999999840e+00 1.156081764569501886e-03
3.629999999999999893e+00 9.303291708007136633e-04
3.689999999999999503e+00 7.448097125550828942e-04
3.750000000000000000e+00 6.164113726447867500e-04
3.809999999999999609e+00 4.854053295061384714e-04
3.870000000000000107e+00 3.952533036116753296e-04
3.929999999999999716e+00 2.977748734089844039e-04
3.989999999999999769e+00 2.515812733638894834e-04
4.049999999999999822e+00 2.016623829925717878e-04
4.109999999999999432e+00 1.544753721938195749e-04
4.169999999999999929e+00 1.234312861420051551e-04
4.230000000000000426e+00 9.909272267738587596e-05
4.290000000000000036e+00 7.450580652434917015e-05
4.349999999999999645e+00 6.121893769417448695e-05
4.410000000000000142e+00 4.457930757040291786e-05
4.469999999999999751e+00 3.948807745790506533e-05
4.529999999999999361e+00 3.042320433077636560e-05
4.589999999999999858e+00 2.458691615303522859e-05
4.650000000000000355e+00 1.825392259846581801e-05
4.709999999999999964e+00 1.390775055121184796e-05
4.769999999999999574e+00 1.005828388078728820e-05
4.830000000000000071e+00 9.934107536580038544e-06
4.889999999999999680e+00 5.836288177740686395e-06
4.949999999999999289e+00 5.091230112497269775e-06
5.009999999999999787e+00 4.594524735668199153e-06
5.070000000000000284e+00 3.228584949388512230e-06
5.129999999999999893e+00 2.359350539937723981e-06
5.189999999999999503e+00 1.365939786279755321e-06
5.250000000000000000e+00 1.241763442072504818e-06
5.309999999999999609e+00 9.934107536579892007e-07
5.369999999999999218e+00 6.208817210362524090e-07
5.429999999999999716e+00 4.967053768289946003e-07
5.490000000000000213e+00 1.241763442072504765e-07
5.549999999999999822e+00 2.483526884144973002e-07
5.609999999999999432e+00 3.725290326217514030e-07
5.669999999999999929e+00 1.241763442072486501e-07
5.730000000000000426e+00 0.000000000000000000e+00
5.789999999999999147e+00 0.000000000000000000e+00
5.849999999999999645e+00 0.000000000000000000e+00
5.910000000000000142e+00 1.241763442072504765e-07
5.969999999999999751e+00 0.000000000000000000e+00
