2.999999999999999889e-02 9.613496633471275976e-02
8.999999999999999667e-02 1.619813354957700124e-01
1.499999999999999944e-01 2.417525915435398132e-01
2.099999999999999922e-01 3.228502993001314825e-01
2.700000000000000178e-01 4.041104297149462066e-01
3.299999999999999600e-01 4.800545708342485729e-01
3.900000000000000133e-01 5.494891396375185533e-01
4.499999999999999556e-01 6.116488373154067570e-01
5.100000000000000089e-01 6.626823345523247255e-01
5.700000000000000622e-01 7.037801099601900257e-01
6.299999999999998934e-01 7.343474830265906972e-01
6.899999999999999467e-01 7.545379357129672337e-01
7.500000000000000000e-01 7.630745626718387076e-01
8.100000000000000533e-01 7.618331717588002761e-01
8.699999999999998845e-01 7.516906963166405387e-01
9.299999999999999378e-01 7.338357523121114001e-01
9.899999999999999911e-01 7.085654937369033624e-01
1.050000000000000044e+00 6.775734375733138970e-01
1.109999999999999876e+00 6.428157337716419173e-01
1.169999999999999929e+00 6.043953245212281278e-01
1.229999999999999982e+00 5.641152503399688989e-01
1.290000000000000036e+00 5.230785696934568962e-01
1.349999999999999867e+00 4.810410277126305201e-01
1.409999999999999920e+00 4.399513237671400234e-01
1.469999999999999973e+00 3.996670275901778036e-01
1.530000000000000027e+00 3.613331692516788540e-01
1.589999999999999858e+00 3.245897615297874683e-01
1.649999999999999911e+00 2.902891508511387664e-01
1.709999999999999964e+00 2.581072369573553793e-01
1.770000000000000018e+00 2.282905098916882813e-01
1.829999999999999849e+00 2.008285388412215933e-01
1.889999999999999902e+00 1.762309435225843657e-01
1.949999999999999956e+00 1.539774250535473621e-01
2.009999999999999787e+00 1.339369773909719896e-01
2.070000000000000284e+00 1.158906776400208255e-01
2.129999999999999893e+00 1.002187537666564821e-01
2.189999999999999947e+00 8.587539259996612717e-02
2.250000000000000000e+00 7.360701814497766504e-02
2.309999999999999609e+00 6.280231025916067911e-02
2.370000000000000107e+00 5.332529584560758568e-02
2.429999999999999716e+00 4.520739151940286055e-02
2.490000000000000213e+00 3.820719846740757569e-02
2.549999999999999822e+00 3.217545672388464478e-02
2.609999999999999876e+00 2.701655050379465559e-02
2.669999999999999929e+00 2.257886049085998034e-02
2.729999999999999538e+00 1.882053925708336226e-02
2.790000000000000036e+00 1.577089241969752489e-02
2.849999999999999645e+00 1.306235799984899366e-02
2.910000000000000142e+00 1.083885638047398479e-02
2.969999999999999751e+00 8.959571587241470236e-03
3.030000000000000249e+00 7.388740833019762089e-03
3.089999999999999858e+00 6.046146199450980543e-03
3.149999999999999911e+00 4.962831772586971842e-03
3.209999999999999964e+00 4.054854343743527663e-03
3.269999999999999574e+00 3.300483052684486003e-03
3.330000000000000071e+00 2.723063052120775537e-03
3.389999999999999680e+00 2.186869597833871956e-03
3.450000000000000178e+00 1.782178892062445544e-03
3.509999999999999787e+00 1.449634642275431182e-03
3.569999999999999840e+00 1.172597218349066307e-03
3.629999999999999893e+00 9.334335794058949047e-04
3.689999999999999503e+00 7.525086458959322645e-04
3.750000000000000000e+00 6.001442715536370450e-04
3.809999999999999609e+00 4.800657467052267904e-04
3.870000000000000107e+00 3.820906111257068661e-04
3.929999999999999716e+00 3.245969637577503296e-04
3.989999999999999769e+00 2.541889765922417262e-04
4.049999999999999822e+00 1.970678582569035777e-04
4.109999999999999432e+00 1.503775528349803091e-04
4.169999999999999929e+00 1.225620517325544075e-04
4.230000000000000426e+00 1.005828388078728718e-04
4.290000000000000036e+00 7.512668824538543198e-05
4.349999999999999645e+00 5.985299790789472719e-05
4.410000000000000142e+00 5.041559574814369235e-05
4.469999999999999751e+00 3.874301939266157417e-05
4.529999999999999361e+00 2.744297206980235353e-05
4.589999999999999858e+00 2.297262367834099661e-05
4.650000000000000355e+00 1.564621937011355829e-05
4.709999999999999964e+00 1.353522151859010069e-05
4.769999999999999574e+00 8.940696782922032826e-06
4.830000000000000071e+00 8.692344094507533514e-06
4.889999999999999680e+00 8.319815061885659185e-06
4.949999999999999289e+00 3.973643014632015248e-06
5.009999999999999787e+00 4.221995703046453574e-06
5.070000000000000284e+00 3.849466670424764745e-06
5.129999999999999893e+00 2.607703228352221175e-06
5.189999999999999503e+00 1.490116130487005612e-06
5.250000000000000000e+00 1.986821507316007624e-06
5.309999999999999609e+00 7.450580652434917946e-07
5.369999999999999218e+00 9.934107536580038120e-07
5.429999999999999716e+00 1.365939786279734992e-06
5.490000000000000213e+00 2.483526884145009530e-07
5.549999999999999822e+00 1.241763442072486501e-07
5.609999999999999432e+00 3.725290326217514030e-07
5.669999999999999929e+00 4.967053768289946003e-07
5.730000000000000426e+00 6.208817210362524090e-07
5.789999999999999147e+00 2.483526884145009530e-07
5.849999999999999645e+00 3.725290326217458973e-07
5.910000000000000142e+00 0.000000000000000000e+00
5.969999999999999751e+00 0.000000000000000000e+00
