2.999999999999999889e-02 9.632371366024017334e-02
8.999999999999999667e-02 1.619644463062286377e-01
1.499999999999999944e-01 2.414657423893610821e-01
2.099999999999999922e-01 3.237708161274592267e-01
2.700000000000000178e-01 4.032110174496968957e-01
3.299999999999999600e-01 4.799471547206243249e-01
3.900000000000000133e-01 5.499801288048427050e-01
4.499999999999999556e-01 6.111521273851394653e-01
5.100000000000000089e-01 6.627646585305525528e-01
5.700000000000000622e-01 7.041749854882565218e-01
6.299999999999998934e-01 7.346401611963915279e-01
6.899999999999999467e-01 7.541086524724953666e-01
7.500000000000000000e-01 7.632002234458916679e-01
8.100000000000000533e-01 7.619839161634452962e-01
8.699999999999998845e-01 7.516108453273780965e-01
9.299999999999999378e-01 7.338907569646828666e-01
9.899999999999999911e-01 7.081882407267882096e-01
1.050000000000000044e+00 6.776630878448480777e-01
1.109999999999999876e+00 6.419823815425255153e-01
1.169999999999999929e+00 6.047743062178287943e-01
1.229999999999999982e+00 5.642525851726526431e-01
1.290000000000000036e+00 5.227994173765196928e-01
1.349999999999999867e+00 4.814079652229940609e-01
1.409999999999999920e+00 4.398502409458156515e-01
1.469999999999999973e+00 3.997211654980973861e-01
1.530000000000000027e+00 3.613126774628954152e-01
1.589999999999999858e+00 3.247889379660297560e-01
1.649999999999999911e+00 2.900967995325721693e-01
1.709999999999999964e+00 2.577085047960279152e-01
1.770000000000000018e+00 2.283810327450440658e-01
1.829999999999999849e+00 2.011636892954506706e-01
1.889999999999999902e+00 1.763615757226942304e-01
1.949999999999999956e+00 1.540063569943108668e-01
2.009999999999999787e+00 1.340103646119434333e-01
2.070000000000000284e+00 1.159902662038802129e-01
2.129999999999999893e+00 9.999523560206086126e-02
2.189999999999999947e+00 8.593909442424829681e-02
2.250000000000000000e+00 7.360950112342827534e-02
2.309999999999999609e+00 6.283981104691817310e-02
2.370000000000000107e+00 5.313977599143977076e-02
2.429999999999999716e+00 4.535814126332596979e-02
2.490000000000000213e+00 3.825053572654720652e-02
2.549999999999999822e+00 3.213807940483090486e-02
2.609999999999999876e+00 2.708124617735562650e-02
2.669999999999999929e+00 2.248982588450111966e-02
2.729999999999999538e+00 1.895154515902199716e-02
2.790000000000000036e+00 1.571613053480782826e-02
2.849999999999999645e+00 1.309799651304879679e-02
2.910000000000000142e+00 1.084680358568826386e-02
2.969999999999999751e+00 8.968760569890332074e-03
3.030000000000000249e+00 7.315725088119500764e-03
3.089999999999999858e+00 6.071105599403376143e-03
3.149999999999999911e+00 4.897763331731192285e-03
3.209999999999999964e+00 4.031012455622351963e-03
3.269999999999999574e+00 3.349781036376950089e-03
3.330000000000000071e+00 2.686927715937294237e-03
3.389999999999999680e+00 2.207607030868528105e-03
3.450000000000000178e+00 1.778950293858844438e-03
3.509999999999999787e+00 1.437962055206297527e-03
3.569999999999999840e+00 1.152232289314277609e-03
3.629999999999999893e+00 9.221335252126049630e-04
3.689999999999999503e+00 7.587174574534091441e-04
3.750000000000000000e+00 6.015102068583164791e-04
3.809999999999999609e+00 4.974504311879471936e-04
3.870000000000000107e+00 3.866851329803463544e-04
3.929999999999999716e+00 3.203749656677243383e-04
3.989999999999999769e+00 2.472350994745906201e-04
4.049999999999999822e+00 1.943359772364282420e-04
4.109999999999999432e+00 1.595666011174530247e-04
4.169999999999999929e+00 1.220653454462677055e-04
4.230000000000000426e+00 9.176631768544574153e-05
4.290000000000000036e+00 8.655091126759774725e-05
4.349999999999999645e+00 6.519258022308391622e-05
4.410000000000000142e+00 4.706283410390248818e-05
4.469999999999999751e+00 3.588696320851614291e-05
4.529999999999999361e+00 2.868473529815692463e-05
4.589999999999999858e+00 2.222756544748923536e-05
4.650000000000000355e+00 1.937150955200207849e-05
4.709999999999999964e+00 1.577039559682197299e-05
4.769999999999999574e+00 9.064873059590717409e-06
4.830000000000000071e+00 7.450580596923876406e-06
4.889999999999999680e+00 6.705522537231389408e-06
4.949999999999999289e+00 4.594524701436390888e-06
5.009999999999999787e+00 3.352761268615694704e-06
5.070000000000000284e+00 3.849466641744002993e-06
5.129999999999999893e+00 1.986821492513004457e-06
5.189999999999999503e+00 1.490116119384775366e-06
5.250000000000000000e+00 1.241763432820646209e-06
5.309999999999999609e+00 1.490116119384753343e-06
5.369999999999999218e+00 8.692344029744522615e-07
5.429999999999999716e+00 3.725290298461883358e-07
5.490000000000000213e+00 2.483526865641292100e-07
5.549999999999999822e+00 1.241763432820627786e-07
5.609999999999999432e+00 2.483526865641292100e-07
5.669999999999999929e+00 1.241763432820627786e-07
5.730000000000000426e+00 1.241763432820646050e-07
5.789999999999999147e+00 0.000000000000000000e+00
5.849999999999999645e+00 0.000000000000000000e+00
5.910000000000000142e+00 0.000000000000000000e+00
5.969999999999999751e+00 2.483526865641255572e-07
