2.999999999999999889e-02 9.627106504251456420e-02
8.999999999999999667e-02 1.618766572497534750e-01
1.499999999999999944e-01 2.415241106691881912e-01
2.099999999999999922e-01 3.234082284338128388e-01
2.700000000000000178e-01 4.038843106104900715e-01
3.299999999999999600e-01 4.795145350586146327e-01
3.900000000000000133e-01 5.493347966273952609e-01
4.499999999999999556e-01 6.110018876667246968e-01
5.100000000000000089e-01 6.630361228369794357e-01
5.700000000000000622e-01 7.046584197429965890e-01
6.299999999999998934e-01 7.343698457115115374e-01
6.899999999999999467e-01 7.542139708695944078e-01
7.500000000000000000e-01 7.631040038365516365e-01
8.100000000000000533e-01 7.615475775150668536e-01
8.699999999999998845e-01 7.523469795066195509e-01
9.299999999999999378e-01 7.330538247959915710e-01
9.899999999999999911e-01 7.090085654980858854e-01
1.050000000000000044e+00 6.778915874685447207e-01
1.109999999999999876e+00 6.429076338464255747e-01
1.169999999999999929e+00 6.041048850539917359e-01
1.229999999999999982e+00 5.644319084283883070e-01
1.290000000000000036e+00 5.226442086294255107e-01
1.349999999999999867e+00 4.812299071030541886e-01
1.409999999999999920e+00 4.398406891985884304e-01
1.469999999999999973e+00 3.999306599283610764e-01
1.530000000000000027e+00 3.615270139121586901e-01
1.589999999999999858e+00 3.247153086524162124e-01
1.649999999999999911e+00 2.903346037194414198e-01
1.709999999999999964e+00 2.576589641941849917e-01
1.770000000000000018e+00 2.283766916776460432e-01
1.829999999999999849e+00 2.012319907821413234e-01
1.889999999999999902e+00 1.762562781232258624e-01
1.949999999999999956e+00 1.538480355953978085e-01
2.009999999999999787e+00 1.338314294926395420e-01
2.070000000000000284e+00 1.158370351854296348e-01
2.129999999999999893e+00 1.000871283332112477e-01
2.189999999999999947e+00 8.586769494615366372e-02
2.250000000000000000e+00 7.353152002340469784e-02
2.309999999999999609e+00 6.276816269982218865e-02
2.370000000000000107e+00 5.339868486073649084e-02
2.429999999999999716e+00 4.517597557749292170e-02
2.490000000000000213e+00 3.816013620158337921e-02
2.549999999999999822e+00 3.215931427834882450e-02
2.609999999999999876e+00 2.700959703099341247e-02
2.669999999999999929e+00 2.256433219482248398e-02
2.729999999999999538e+00 1.889603875593429474e-02
2.790000000000000036e+00 1.572817599165831498e-02
2.849999999999999645e+00 1.305838455141945798e-02
2.910000000000000142e+00 1.086071157889167450e-02
2.969999999999999751e+00 8.980184994195058307e-03
3.030000000000000249e+00 7.393707996962888343e-03
3.089999999999999858e+00 6.061419980110669022e-03
3.149999999999999911e+00 4.912788779077708994e-03
3.209999999999999964e+00 4.086519372410259143e-03
3.269999999999999574e+00 3.285333587646487117e-03
3.330000000000000071e+00 2.692391535221345250e-03
3.389999999999999680e+00 2.185627866960193188e-03
3.450000000000000178e+00 1.770506342089564608e-03
3.509999999999999787e+00 1.440569790614464789e-03
3.569999999999999840e+00 1.159186190447903525e-03
3.629999999999999893e+00 9.549161011831078889e-04
3.689999999999999503e+00 7.584691217199509639e-04
3.750000000000000000e+00 6.179014979827236525e-04
3.809999999999999609e+00 4.809349882811673246e-04
3.870000000000000107e+00 3.933906643105443716e-04
3.929999999999999716e+00 2.960364090013692406e-04
3.989999999999999769e+00 2.479801630770715618e-04
4.049999999999999822e+00 1.924733363893116138e-04
4.109999999999999432e+00 1.603116627603903008e-04
4.169999999999999929e+00 1.257906385563694566e-04
4.230000000000000426e+00 9.375314127350478459e-05
4.290000000000000036e+00 7.549921840303319730e-05
4.349999999999999645e+00 6.208817302881112002e-05
4.410000000000000142e+00 4.917383303881840559e-05
4.469999999999999751e+00 3.501772958824895350e-05
4.529999999999999361e+00 2.880891228536835852e-05
4.589999999999999858e+00 2.272427132854452998e-05
4.650000000000000355e+00 1.999239171527717959e-05
4.709999999999999964e+00 1.564621960326016985e-05
4.769999999999999574e+00 1.117587114518600066e-05
4.830000000000000071e+00 9.064873262206424485e-06
4.889999999999999680e+00 6.581346341053880887e-06
4.949999999999999289e+00 5.960464610765867807e-06
5.009999999999999787e+00 4.221995765959093047e-06
5.070000000000000284e+00 1.365939806633844600e-06
5.129999999999999893e+00 2.731879613267648542e-06
5.189999999999999503e+00 1.365939806633844600e-06
5.250000000000000000e+00 1.490116152691466952e-06
5.309999999999999609e+00 1.365939806633824271e-06
5.369999999999999218e+00 4.967053842304888780e-07
5.429999999999999716e+00 4.967053842304815724e-07
5.490000000000000213e+00 6.208817302881112299e-07
5.549999999999999822e+00 3.725290381728612322e-07
5.609999999999999432e+00 2.483526921152444390e-07
5.669999999999999929e+00 0.000000000000000000e+00
5.730000000000000426e+00 1.241763460576222195e-07
5.789999999999999147e+00 0.000000000000000000e+00
5.849999999999999645e+00 1.241763460576203931e-07
5.910000000000000142e+00 1.241763460576222195e-07
5.969999999999999751e+00 0.000000000000000000e+00
