2.999999999999999889e-02 9.610429549372637159e-02
8.999999999999999667e-02 1.618658527016518522e-01
1.499999999999999944e-01 2.417707230911263494e-01
2.099999999999999922e-01 3.234153040759062958e-01
2.700000000000000178e-01 4.034784993054246205e-01
3.299999999999999600e-01 4.799051902677395898e-01
3.900000000000000133e-01 5.498673848788050433e-01
4.499999999999999556e-01 6.106977752451764330e-01
5.100000000000000089e-01 6.628566830782588459e-01
5.700000000000000622e-01 7.044291849597676958e-01
6.299999999999998934e-01 7.345832993773123709e-01
6.899999999999999467e-01 7.535044216141757456e-01
7.500000000000000000e-01 7.628639652758427703e-01
8.100000000000000533e-01 7.621917987196423772e-01
8.699999999999998845e-01 7.517618549629335734e-01
9.299999999999999378e-01 7.342377166088075446e-01
9.899999999999999911e-01 7.084799415143315793e-01
1.050000000000000044e+00 6.777888885804342900e-01
1.109999999999999876e+00 6.429812656290539996e-01
1.169999999999999929e+00 6.042822043739085602e-01
1.229999999999999982e+00 5.644008601367596079e-01
1.290000000000000036e+00 5.228032746335373737e-01
1.349999999999999867e+00 4.816137326004162889e-01
1.409999999999999920e+00 4.402931845231825014e-01
1.469999999999999973e+00 4.001873294540341242e-01
1.530000000000000027e+00 3.612333341623343297e-01
1.589999999999999858e+00 3.242840417864537028e-01
1.649999999999999911e+00 2.901664667849707113e-01
1.709999999999999964e+00 2.578025101294491583e-01
1.770000000000000018e+00 2.280743205757095882e-01
1.829999999999999849e+00 2.007192651537942907e-01
1.889999999999999902e+00 1.761121080733154820e-01
1.949999999999999956e+00 1.542030546198742413e-01
2.009999999999999787e+00 1.338388790762256308e-01
2.070000000000000284e+00 1.160244164271813094e-01
2.129999999999999893e+00 9.985715299631875430e-02
2.189999999999999947e+00 8.599087724076083517e-02
2.250000000000000000e+00 7.351214796571151067e-02
2.309999999999999609e+00 6.273947749643733751e-02
2.370000000000000107e+00 5.336217661741634449e-02
2.429999999999999716e+00 4.521446990789673021e-02
2.490000000000000213e+00 3.813157535788774116e-02
2.549999999999999822e+00 3.221606262846878760e-02
2.609999999999999876e+00 2.701208035665888033e-02
2.669999999999999929e+00 2.269049519335966311e-02
2.729999999999999538e+00 1.880489317782062242e-02
2.790000000000000036e+00 1.564286672536828807e-02
2.849999999999999645e+00 1.308806260061356162e-02
2.910000000000000142e+00 1.077813422845999743e-02
2.969999999999999751e+00 8.922691279491147195e-03
3.030000000000000249e+00 7.366264969601202250e-03
3.089999999999999858e+00 6.109103651480426306e-03
3.149999999999999911e+00 4.987294549554040918e-03
3.209999999999999964e+00 4.086519341963317301e-03
3.269999999999999574e+00 3.327305167823607461e-03
3.330000000000000071e+00 2.728154302559606271e-03
3.389999999999999680e+00 2.215926878888310227e-03
3.450000000000000178e+00 1.778205262296475271e-03
3.509999999999999787e+00 1.429145556129199270e-03
3.569999999999999840e+00 1.184642332563442787e-03
3.629999999999999893e+00 9.170423088030356254e-04
3.689999999999999503e+00 7.669131075379212025e-04
3.750000000000000000e+00 6.103267363259201692e-04
3.809999999999999609e+00 5.000581418483175450e-04
3.870000000000000107e+00 3.933906613795554782e-04
3.929999999999999716e+00 3.062188670965857503e-04
3.989999999999999769e+00 2.421438730082508704e-04
4.049999999999999822e+00 1.933425693712005438e-04
4.109999999999999432e+00 1.559654894863400664e-04
4.169999999999999929e+00 1.211961128492560727e-04
4.230000000000000426e+00 1.015762503183329201e-04
4.290000000000000036e+00 7.425745438919584306e-05
4.349999999999999645e+00 6.159146718568842395e-05
4.410000000000000142e+00 4.954636170784210722e-05
4.469999999999999751e+00 3.700455084946548150e-05
4.529999999999999361e+00 2.893308841585766916e-05
4.589999999999999858e+00 2.570450344241394385e-05
4.650000000000000355e+00 1.812974638933570866e-05
4.709999999999999964e+00 1.452863238049483776e-05
4.769999999999999574e+00 1.092751837165439884e-05
4.830000000000000071e+00 9.561578575197599193e-06
4.889999999999999680e+00 7.574757053078504546e-06
4.949999999999999289e+00 4.718701115032581277e-06
5.009999999999999787e+00 4.470348424767641930e-06
5.070000000000000284e+00 3.476937663708217426e-06
5.129999999999999893e+00 2.235174212383820965e-06
5.189999999999999503e+00 9.934107610594907840e-07
5.250000000000000000e+00 1.117587106191927000e-06
5.309999999999999609e+00 9.934107610594761727e-07
5.369999999999999218e+00 4.967053805297453920e-07
5.429999999999999716e+00 8.692344159270415452e-07
5.490000000000000213e+00 6.208817256621818194e-07
5.549999999999999822e+00 4.967053805297380863e-07
5.609999999999999432e+00 4.967053805297453920e-07
5.669999999999999929e+00 2.483526902648690432e-07
5.730000000000000426e+00 3.725290353973090705e-07
5.789999999999999147e+00 2.483526902648726960e-07
5.849999999999999645e+00 1.241763451324345216e-07
5.910000000000000142e+00 0.000000000000000000e+00
5.969999999999999751e+00 0.000000000000000000e+00
