2.999999999999999889e-02 9.603003732385763380e-02
8.999999999999999667e-02 1.618375392891780173e-01
1.499999999999999944e-01 2.414481111475436370e-01
2.099999999999999922e-01 3.229770833475670289e-01
2.700000000000000178e-01 4.034850776455184418e-01
3.299999999999999600e-01 4.799181010319648055e-01
3.900000000000000133e-01 5.494941066912867322e-01
4.499999999999999556e-01 6.107193773790154934e-01
5.100000000000000089e-01 6.625077426123693325e-01
5.700000000000000622e-01 7.044418456984703480e-01
6.299999999999998934e-01 7.344052250266470683e-01
6.899999999999999467e-01 7.545432752957680345e-01
7.500000000000000000e-01 7.637059993821325721e-01
8.100000000000000533e-01 7.623943246582728372e-01
8.699999999999998845e-01 7.520174042782498125e-01
9.299999999999999378e-01 7.333892141783420193e-01
9.899999999999999911e-01 7.090970926664545981e-01
1.050000000000000044e+00 6.779220005715036468e-01
1.109999999999999876e+00 6.427560049500781192e-01
1.169999999999999929e+00 6.047649974979329990e-01
1.229999999999999982e+00 5.643765173681809522e-01
1.290000000000000036e+00 5.226326524414086627e-01
1.349999999999999867e+00 4.812044437816072606e-01
1.409999999999999920e+00 4.398403101154187422e-01
1.469999999999999973e+00 3.999708871044529435e-01
1.530000000000000027e+00 3.613568869334223832e-01
1.589999999999999858e+00 3.245732460760079596e-01
1.649999999999999911e+00 2.901392700036806716e-01
1.709999999999999964e+00 2.582581112155671876e-01
1.770000000000000018e+00 2.281212575345338278e-01
1.829999999999999849e+00 2.010622387210196371e-01
1.889999999999999902e+00 1.764549576475342441e-01
1.949999999999999956e+00 1.537984869415447153e-01
2.009999999999999787e+00 1.337257534294754580e-01
2.070000000000000284e+00 1.158008981431589840e-01
2.129999999999999893e+00 9.993463829111029484e-02
2.189999999999999947e+00 8.563983007500498845e-02
2.250000000000000000e+00 7.345390871257012622e-02
2.309999999999999609e+00 6.276754088278263533e-02
2.370000000000000107e+00 5.337968508437036103e-02
2.429999999999999716e+00 4.519609147208000083e-02
2.490000000000000213e+00 3.827487457500053369e-02
2.549999999999999822e+00 3.222661737769802470e-02
2.609999999999999876e+00 2.695831179836145550e-02
2.669999999999999929e+00 2.253105259834018922e-02
2.729999999999999538e+00 1.883792394527238068e-02
2.790000000000000036e+00 1.578653863906763835e-02
2.849999999999999645e+00 1.309315373321239331e-02
2.910000000000000142e+00 1.085177072027153702e-02
2.969999999999999751e+00 8.986517853934441677e-03
3.030000000000000249e+00 7.323299899622542387e-03
3.089999999999999858e+00 6.068249588719870982e-03
3.149999999999999911e+00 4.951655901608319373e-03
3.209999999999999964e+00 4.073729148063028743e-03
3.269999999999999574e+00 3.321965560232340194e-03
3.330000000000000071e+00 2.660478174640321710e-03
3.389999999999999680e+00 2.152472750488463801e-03
3.450000000000000178e+00 1.775349193131046813e-03
3.509999999999999787e+00 1.442308237967203670e-03
3.569999999999999840e+00 1.157944409732610631e-03
3.629999999999999893e+00 9.243687062787656799e-04
3.689999999999999503e+00 7.615735190230614893e-04
3.750000000000000000e+00 6.161630199563722507e-04
3.809999999999999609e+00 4.849086241293095270e-04
3.870000000000000107e+00 3.762543229479661322e-04
3.929999999999999716e+00 3.121793293370253640e-04
3.989999999999999769e+00 2.412746367946876536e-04
4.049999999999999822e+00 2.001722668620847920e-04
4.109999999999999432e+00 1.543511958496123523e-04
4.169999999999999929e+00 1.261631657145646204e-04
4.230000000000000426e+00 9.735425385848436722e-05
4.290000000000000036e+00 7.164975060758246872e-05
4.349999999999999645e+00 6.531675705301375270e-05
4.410000000000000142e+00 5.178153553442344534e-05
4.469999999999999751e+00 3.762543229479633404e-05
4.529999999999999361e+00 2.893308820028935957e-05
4.589999999999999858e+00 2.048909679419602382e-05
4.650000000000000355e+00 1.862645163108757036e-05
4.709999999999999964e+00 1.216928173231036633e-05
4.769999999999999574e+00 1.316269248596854993e-05
4.830000000000000071e+00 5.836288177740772793e-06
4.889999999999999680e+00 6.208817210362431975e-06
4.949999999999999289e+00 5.339582800911769934e-06
5.009999999999999787e+00 2.980232260973967179e-06
5.070000000000000284e+00 3.849466670424764745e-06
5.129999999999999893e+00 2.607703228352221175e-06
5.189999999999999503e+00 1.986821507316007624e-06
5.250000000000000000e+00 1.986821507316007624e-06
5.309999999999999609e+00 1.117587097865237586e-06
5.369999999999999218e+00 1.117587097865254103e-06
5.429999999999999716e+00 3.725290326217458973e-07
5.490000000000000213e+00 4.967053768290019060e-07
5.549999999999999822e+00 2.483526884144973002e-07
5.609999999999999432e+00 2.483526884145009530e-07
5.669999999999999929e+00 2.483526884144973002e-07
5.730000000000000426e+00 4.967053768290019060e-07
5.789999999999999147e+00 1.241763442072504765e-07
5.849999999999999645e+00 2.483526884144973002e-07
5.910000000000000142e+00 2.483526884145009530e-07
5.969999999999999751e+00 0.000000000000000000e+00
