2.999999999999999889e-02 9.620264387583681021e-02
8.999999999999999667e-02 1.618386592878598429e-01
1.499999999999999944e-01 2.415188952626537711e-01
2.099999999999999922e-01 3.231140546700023153e-01
2.700000000000000178e-01 4.038220982611152032e-01
3.299999999999999600e-01 4.796714939600315031e-01
3.900000000000000133e-01 5.500515424968398515e-01
4.499999999999999556e-01 6.110570219643742806e-01
5.100000000000000089e-01 6.625535735561994821e-01
5.700000000000000622e-01 7.039559541533486620e-01
6.299999999999998934e-01 7.346887305681875091e-01
6.899999999999999467e-01 7.541754762023166192e-01
7.500000000000000000e-01 7.629471691114808607e-01
8.100000000000000533e-01 7.620991688442547707e-01
8.699999999999998845e-01 7.514558900473100600e-01
9.299999999999999378e-01 7.339985584367979543e-01
9.899999999999999911e-01 7.084403345385261730e-01
1.050000000000000044e+00 6.779367876585097319e-01
1.109999999999999876e+00 6.426724438469925138e-01
1.169999999999999929e+00 6.047828879034662375e-01
1.229999999999999982e+00 5.641527600024507372e-01
1.290000000000000036e+00 5.230316388291252894e-01
1.349999999999999867e+00 4.817052541557627632e-01
1.409999999999999920e+00 4.399513303229257710e-01
1.469999999999999973e+00 3.997329711854373802e-01
1.530000000000000027e+00 3.609350652705020090e-01
1.589999999999999858e+00 3.246861272110926899e-01
1.649999999999999911e+00 2.902191197176078319e-01
1.709999999999999964e+00 2.582952437913842436e-01
1.770000000000000018e+00 2.282629461446572527e-01
1.829999999999999849e+00 2.012021884590874943e-01
1.889999999999999902e+00 1.763731280648660749e-01
1.949999999999999956e+00 1.539904658643259094e-01
2.009999999999999787e+00 1.336688826556501064e-01
2.070000000000000284e+00 1.158618704546411637e-01
2.129999999999999893e+00 9.994084859755536510e-02
2.189999999999999947e+00 8.599745922778387341e-02
2.250000000000000000e+00 7.355051900435151391e-02
2.309999999999999609e+00 6.260958950590660155e-02
2.370000000000000107e+00 5.339048922189668783e-02
2.429999999999999716e+00 4.519994161228204493e-02
2.490000000000000213e+00 3.815417573697261339e-02
2.549999999999999822e+00 3.211088550338635217e-02
2.609999999999999876e+00 2.700040798138514733e-02
2.669999999999999929e+00 2.264219076380061257e-02
2.729999999999999538e+00 1.888262771056007164e-02
2.790000000000000036e+00 1.571389571186168968e-02
2.849999999999999645e+00 1.302721628855899559e-02
2.910000000000000142e+00 1.081439380181218289e-02
2.969999999999999751e+00 8.932501277308931703e-03
3.030000000000000249e+00 7.326156064707541743e-03
3.089999999999999858e+00 6.070857382411047956e-03
3.149999999999999911e+00 4.967302194997004483e-03
3.209999999999999964e+00 4.079068791646801861e-03
3.269999999999999574e+00 3.298992985712825756e-03
3.330000000000000071e+00 2.712632279628737677e-03
3.389999999999999680e+00 2.208476314634795230e-03
3.450000000000000178e+00 1.768643696898700287e-03
3.509999999999999787e+00 1.431256564660143187e-03
3.569999999999999840e+00 1.156330134488578378e-03
3.629999999999999893e+00 9.346753567757155705e-04
3.689999999999999503e+00 7.462998398063041064e-04
3.750000000000000000e+00 6.058563924151344525e-04
3.809999999999999609e+00 4.789481667442454008e-04
3.870000000000000107e+00 3.932664879644867141e-04
3.929999999999999716e+00 3.041078714951145931e-04
3.989999999999999769e+00 2.375493500082313130e-04
4.049999999999999822e+00 1.984338010000774122e-04
4.109999999999999432e+00 1.524885529587601007e-04
4.169999999999999929e+00 1.200785266377189190e-04
4.230000000000000426e+00 9.723007896311821891e-05
4.290000000000000036e+00 7.922450878476181111e-05
4.349999999999999645e+00 5.972882245371629152e-05
4.410000000000000142e+00 4.482766092680162624e-05
4.469999999999999751e+00 3.638366939488277946e-05
4.529999999999999361e+00 3.241002632103939953e-05
4.589999999999999858e+00 1.986821536921926459e-05
4.650000000000000355e+00 2.048909709950766730e-05
4.709999999999999964e+00 1.539786691114492938e-05
4.769999999999999574e+00 1.142422383730124451e-05
4.830000000000000071e+00 9.437402300379290270e-06
4.889999999999999680e+00 6.953875379226742436e-06
4.949999999999999289e+00 4.346172112016778503e-06
5.009999999999999787e+00 5.091230188362436381e-06
5.070000000000000284e+00 3.228584997498178184e-06
5.129999999999999893e+00 2.483526921152408074e-06
5.189999999999999503e+00 1.738468844806711232e-06
5.250000000000000000e+00 1.365939806633844600e-06
5.309999999999999609e+00 1.117587114518583591e-06
5.369999999999999218e+00 9.934107684609777560e-07
5.429999999999999716e+00 3.725290381728612322e-07
5.490000000000000213e+00 4.967053842304888780e-07
5.549999999999999822e+00 0.000000000000000000e+00
5.609999999999999432e+00 3.725290381728667379e-07
5.669999999999999929e+00 0.000000000000000000e+00
5.730000000000000426e+00 1.241763460576222195e-07
5.789999999999999147e+00 3.725290381728667379e-07
5.849999999999999645e+00 0.000000000000000000e+00
5.910000000000000142e+00 1.241763460576222195e-07
5.969999999999999751e+00 1.241763460576203931e-07
