2.999999999999999889e-02 9.603488091679733551e-02
8.999999999999999667e-02 1.617974315354838988e-01
1.499999999999999944e-01 2.417026744539937655e-01
2.099999999999999922e-01 3.235646882191006157e-01
2.700000000000000178e-01 4.035670370395040285e-01
3.299999999999999600e-01 4.798845769944475870e-01
3.900000000000000133e-01 5.499134543028492139e-01
4.499999999999999556e-01 6.108888826403352512e-01
5.100000000000000089e-01 6.630008518149576036e-01
5.700000000000000622e-01 7.038773452819991894e-01
6.299999999999998934e-01 7.349004457627806852e-01
6.899999999999999467e-01 7.543572647525452757e-01
7.500000000000000000e-01 7.628633443941170711e-01
8.100000000000000533e-01 7.617926959463866554e-01
8.699999999999998845e-01 7.519630206420481189e-01
9.299999999999999378e-01 7.338052103987112718e-01
9.899999999999999911e-01 7.081002102509165175e-01
1.050000000000000044e+00 6.776957563215849634e-01
1.109999999999999876e+00 6.427466965130986809e-01
1.169999999999999929e+00 6.048412462796948219e-01
1.229999999999999982e+00 5.639811440902120498e-01
1.290000000000000036e+00 5.229096937613157969e-01
1.349999999999999867e+00 4.813345841765586108e-01
1.409999999999999920e+00 4.399112180855551113e-01
1.469999999999999973e+00 4.001731733506890265e-01
1.530000000000000027e+00 3.613743984904047024e-01
1.589999999999999858e+00 3.245255647777362529e-01
1.649999999999999911e+00 2.901108357823513617e-01
1.709999999999999964e+00 2.579664229050239732e-01
1.770000000000000018e+00 2.282631927966560226e-01
1.829999999999999849e+00 2.008973340327142032e-01
1.889999999999999902e+00 1.763547486517042795e-01
1.949999999999999956e+00 1.538880192322732432e-01
2.009999999999999787e+00 1.339095354166059681e-01
2.070000000000000284e+00 1.157899714875712666e-01
2.129999999999999893e+00 9.995947430470786266e-02
2.189999999999999947e+00 8.587564159247794426e-02
2.250000000000000000e+00 7.352704912712740293e-02
2.309999999999999609e+00 6.277573698921599943e-02
2.370000000000000107e+00 5.344922423535417716e-02
2.429999999999999716e+00 4.516157078487031268e-02
2.490000000000000213e+00 3.822483179308219792e-02
2.549999999999999822e+00 3.215956239143352019e-02
2.609999999999999876e+00 2.699618578448192627e-02
2.669999999999999929e+00 2.262120479277576410e-02
2.729999999999999538e+00 1.896247295979368308e-02
2.790000000000000036e+00 1.573997262726185495e-02
2.849999999999999645e+00 1.303652941738360146e-02
2.910000000000000142e+00 1.076385394876976619e-02
2.969999999999999751e+00 8.939206733393760540e-03
3.030000000000000249e+00 7.407864045220567857e-03
3.089999999999999858e+00 6.002808700047061220e-03
3.149999999999999911e+00 4.991144016253145840e-03
3.209999999999999964e+00 4.092479806529674205e-03
3.269999999999999574e+00 3.312404006407715200e-03
3.330000000000000071e+00 2.678732117196897227e-03
3.389999999999999680e+00 2.195189429251193352e-03
3.450000000000000178e+00 1.793106423712367533e-03
3.509999999999999787e+00 1.469378691952108375e-03
3.569999999999999840e+00 1.190975326165196998e-03
3.629999999999999893e+00 9.487072768118066804e-04
3.689999999999999503e+00 7.321437309008392959e-04
3.750000000000000000e+00 5.955497512551603074e-04
3.809999999999999609e+00 4.839152169811008564e-04
3.870000000000000107e+00 3.909071344769067318e-04
3.929999999999999716e+00 3.161529747071805730e-04
3.989999999999999769e+00 2.431372837693103635e-04
4.049999999999999822e+00 1.965711543446438218e-04
4.109999999999999432e+00 1.552204314155454534e-04
4.169999999999999929e+00 1.183400569112100876e-04
4.230000000000000426e+00 1.019487793537302402e-04
4.290000000000000036e+00 7.736186301750669467e-05
4.349999999999999645e+00 6.283323063701279712e-05
4.410000000000000142e+00 4.706283480519337444e-05
4.469999999999999751e+00 4.110237023883581945e-05
4.529999999999999361e+00 3.241002607956588490e-05
4.589999999999999858e+00 2.309680019463281847e-05
4.650000000000000355e+00 1.937150984066006828e-05
4.709999999999999964e+00 1.303851623890562350e-05
4.769999999999999574e+00 1.192092913271389026e-05
4.830000000000000071e+00 8.568167814138107774e-06
4.889999999999999680e+00 7.450580707946070448e-06
4.949999999999999289e+00 5.960464566356945128e-06
5.009999999999999787e+00 4.842877460164945918e-06
5.070000000000000284e+00 3.725290353973090281e-06
5.129999999999999893e+00 1.986821522118952345e-06
5.189999999999999503e+00 2.235174212383853999e-06
5.250000000000000000e+00 1.614292486721672498e-06
5.309999999999999609e+00 1.241763451324345216e-06
5.369999999999999218e+00 1.241763451324363639e-06
5.429999999999999716e+00 9.934107610594761727e-07
5.490000000000000213e+00 1.241763451324363480e-07
5.549999999999999822e+00 6.208817256621726079e-07
5.609999999999999432e+00 3.725290353973090705e-07
5.669999999999999929e+00 3.725290353973035648e-07
5.730000000000000426e+00 1.241763451324363480e-07
5.789999999999999147e+00 0.000000000000000000e+00
5.849999999999999645e+00 1.241763451324345216e-07
5.910000000000000142e+00 1.241763451324363480e-07
5.969999999999999751e+00 0.000000000000000000e+00
