2.999999999999999889e-02 9.608988960584005645e-02
8.999999999999999667e-02 1.617639015118281232e-01
1.499999999999999944e-01 2.414786567290624075e-01
2.099999999999999922e-01 3.232597062985102521e-01
2.700000000000000178e-01 4.035035769144694195e-01
3.299999999999999600e-01 4.797364274660746442e-01
3.900000000000000133e-01 5.494046956300735474e-01
4.499999999999999556e-01 6.108233084281285974e-01
5.100000000000000089e-01 6.622819850842152078e-01
5.700000000000000622e-01 7.041567315657940584e-01
6.299999999999998934e-01 7.348941018184033114e-01
6.899999999999999467e-01 7.540004948774966520e-01
7.500000000000000000e-01 7.630577931801471037e-01
8.100000000000000533e-01 7.625425855318712642e-01
8.699999999999998845e-01 7.520137975613283565e-01
9.299999999999999378e-01 7.341708987951272025e-01
9.899999999999999911e-01 7.084086537361138358e-01
1.050000000000000044e+00 6.784086426099135148e-01
1.109999999999999876e+00 6.429484734932600087e-01
1.169999999999999929e+00 6.048034876585001163e-01
1.229999999999999982e+00 5.645280083020522977e-01
1.290000000000000036e+00 5.228331933418924882e-01
1.349999999999999867e+00 4.813921948273972573e-01
1.409999999999999920e+00 4.403506716092423501e-01
1.469999999999999973e+00 3.993462771177288539e-01
1.530000000000000027e+00 3.613118082284924037e-01
1.589999999999999858e+00 3.248917559782673048e-01
1.649999999999999911e+00 2.897573014100390254e-01
1.709999999999999964e+00 2.580245335896807490e-01
1.770000000000000018e+00 2.285052090883261389e-01
1.829999999999999849e+00 2.010744065046308759e-01
1.889999999999999902e+00 1.761251439650851902e-01
1.949999999999999956e+00 1.537937670946119828e-01
2.009999999999999787e+00 1.337246348460514045e-01
2.070000000000000284e+00 1.156361152728397623e-01
2.129999999999999893e+00 9.988620877265921849e-02
2.189999999999999947e+00 8.584832151730911742e-02
2.250000000000000000e+00 7.332724829514815357e-02
2.309999999999999609e+00 6.281932195027663257e-02
2.370000000000000107e+00 5.344810585180913287e-02
2.429999999999999716e+00 4.533194005489345202e-02
2.490000000000000213e+00 3.820608059565222536e-02
2.549999999999999822e+00 3.211572766304013338e-02
2.609999999999999876e+00 2.697954575220761278e-02
2.669999999999999929e+00 2.269173661867775540e-02
2.729999999999999538e+00 1.890758673350014657e-02
2.790000000000000036e+00 1.567887763182320912e-02
2.849999999999999645e+00 1.310631632804869391e-02
2.910000000000000142e+00 1.075267791748045834e-02
2.969999999999999751e+00 8.928527434666943402e-03
3.030000000000000249e+00 7.355461517969760603e-03
3.089999999999999858e+00 6.046767036120091060e-03
3.149999999999999911e+00 4.976366957028739539e-03
3.209999999999999964e+00 4.021326700846350986e-03
3.269999999999999574e+00 3.314514954884844114e-03
3.330000000000000071e+00 2.691025535265602342e-03
3.389999999999999680e+00 2.167498071988421642e-03
3.450000000000000178e+00 1.790498693784076372e-03
3.509999999999999787e+00 1.409277319908140789e-03
3.569999999999999840e+00 1.155212521553047140e-03
3.629999999999999893e+00 9.304533402125032739e-04
3.689999999999999503e+00 7.732460896174106089e-04
3.750000000000000000e+00 6.011376778284702876e-04
3.809999999999999609e+00 4.856536785761511143e-04
3.870000000000000107e+00 3.815939029057817205e-04
3.929999999999999716e+00 3.162771463394162329e-04
3.989999999999999769e+00 2.530713876088476911e-04
4.049999999999999822e+00 1.922249794006331664e-04
4.109999999999999432e+00 1.596907774607350975e-04
4.169999999999999929e+00 1.208235820134470720e-04
4.230000000000000426e+00 9.958942731221581527e-05
4.290000000000000036e+00 7.438162962595559855e-05
4.349999999999999645e+00 6.134311358133991577e-05
4.410000000000000142e+00 4.644195238749216465e-05
4.469999999999999751e+00 3.762543201446502032e-05
4.529999999999999361e+00 2.694626649220802011e-05
4.589999999999999858e+00 2.160668373107892199e-05
4.650000000000000355e+00 1.974403858184827328e-05
4.709999999999999964e+00 1.552204291025784764e-05
4.769999999999999574e+00 1.142422358194994377e-05
4.830000000000000071e+00 9.809931119283103610e-06
4.889999999999999680e+00 6.084640820821076045e-06
4.949999999999999289e+00 5.587935447692907516e-06
5.009999999999999787e+00 4.346172014872196933e-06
5.070000000000000284e+00 3.725290298461938203e-06
5.129999999999999893e+00 1.738468805948878900e-06
5.189999999999999503e+00 1.365939776102710787e-06
5.250000000000000000e+00 1.862645149230969101e-06
5.309999999999999609e+00 9.934107462565022287e-07
5.369999999999999218e+00 2.483526865641292100e-07
5.429999999999999716e+00 6.208817164103138929e-07
5.490000000000000213e+00 6.208817164103231044e-07
5.549999999999999822e+00 4.967053731282511143e-07
5.609999999999999432e+00 3.725290298461938415e-07
5.669999999999999929e+00 4.967053731282511143e-07
5.730000000000000426e+00 0.000000000000000000e+00
5.789999999999999147e+00 0.000000000000000000e+00
5.849999999999999645e+00 0.000000000000000000e+00
5.910000000000000142e+00 2.483526865641292100e-07
5.969999999999999751e+00 2.483526865641255572e-07
