2.999999999999999889e-02 9.605859931440997868e-02
8.999999999999999667e-02 1.619270728462528786e-01
1.499999999999999944e-01 2.414122277813902651e-01
2.099999999999999922e-01 3.232831828533327956e-01
2.700000000000000178e-01 4.038286796074562757e-01
3.299999999999999600e-01 4.798329232099063923e-01
3.900000000000000133e-01 5.493898067486987502e-01
4.499999999999999556e-01 6.114699083150157977e-01
5.100000000000000089e-01 6.625333328117920528e-01
5.700000000000000622e-01 7.036415396451307647e-01
6.299999999999998934e-01 7.344960088791061548e-01
6.899999999999999467e-01 7.542977899031833022e-01
7.500000000000000000e-01 7.635393661058297310e-01
8.100000000000000533e-01 7.618118247794775089e-01
8.699999999999998845e-01 7.516643821323407693e-01
9.299999999999999378e-01 7.338062092767546618e-01
9.899999999999999911e-01 7.089920500440601847e-01
1.050000000000000044e+00 6.779639822782963510e-01
1.109999999999999876e+00 6.427979861328567690e-01
1.169999999999999929e+00 6.048874443868468287e-01
1.229999999999999982e+00 5.645532287184865661e-01
1.290000000000000036e+00 5.232431111464613815e-01
1.349999999999999867e+00 4.810359436505121655e-01
1.409999999999999920e+00 4.398940850273932446e-01
1.469999999999999973e+00 3.995952596176594596e-01
1.530000000000000027e+00 3.614064386801367212e-01
1.589999999999999858e+00 3.243996523807377574e-01
1.649999999999999911e+00 2.900817806788681397e-01
1.709999999999999964e+00 2.577827680112044217e-01
1.770000000000000018e+00 2.283595553418900914e-01
1.829999999999999849e+00 2.011957312890924887e-01
1.889999999999999902e+00 1.763020991949211247e-01
1.949999999999999956e+00 1.538614466407720316e-01
2.009999999999999787e+00 1.335894097941732195e-01
2.070000000000000284e+00 1.159441993720773667e-01
2.129999999999999893e+00 9.992321555641518749e-02
2.189999999999999947e+00 8.582659257560858179e-02
2.250000000000000000e+00 7.352046832860556491e-02
2.309999999999999609e+00 6.282329699747177254e-02
2.370000000000000107e+00 5.331672847233846074e-02
2.429999999999999716e+00 4.517100852365061453e-02
2.490000000000000213e+00 3.817578242118663950e-02
2.549999999999999822e+00 3.223406843867551025e-02
2.609999999999999876e+00 2.705405216288203976e-02
2.669999999999999929e+00 2.265758863071175647e-02
2.729999999999999538e+00 1.887381118998997936e-02
2.790000000000000036e+00 1.570843195263515318e-02
2.849999999999999645e+00 1.307862529582685084e-02
2.910000000000000142e+00 1.078881347452431173e-02
2.969999999999999751e+00 8.908162713481639072e-03
3.030000000000000249e+00 7.373218899863380818e-03
3.089999999999999858e+00 6.080915666441716154e-03
3.149999999999999911e+00 4.991144053440067785e-03
3.209999999999999964e+00 4.051004937437779722e-03
3.269999999999999574e+00 3.324076607616464982e-03
3.330000000000000071e+00 2.658243040055499520e-03
3.389999999999999680e+00 2.199908146756819356e-03
3.450000000000000178e+00 1.763179937672165092e-03
3.509999999999999787e+00 1.460313829637626586e-03
3.569999999999999840e+00 1.182158814468563766e-03
3.629999999999999893e+00 9.243687200529330334e-04
3.689999999999999503e+00 7.525086571091851384e-04
3.750000000000000000e+00 6.082157429902291862e-04
3.809999999999999609e+00 4.839152205865502373e-04
3.870000000000000107e+00 3.858159072010294323e-04
3.929999999999999716e+00 3.026177553424231367e-04
3.989999999999999769e+00 2.519538061509155177e-04
4.049999999999999822e+00 1.978129192697893144e-04
4.109999999999999432e+00 1.521160239205872366e-04
4.169999999999999929e+00 1.192092922153155740e-04
4.230000000000000426e+00 9.983778223032828110e-05
4.290000000000000036e+00 7.674098186360940642e-05
4.349999999999999645e+00 5.600353207198762351e-05
4.410000000000000142e+00 5.029142015333700464e-05
4.469999999999999751e+00 3.923972535420804824e-05
4.529999999999999361e+00 2.880891228536835852e-05
4.589999999999999858e+00 2.260009498248690974e-05
4.650000000000000355e+00 2.086162613768053478e-05
4.709999999999999964e+00 1.763304114018209698e-05
4.769999999999999574e+00 1.105169479912837873e-05
4.830000000000000071e+00 8.319815185860689527e-06
4.889999999999999680e+00 5.960464610765779715e-06
4.949999999999999289e+00 5.463759226535378399e-06
5.009999999999999787e+00 4.842877496247195913e-06
5.070000000000000284e+00 4.470348458074400431e-06
5.129999999999999893e+00 2.856055959325268776e-06
5.189999999999999503e+00 1.986821536921955512e-06
5.250000000000000000e+00 1.241763460576222460e-06
5.309999999999999609e+00 1.986821536921926289e-06
5.369999999999999218e+00 1.117587114518600108e-06
5.429999999999999716e+00 4.967053842304815724e-07
5.490000000000000213e+00 3.725290381728667379e-07
5.549999999999999822e+00 3.725290381728612322e-07
5.609999999999999432e+00 7.450580763457334758e-07
5.669999999999999929e+00 1.241763460576203931e-07
5.730000000000000426e+00 2.483526921152444390e-07
5.789999999999999147e+00 2.483526921152444390e-07
5.849999999999999645e+00 3.725290381728612322e-07
5.910000000000000142e+00 0.000000000000000000e+00
5.969999999999999751e+00 0.000000000000000000e+00
