2.999999999999999889e-02 9.643435621908838518e-02
8.999999999999999667e-02 1.618418866670412737e-01
1.499999999999999944e-01 2.415400034418702657e-01
2.099999999999999922e-01 3.229682692334295280e-01
2.700000000000000178e-01 4.037590136690787923e-01
3.299999999999999600e-01 4.800967943682789008e-01
3.900000000000000133e-01 5.498440397259202195e-01
4.499999999999999556e-01 6.108770858875477439e-01
5.100000000000000089e-01 6.630233277334266484e-01
5.700000000000000622e-01 7.039951886335298337e-01
6.299999999999998934e-01 7.342795640371185817e-01
6.899999999999999467e-01 7.539672268524842957e-01
7.500000000000000000e-01 7.631566489213199578e-01
8.100000000000000533e-01 7.622735067547393717e-01
8.699999999999998845e-01 7.515000912273944733e-01
9.299999999999999378e-01 7.338487962958527566e-01
9.899999999999999911e-01 7.086259728962073234e-01
1.050000000000000044e+00 6.779900542595488355e-01
1.109999999999999876e+00 6.428043143372402790e-01
1.169999999999999929e+00 6.042197436723069082e-01
1.229999999999999982e+00 5.642236604922556964e-01
1.290000000000000036e+00 5.228488473522009405e-01
1.349999999999999867e+00 4.811015051767449924e-01
1.409999999999999920e+00 4.398629134872986124e-01
1.469999999999999973e+00 4.001130719996449647e-01
1.530000000000000027e+00 3.614949737215283343e-01
1.589999999999999858e+00 3.246883599662048758e-01
1.649999999999999911e+00 2.901843481786697820e-01
1.709999999999999964e+00 2.577330955525201639e-01
1.770000000000000018e+00 2.282789631924878326e-01
1.829999999999999849e+00 2.012078990718904059e-01
1.889999999999999902e+00 1.761442697467048013e-01
1.949999999999999956e+00 1.539811514911225698e-01
2.009999999999999787e+00 1.338263372653672456e-01
2.070000000000000284e+00 1.158808685722082094e-01
2.129999999999999893e+00 1.000980551058756607e-01
2.189999999999999947e+00 8.592332530900879950e-02
2.250000000000000000e+00 7.352233042601236113e-02
2.309999999999999609e+00 6.272010598659667757e-02
2.370000000000000107e+00 5.347964743991162617e-02
2.429999999999999716e+00 4.524240958555152819e-02
2.490000000000000213e+00 3.822098232638309473e-02
2.549999999999999822e+00 3.211287208566373369e-02
2.609999999999999876e+00 2.714507322229571876e-02
2.669999999999999929e+00 2.260766957115632400e-02
2.729999999999999538e+00 1.884164937597982564e-02
2.790000000000000036e+00 1.569464826128851367e-02
2.849999999999999645e+00 1.309700329746309698e-02
2.910000000000000142e+00 1.076223965628304684e-02
2.969999999999999751e+00 8.944173787199059117e-03
3.030000000000000249e+00 7.369741907264909866e-03
3.089999999999999858e+00 6.089235436259235468e-03
3.149999999999999911e+00 4.910677744607327630e-03
3.209999999999999964e+00 4.060069780450109404e-03
3.269999999999999574e+00 3.314887533310363621e-03
3.330000000000000071e+00 2.692639867851729426e-03
3.389999999999999680e+00 2.210338943357350629e-03
3.450000000000000178e+00 1.762931571845185704e-03
3.509999999999999787e+00 1.441439014297310386e-03
3.569999999999999840e+00 1.148507016129903619e-03
3.629999999999999893e+00 9.370347003693577786e-04
3.689999999999999503e+00 7.633119935290806450e-04
3.750000000000000000e+00 6.093333255648606490e-04
3.809999999999999609e+00 4.829218062200413362e-04
3.870000000000000107e+00 3.848224935654174280e-04
3.929999999999999716e+00 3.083298649638371901e-04
3.989999999999999769e+00 2.341965869197749526e-04
4.049999999999999822e+00 1.928458639906707836e-04
4.109999999999999432e+00 1.568347239022671060e-04
4.169999999999999929e+00 1.199543493979317402e-04
4.230000000000000426e+00 9.536743306171112204e-05
4.290000000000000036e+00 7.698933398210940169e-05
4.349999999999999645e+00 6.258487794674791706e-05
4.410000000000000142e+00 4.457930790254464843e-05
4.469999999999999751e+00 3.725290353973034801e-05
4.529999999999999361e+00 2.744297227426842949e-05
4.589999999999999858e+00 2.483526902648690093e-05
4.650000000000000355e+00 1.937150984066006828e-05
4.709999999999999964e+00 1.266598720350832035e-05
4.769999999999999574e+00 9.809931265462470777e-06
4.830000000000000071e+00 6.705522637151563269e-06
4.889999999999999680e+00 5.712111876091987146e-06
4.949999999999999289e+00 5.712111876092071849e-06
5.009999999999999787e+00 5.339582840694684005e-06
5.070000000000000284e+00 2.980232283178472564e-06
5.129999999999999893e+00 2.607703247781124530e-06
5.189999999999999503e+00 1.614292486721672498e-06
5.250000000000000000e+00 1.738468831854108713e-06
5.309999999999999609e+00 1.117587106191910483e-06
5.369999999999999218e+00 3.725290353973090705e-07
5.429999999999999716e+00 6.208817256621726079e-07
5.490000000000000213e+00 9.934107610594907840e-07
5.549999999999999822e+00 1.241763451324345216e-07
5.609999999999999432e+00 2.483526902648726960e-07
5.669999999999999929e+00 4.967053805297380863e-07
5.730000000000000426e+00 1.241763451324363480e-07
5.789999999999999147e+00 4.967053805297453920e-07
5.849999999999999645e+00 2.483526902648690432e-07
5.910000000000000142e+00 0.000000000000000000e+00
5.969999999999999751e+00 1.241763451324345216e-07
