2.999999999999999889e-02 9.643261703177753719e-02
8.999999999999999667e-02 1.616963507858143745e-01
1.499999999999999944e-01 2.421221403439005881e-01
2.099999999999999922e-01 3.231546555197834514e-01
2.700000000000000178e-01 4.040036380589279164e-01
3.299999999999999600e-01 4.799575891094227109e-01
3.900000000000000133e-01 5.495189419601282932e-01
4.499999999999999556e-01 6.111104086869240115e-01
5.100000000000000089e-01 6.630443085956888583e-01
5.700000000000000622e-01 7.037404977063878020e-01
6.299999999999998934e-01 7.343699589448923204e-01
6.899999999999999467e-01 7.541012075103902257e-01
7.500000000000000000e-01 7.630652494460231638e-01
8.100000000000000533e-01 7.614240107046373884e-01
8.699999999999998845e-01 7.516220267982939296e-01
9.299999999999999378e-01 7.337513123980503593e-01
9.899999999999999911e-01 7.086763832122805473e-01
1.050000000000000044e+00 6.777871450616945737e-01
1.109999999999999876e+00 6.428049304296958866e-01
1.169999999999999929e+00 6.048674429819039799e-01
1.229999999999999982e+00 5.640247257850418139e-01
1.290000000000000036e+00 5.230704982310834250e-01
1.349999999999999867e+00 4.813397959967931627e-01
1.409999999999999920e+00 4.400846891608186096e-01
1.469999999999999973e+00 4.000635226572315517e-01
1.530000000000000027e+00 3.614256806281132550e-01
1.589999999999999858e+00 3.249067837365485767e-01
1.649999999999999911e+00 2.895098201148940675e-01
1.709999999999999964e+00 2.580848852153980744e-01
1.770000000000000018e+00 2.280122307043198349e-01
1.829999999999999849e+00 2.006293599851131648e-01
1.889999999999999902e+00 1.760233206750698165e-01
1.949999999999999956e+00 1.540742826020290168e-01
2.009999999999999787e+00 1.336425552788566007e-01
2.070000000000000284e+00 1.156059412827536020e-01
2.129999999999999893e+00 1.001290984461388478e-01
2.189999999999999947e+00 8.587663436340821355e-02
2.250000000000000000e+00 7.381128823119859073e-02
2.309999999999999609e+00 6.289954033667495559e-02
2.370000000000000107e+00 5.348535915329073048e-02
2.429999999999999716e+00 4.529692266357628061e-02
2.490000000000000213e+00 3.815429934477528734e-02
2.549999999999999822e+00 3.217471166581940129e-02
2.609999999999999876e+00 2.709118048666321263e-02
2.669999999999999929e+00 2.271905558346996173e-02
2.729999999999999538e+00 1.896321787657749211e-02
2.790000000000000036e+00 1.580889038102494329e-02
2.849999999999999645e+00 1.305279642134503718e-02
2.910000000000000142e+00 1.078223196751547895e-02
2.969999999999999751e+00 8.939330843135688542e-03
3.030000000000000249e+00 7.371604497519161636e-03
3.089999999999999858e+00 6.065766061835725989e-03
3.149999999999999911e+00 5.015110013498224814e-03
3.209999999999999964e+00 4.078944554519733229e-03
3.269999999999999574e+00 3.322338089264961943e-03
3.330000000000000071e+00 2.688293675742745633e-03
3.389999999999999680e+00 2.189104772029602450e-03
3.450000000000000178e+00 1.797080053367315503e-03
3.509999999999999787e+00 1.411636680948013004e-03
3.569999999999999840e+00 1.170610396841750096e-03
3.629999999999999893e+00 9.230027664924859336e-04
3.689999999999999503e+00 7.513910587980670176e-04
3.750000000000000000e+00 5.953013941295543085e-04
3.809999999999999609e+00 4.717459316433410634e-04
3.870000000000000107e+00 3.859400777961316054e-04
3.929999999999999716e+00 3.042320433077614402e-04
3.989999999999999769e+00 2.472351013166356913e-04
4.049999999999999822e+00 1.953293894380021096e-04
4.109999999999999432e+00 1.549720775706485735e-04
4.169999999999999929e+00 1.211961119462746613e-04
4.230000000000000426e+00 9.636084310482636998e-05
4.290000000000000036e+00 8.046627104629711297e-05
4.349999999999999645e+00 6.767610759295150972e-05
4.410000000000000142e+00 4.917383230607118224e-05
4.469999999999999751e+00 4.197160434205003812e-05
4.529999999999999361e+00 2.707044303718060457e-05
4.589999999999999858e+00 2.483526884144972790e-05
4.650000000000000355e+00 1.601874840273531065e-05
4.709999999999999964e+00 1.651545377956406871e-05
4.769999999999999574e+00 1.105169463444529222e-05
4.830000000000000071e+00 9.561578503958286188e-06
4.889999999999999680e+00 7.947286029263913606e-06
4.949999999999999289e+00 4.842877424082767922e-06
5.009999999999999787e+00 4.967053768289945580e-06
5.070000000000000284e+00 4.470348391461016413e-06
5.129999999999999893e+00 1.738468818901480995e-06
5.189999999999999503e+00 1.738468818901506618e-06
5.250000000000000000e+00 1.365939786279755321e-06
5.309999999999999609e+00 1.117587097865237586e-06
5.369999999999999218e+00 7.450580652435028061e-07
5.429999999999999716e+00 7.450580652434917946e-07
5.490000000000000213e+00 7.450580652435028061e-07
5.549999999999999822e+00 1.241763442072486501e-07
5.609999999999999432e+00 0.000000000000000000e+00
5.669999999999999929e+00 1.241763442072486501e-07
5.730000000000000426e+00 3.725290326217514030e-07
5.789999999999999147e+00 3.725290326217514030e-07
5.849999999999999645e+00 0.000000000000000000e+00
5.910000000000000142e+00 0.000000000000000000e+00
5.969999999999999751e+00 2.483526884144973002e-07
