2.999999999999999889e-02 9.637152227042757036e-02
8.999999999999999667e-02 1.618257425364783286e-01
1.499999999999999944e-01 2.416792033241133286e-01
2.099999999999999922e-01 3.232857857392663070e-01
2.700000000000000178e-01 4.038384835211323298e-01
3.299999999999999600e-01 4.802701409677923583e-01
3.900000000000000133e-01 5.492889673706564668e-01
4.499999999999999556e-01 6.111453022396463597e-01
5.100000000000000089e-01 6.624702413564187431e-01
5.700000000000000622e-01 7.042924615563890267e-01
6.299999999999998934e-01 7.344830835944650138e-01
6.899999999999999467e-01 7.543766306418420164e-01
7.500000000000000000e-01 7.628475683146279662e-01
8.100000000000000533e-01 7.617652472985189105e-01
8.699999999999998845e-01 7.514790998261113852e-01
9.299999999999999378e-01 7.338589732884780448e-01
9.899999999999999911e-01 7.085111044981405870e-01
1.050000000000000044e+00 6.773808400634484528e-01
1.109999999999999876e+00 6.428732274190098739e-01
1.169999999999999929e+00 6.050854966423319103e-01
1.229999999999999982e+00 5.643562766240751705e-01
1.290000000000000036e+00 5.229958682482148680e-01
1.349999999999999867e+00 4.808689192995592721e-01
1.409999999999999920e+00 4.398983004681635278e-01
1.469999999999999973e+00 4.001069843777040891e-01
1.530000000000000027e+00 3.612888382967968659e-01
1.589999999999999858e+00 3.244252278737129180e-01
1.649999999999999911e+00 2.901934108897549769e-01
1.709999999999999964e+00 2.579859166690649519e-01
1.770000000000000018e+00 2.284242478143994892e-01
1.829999999999999849e+00 2.009492382477910399e-01
1.889999999999999902e+00 1.761615289461724854e-01
1.949999999999999956e+00 1.541471741160786724e-01
2.009999999999999787e+00 1.337319622466858204e-01
2.070000000000000284e+00 1.160793015068716377e-01
2.129999999999999893e+00 9.979978278130122171e-02
2.189999999999999947e+00 8.604476913346482958e-02
2.250000000000000000e+00 7.363172923747490772e-02
2.309999999999999609e+00 6.270520435799059600e-02
2.370000000000000107e+00 5.328754623696858872e-02
2.429999999999999716e+00 4.527481927430739711e-02
2.490000000000000213e+00 3.825686900509047556e-02
2.549999999999999822e+00 3.216130062064501832e-02
2.609999999999999876e+00 2.711676081356990606e-02
2.669999999999999929e+00 2.252869324780024801e-02
2.729999999999999538e+00 1.895427717979457014e-02
2.790000000000000036e+00 1.568968109058598362e-02
2.849999999999999645e+00 1.306397229232368964e-02
2.910000000000000142e+00 1.090827095688583735e-02
2.969999999999999751e+00 8.891771303304311924e-03
3.030000000000000249e+00 7.364898974931970155e-03
3.089999999999999858e+00 6.043041790845799302e-03
3.149999999999999911e+00 4.974876877975075926e-03
3.209999999999999964e+00 4.039580653406035955e-03
3.269999999999999574e+00 3.294895117195159769e-03
3.330000000000000071e+00 2.705181658554931586e-03
3.389999999999999680e+00 2.172961847282659995e-03
3.450000000000000178e+00 1.781185481308787547e-03
3.509999999999999787e+00 1.452242345503783425e-03
3.569999999999999840e+00 1.171976336628029842e-03
3.629999999999999893e+00 9.069840180897507280e-04
3.689999999999999503e+00 7.633119878419629845e-04
3.750000000000000000e+00 5.993992134883935471e-04
3.809999999999999609e+00 4.844119187524804741e-04
3.870000000000000107e+00 3.853191960750953571e-04
3.929999999999999716e+00 3.113100949275746706e-04
3.989999999999999769e+00 2.430131056135891759e-04
4.049999999999999822e+00 1.984337980431833239e-04
4.109999999999999432e+00 1.485149076718715643e-04
4.169999999999999929e+00 1.197059958157876790e-04
4.230000000000000426e+00 9.362896353226685044e-05
4.290000000000000036e+00 7.338821942648393680e-05
4.349999999999999645e+00 6.593763877405000098e-05
4.410000000000000142e+00 4.706283445454793131e-05
4.469999999999999751e+00 3.514190541065136803e-05
4.529999999999999361e+00 3.129243874022711658e-05
4.589999999999999858e+00 2.322097636675549592e-05
4.650000000000000355e+00 1.775721722163681938e-05
4.709999999999999964e+00 1.142422366706687348e-05
4.769999999999999574e+00 1.018246022499453955e-05
4.830000000000000071e+00 9.685754848165535844e-06
4.889999999999999680e+00 5.091230112497194389e-06
4.949999999999999289e+00 4.967053768290019272e-06
5.009999999999999787e+00 4.470348391460950344e-06
5.070000000000000284e+00 3.104408605181261727e-06
5.129999999999999893e+00 2.856055916766718370e-06
5.189999999999999503e+00 1.986821507316007624e-06
5.250000000000000000e+00 1.365939786279755321e-06
5.309999999999999609e+00 1.241763442072486395e-06
5.369999999999999218e+00 7.450580652435028061e-07
5.429999999999999716e+00 7.450580652434917946e-07
5.490000000000000213e+00 3.725290326217514030e-07
5.549999999999999822e+00 4.967053768289946003e-07
5.609999999999999432e+00 6.208817210362524090e-07
5.669999999999999929e+00 2.483526884144973002e-07
5.730000000000000426e+00 2.483526884145009530e-07
5.789999999999999147e+00 2.483526884145009530e-07
5.849999999999999645e+00 1.241763442072486501e-07
5.910000000000000142e+00 0.000000000000000000e+00
5.969999999999999751e+00 0.000000000000000000e+00
