2.999999999999999889e-02 9.622337917486827041e-02
8.999999999999999667e-02 1.617940763632456647e-01
1.499999999999999944e-01 2.415654559930165701e-01
2.099999999999999922e-01 3.231413662433624268e-01
2.700000000000000178e-01 4.037636021773020611e-01
3.299999999999999600e-01 4.797459890445073816e-01
3.900000000000000133e-01 5.490932613611221313e-01
4.499999999999999556e-01 6.110089520613353198e-01
5.100000000000000089e-01 6.628291060527159440e-01
5.700000000000000622e-01 7.042751957972851473e-01
6.299999999999998934e-01 7.348777105410900790e-01
6.899999999999999467e-01 7.543109357357018485e-01
7.500000000000000000e-01 7.628910243511193290e-01
8.100000000000000533e-01 7.624675830205288607e-01
8.699999999999998845e-01 7.517555107673016268e-01
9.299999999999999378e-01 7.338029642899824845e-01
9.899999999999999911e-01 7.085901995499922501e-01
1.050000000000000044e+00 6.776166458924605118e-01
1.109999999999999876e+00 6.427104274431882924e-01
1.169999999999999929e+00 6.044870863358173807e-01
1.229999999999999982e+00 5.643001447121297476e-01
1.290000000000000036e+00 5.233182261387522294e-01
1.349999999999999867e+00 4.817256083091095986e-01
1.409999999999999920e+00 4.399740447600678506e-01
1.469999999999999973e+00 3.998522957166032454e-01
1.530000000000000027e+00 3.609848519166307668e-01
1.589999999999999858e+00 3.244294474522281813e-01
1.649999999999999911e+00 2.903804183006283846e-01
1.709999999999999964e+00 2.580411732196805641e-01
1.770000000000000018e+00 2.280465016762421859e-01
1.829999999999999849e+00 2.009800324837364982e-01
1.889999999999999902e+00 1.764101286729175266e-01
1.949999999999999956e+00 1.538041979074476762e-01
2.009999999999999787e+00 1.338064670562743030e-01
2.070000000000000284e+00 1.157830158869424392e-01
2.129999999999999893e+00 9.985094269116710775e-02
2.189999999999999947e+00 8.578002452850397308e-02
2.250000000000000000e+00 7.357224822044365620e-02
2.309999999999999609e+00 6.286787490049992877e-02
2.370000000000000107e+00 5.334851642449692233e-02
2.429999999999999716e+00 4.529890914758042536e-02
2.490000000000000213e+00 3.828654686609900271e-02
2.549999999999999822e+00 3.218986093997952547e-02
2.609999999999999876e+00 2.708832422892270414e-02
2.669999999999999929e+00 2.260431647300718133e-02
2.729999999999999538e+00 1.894198358058927709e-02
2.790000000000000036e+00 1.570669313271838910e-02
2.849999999999999645e+00 1.300858954588571086e-02
2.910000000000000142e+00 1.079229017098743727e-02
2.969999999999999751e+00 8.933742841084790082e-03
3.030000000000000249e+00 7.369741797447197651e-03
3.089999999999999858e+00 6.049995621045425008e-03
3.149999999999999911e+00 4.931911826133760120e-03
3.209999999999999964e+00 4.080310463905331003e-03
3.269999999999999574e+00 3.275896112124122416e-03
3.330000000000000071e+00 2.717226743698117515e-03
3.389999999999999680e+00 2.166628837585447484e-03
3.450000000000000178e+00 1.776218414306639107e-03
3.509999999999999787e+00 1.439327994982400301e-03
3.569999999999999840e+00 1.171231269836433371e-03
3.629999999999999893e+00 9.479622046152742700e-04
3.689999999999999503e+00 7.592141628265374354e-04
3.750000000000000000e+00 6.002684434254959133e-04
3.809999999999999609e+00 4.801899194717402890e-04
3.870000000000000107e+00 3.758817911148068036e-04
3.929999999999999716e+00 3.007551034291582395e-04
3.989999999999999769e+00 2.456208070119238088e-04
4.049999999999999822e+00 1.985579729080183661e-04
4.109999999999999432e+00 1.609325408935557446e-04
4.169999999999999929e+00 1.254181067148834011e-04
4.230000000000000426e+00 9.785095850626691753e-05
4.290000000000000036e+00 7.562339305877623205e-05
4.349999999999999645e+00 5.525847276051875333e-05
4.410000000000000142e+00 4.544854164123564972e-05
4.469999999999999751e+00 3.539025783538789221e-05
4.529999999999999361e+00 2.893308798472105336e-05
4.589999999999999858e+00 1.924733320871973121e-05
4.650000000000000355e+00 1.974403858184827328e-05
4.709999999999999964e+00 1.428027947743721922e-05
4.769999999999999574e+00 9.809931119283103610e-06
4.830000000000000071e+00 7.947285970052134720e-06
4.889999999999999680e+00 6.084640820821076045e-06
4.949999999999999289e+00 4.221995671590196941e-06
5.009999999999999787e+00 3.352761268615694704e-06
5.070000000000000284e+00 2.483526865641292418e-06
5.129999999999999893e+00 1.862645149230941573e-06
5.189999999999999503e+00 1.738468805948904523e-06
5.250000000000000000e+00 1.490116119384775366e-06
5.309999999999999609e+00 9.934107462565022287e-07
5.369999999999999218e+00 7.450580596923876829e-07
5.429999999999999716e+00 8.692344029744394501e-07
5.490000000000000213e+00 6.208817164103231044e-07
5.549999999999999822e+00 2.483526865641255572e-07
5.609999999999999432e+00 2.483526865641292100e-07
5.669999999999999929e+00 3.725290298461883358e-07
5.730000000000000426e+00 4.967053731282584200e-07
5.789999999999999147e+00 1.241763432820646050e-07
5.849999999999999645e+00 0.000000000000000000e+00
5.910000000000000142e+00 0.000000000000000000e+00
5.969999999999999751e+00 0.000000000000000000e+00
