2.999999999999999889e-02 9.604928465720975750e-02
8.999999999999999667e-02 1.617735884719112838e-01
1.499999999999999944e-01 2.414867299905920639e-01
2.099999999999999922e-01 3.229952130938213428e-01
2.700000000000000178e-01 4.036057770520878885e-01
3.299999999999999600e-01 4.800296113890629157e-01
3.900000000000000133e-01 5.493395071427487064e-01
4.499999999999999556e-01 6.113729174785782483e-01
5.100000000000000089e-01 6.630606998731242152e-01
5.700000000000000622e-01 7.040462198658260506e-01
6.299999999999998934e-01 7.342678859899539612e-01
6.899999999999999467e-01 7.543797350504470867e-01
7.500000000000000000e-01 7.630509691664394412e-01
8.100000000000000533e-01 7.621167905289696343e-01
8.699999999999998845e-01 7.524464335474858601e-01
9.299999999999999378e-01 7.340015277316280784e-01
9.899999999999999911e-01 7.082330736634606660e-01
1.050000000000000044e+00 6.772844792203436270e-01
1.109999999999999876e+00 6.427171377543413611e-01
1.169999999999999929e+00 6.049912467970786079e-01
1.229999999999999982e+00 5.645088893511057693e-01
1.290000000000000036e+00 5.227737167684279873e-01
1.349999999999999867e+00 4.813992764656684353e-01
1.409999999999999920e+00 4.400912705070615938e-01
1.469999999999999973e+00 3.996729880546997515e-01
1.530000000000000027e+00 3.611605641332307215e-01
1.589999999999999858e+00 3.248917583988995550e-01
1.649999999999999911e+00 2.900214266530279916e-01
1.709999999999999964e+00 2.578592567979735573e-01
1.770000000000000018e+00 2.284585204854006901e-01
1.829999999999999849e+00 2.010088428930105198e-01
1.889999999999999902e+00 1.761599146536978189e-01
1.949999999999999956e+00 1.539837580471019318e-01
2.009999999999999787e+00 1.337643722725239126e-01
2.070000000000000284e+00 1.158535489131028579e-01
2.129999999999999893e+00 9.994618669112156906e-02
2.189999999999999947e+00 8.590842350752526946e-02
2.250000000000000000e+00 7.362738306542764011e-02
2.309999999999999609e+00 6.278691239247896627e-02
2.370000000000000107e+00 5.348598003501177367e-02
2.429999999999999716e+00 4.511972302039254229e-02
2.490000000000000213e+00 3.827028005026485852e-02
2.549999999999999822e+00 3.215024892601056616e-02
2.609999999999999876e+00 2.696700414245596297e-02
2.669999999999999929e+00 2.262393650380721197e-02
2.729999999999999538e+00 1.892410232815220847e-02
2.790000000000000036e+00 1.567254475508538317e-02
2.849999999999999645e+00 1.305714259339228918e-02
2.910000000000000142e+00 1.077788579546822521e-02
2.969999999999999751e+00 8.886804249536021938e-03
3.030000000000000249e+00 7.343913172760945830e-03
3.089999999999999858e+00 5.998710835963812042e-03
3.149999999999999911e+00 5.014489131777188566e-03
3.209999999999999964e+00 4.059324692134988651e-03
3.269999999999999574e+00 3.302345697847594748e-03
3.330000000000000071e+00 2.702698131670786159e-03
3.389999999999999680e+00 2.184510247293934213e-03
3.450000000000000178e+00 1.772244784525865572e-03
3.509999999999999787e+00 1.459320397123596656e-03
3.569999999999999840e+00 1.162787287156693368e-03
3.629999999999999893e+00 9.256104697208381764e-04
3.689999999999999503e+00 7.395943060983784087e-04
3.750000000000000000e+00 6.078432048944865237e-04
3.809999999999999609e+00 4.737327531506570579e-04
3.870000000000000107e+00 3.827114928467431143e-04
3.929999999999999716e+00 3.087023916992224278e-04
3.989999999999999769e+00 2.495944518565734347e-04
4.049999999999999822e+00 1.966953292242818287e-04
4.109999999999999432e+00 1.490116130487005629e-04
4.169999999999999929e+00 1.194576431273731932e-04
4.230000000000000426e+00 1.021971312825671309e-04
4.290000000000000036e+00 7.363657211489844966e-05
4.349999999999999645e+00 5.923211618685847213e-05
4.410000000000000142e+00 4.532436563564642257e-05
4.469999999999999751e+00 3.812213767162533266e-05
4.529999999999999361e+00 3.253420218229962670e-05
4.589999999999999858e+00 2.595285593931496464e-05
4.650000000000000355e+00 1.502533764907730662e-05
4.709999999999999964e+00 1.254181076493211191e-05
4.769999999999999574e+00 1.043081291340903886e-05
4.830000000000000071e+00 6.705522587191525466e-06
4.889999999999999680e+00 6.829698931398674325e-06
4.949999999999999289e+00 4.346172047253766757e-06
5.009999999999999787e+00 4.221995703046453574e-06
5.070000000000000284e+00 2.980232260974011224e-06
5.129999999999999893e+00 2.980232260973967179e-06
5.189999999999999503e+00 1.986821507316007624e-06
5.250000000000000000e+00 1.241763442072504818e-06
5.309999999999999609e+00 1.862645163108729381e-06
5.369999999999999218e+00 8.692344094507533090e-07
5.429999999999999716e+00 7.450580652434917946e-07
5.490000000000000213e+00 6.208817210362524090e-07
5.549999999999999822e+00 4.967053768289946003e-07
5.609999999999999432e+00 2.483526884145009530e-07
5.669999999999999929e+00 2.483526884144973002e-07
5.730000000000000426e+00 1.241763442072504765e-07
5.789999999999999147e+00 3.725290326217514030e-07
5.849999999999999645e+00 0.000000000000000000e+00
5.910000000000000142e+00 0.000000000000000000e+00
5.969999999999999751e+00 0.000000000000000000e+00
