2.999999999999999889e-02 9.652289467231942033e-02
8.999999999999999667e-02 1.619248376720238414e-01
1.499999999999999944e-01 2.415077193915085851e-01
2.099999999999999922e-01 3.234678330799204971e-01
2.700000000000000178e-01 4.033693513033891342e-01
3.299999999999999600e-01 4.799272972329101661e-01
3.900000000000000133e-01 5.495070292193772188e-01
4.499999999999999556e-01 6.110886869326189741e-01
5.100000000000000089e-01 6.625945517503984972e-01
5.700000000000000622e-01 7.042452850396628827e-01
6.299999999999998934e-01 7.345188573267806831e-01
6.899999999999999467e-01 7.536112188858307137e-01
7.500000000000000000e-01 7.630473794227493611e-01
8.100000000000000533e-01 7.619558693409043126e-01
8.699999999999998845e-01 7.527123063167210359e-01
9.299999999999999378e-01 7.336983000320306259e-01
9.899999999999999911e-01 7.080997188212901916e-01
1.050000000000000044e+00 6.778696082552925217e-01
1.109999999999999876e+00 6.431646788827648509e-01
1.169999999999999929e+00 6.047319756015826497e-01
1.229999999999999982e+00 5.643826104190033943e-01
1.290000000000000036e+00 5.231738207453612288e-01
1.349999999999999867e+00 4.811926541992369022e-01
1.409999999999999920e+00 4.396808742412122717e-01
1.469999999999999973e+00 3.998834729168592172e-01
1.530000000000000027e+00 3.612297357396967445e-01
1.589999999999999858e+00 3.245675388006076800e-01
1.649999999999999911e+00 2.899720087889531839e-01
1.709999999999999964e+00 2.579283026887839725e-01
1.770000000000000018e+00 2.282086810814300815e-01
1.829999999999999849e+00 2.009523456508195416e-01
1.889999999999999902e+00 1.766314148646659365e-01
1.949999999999999956e+00 1.537556483939309382e-01
2.009999999999999787e+00 1.337348202954067033e-01
2.070000000000000284e+00 1.156100408248363076e-01
2.129999999999999893e+00 1.000170928740347492e-01
2.189999999999999947e+00 8.588346534210297700e-02
2.250000000000000000e+00 7.351686721456990314e-02
2.309999999999999609e+00 6.268695136950050428e-02
2.370000000000000107e+00 5.330008884196674179e-02
2.429999999999999716e+00 4.527407489087844489e-02
2.490000000000000213e+00 3.833510067317856540e-02
2.549999999999999822e+00 3.214739334912729285e-02
2.609999999999999876e+00 2.713687778570247552e-02
2.669999999999999929e+00 2.258941581672612234e-02
2.729999999999999538e+00 1.888771894074843180e-02
2.790000000000000036e+00 1.563765143538230901e-02
2.849999999999999645e+00 1.314816404961911822e-02
2.910000000000000142e+00 1.081960920834660299e-02
2.969999999999999751e+00 8.958950839019205054e-03
3.030000000000000249e+00 7.416804797329605917e-03
3.089999999999999858e+00 6.114443279877273922e-03
3.149999999999999911e+00 4.962459317500757250e-03
3.209999999999999964e+00 4.094466658557947489e-03
3.269999999999999574e+00 3.334507420685305177e-03
3.330000000000000071e+00 2.716109217318350786e-03
3.389999999999999680e+00 2.191339978878843481e-03
3.450000000000000178e+00 1.793478966110224632e-03
3.509999999999999787e+00 1.433864267927353236e-03
3.569999999999999840e+00 1.163035657175689932e-03
3.629999999999999893e+00 9.384006471574442114e-04
3.689999999999999503e+00 7.551163603763951871e-04
3.750000000000000000e+00 5.972882245371585784e-04
3.809999999999999609e+00 4.847844550089535688e-04
3.870000000000000107e+00 3.865609652773751605e-04
3.929999999999999716e+00 2.976507015001183002e-04
3.989999999999999769e+00 2.456208125019767739e-04
4.049999999999999822e+00 1.960744504249826243e-04
4.109999999999999432e+00 1.537303164193363234e-04
4.169999999999999929e+00 1.169741179862784030e-04
4.230000000000000426e+00 9.785096069340633025e-05
4.290000000000000036e+00 8.307397551254804176e-05
4.349999999999999645e+00 6.395081821967544048e-05
4.410000000000000142e+00 5.277494707448944999e-05
4.469999999999999751e+00 3.390014247373036800e-05
4.529999999999999361e+00 2.893308863142597876e-05
4.589999999999999858e+00 2.086162613768022646e-05
4.650000000000000355e+00 1.527369056508753276e-05
4.709999999999999964e+00 1.577039594931779008e-05
4.769999999999999574e+00 1.204510556758935754e-05
4.830000000000000071e+00 8.443991531918311456e-06
4.889999999999999680e+00 8.816520570091048492e-06
4.949999999999999289e+00 5.587935572593000328e-06
5.009999999999999787e+00 4.842877496247195913e-06
5.070000000000000284e+00 3.104408651440555832e-06
5.129999999999999893e+00 1.862645190864305843e-06
5.189999999999999503e+00 1.862645190864333372e-06
5.250000000000000000e+00 1.490116152691466952e-06
5.309999999999999609e+00 1.365939806633824271e-06
5.369999999999999218e+00 6.208817302881112299e-07
5.429999999999999716e+00 8.692344224033428046e-07
5.490000000000000213e+00 7.450580763457334758e-07
5.549999999999999822e+00 1.241763460576203931e-07
5.609999999999999432e+00 2.483526921152444390e-07
5.669999999999999929e+00 1.241763460576203931e-07
5.730000000000000426e+00 1.241763460576222195e-07
5.789999999999999147e+00 0.000000000000000000e+00
5.849999999999999645e+00 3.725290381728612322e-07
5.910000000000000142e+00 1.241763460576222195e-07
5.969999999999999751e+00 0.000000000000000000e+00
