2.999999999999999889e-02 9.607722576631862188e-02
8.999999999999999667e-02 1.618221438338341700e-01
1.499999999999999944e-01 2.413244351047275360e-01
2.099999999999999922e-01 3.232011022885887264e-01
2.700000000000000178e-01 4.038651874531972163e-01
3.299999999999999600e-01 4.797638811614983734e-01
3.900000000000000133e-01 5.494291706503990902e-01
4.499999999999999556e-01 6.108116495045643468e-01
5.100000000000000089e-01 6.628924508045906938e-01
5.700000000000000622e-01 7.039287595335620429e-01
6.299999999999998934e-01 7.343935633936086171e-01
6.899999999999999467e-01 7.541260540165856119e-01
7.500000000000000000e-01 7.628878128180653917e-01
8.100000000000000533e-01 7.625100683733594398e-01
8.699999999999998845e-01 7.526764193527103464e-01
9.299999999999999378e-01 7.335640654019423001e-01
9.899999999999999911e-01 7.091332385495277002e-01
1.050000000000000044e+00 6.780073198230704978e-01
1.109999999999999876e+00 6.427886729069024474e-01
1.169999999999999929e+00 6.046076750791790078e-01
1.229999999999999982e+00 5.642262723993168860e-01
1.290000000000000036e+00 5.230549839821840852e-01
1.349999999999999867e+00 4.812609511895685754e-01
1.409999999999999920e+00 4.397427140615489671e-01
1.469999999999999973e+00 3.993461618674678526e-01
1.530000000000000027e+00 3.613120646571329475e-01
1.589999999999999858e+00 3.246164642809543643e-01
1.649999999999999911e+00 2.901307061592148240e-01
1.709999999999999964e+00 2.580632823769485884e-01
1.770000000000000018e+00 2.282794615986829256e-01
1.829999999999999849e+00 2.014530246781238709e-01
1.889999999999999902e+00 1.764756977267096794e-01
1.949999999999999956e+00 1.540381495812120360e-01
2.009999999999999787e+00 1.337610215044248707e-01
2.070000000000000284e+00 1.157271391191686399e-01
2.129999999999999893e+00 1.000061653555816832e-01
2.189999999999999947e+00 8.577679786083948488e-02
2.250000000000000000e+00 7.332538728894905100e-02
2.309999999999999609e+00 6.274668019195421553e-02
2.370000000000000107e+00 5.333299557367201377e-02
2.429999999999999716e+00 4.523272416764125697e-02
2.490000000000000213e+00 3.814982956486059201e-02
2.549999999999999822e+00 3.216390880315295880e-02
2.609999999999999876e+00 2.701977949137013627e-02
2.669999999999999929e+00 2.261151920632438125e-02
2.729999999999999538e+00 1.887219689749123144e-02
2.790000000000000036e+00 1.570036049014140664e-02
2.849999999999999645e+00 1.305329332123109608e-02
2.910000000000000142e+00 1.080197616720642018e-02
2.969999999999999751e+00 8.948644202296423059e-03
3.030000000000000249e+00 7.305915320300149750e-03
3.089999999999999858e+00 6.042917704548083149e-03
3.149999999999999911e+00 4.946192216167208562e-03
3.209999999999999964e+00 4.058579694547295204e-03
3.269999999999999574e+00 3.337611829336745856e-03
3.330000000000000071e+00 2.694750885796440201e-03
3.389999999999999680e+00 2.192209213301246976e-03
3.450000000000000178e+00 1.783048153041384438e-03
3.509999999999999787e+00 1.459941300599453722e-03
3.569999999999999840e+00 1.167133476595591437e-03
3.629999999999999893e+00 9.392698815798475971e-04
3.689999999999999503e+00 7.648021153688897619e-04
3.750000000000000000e+00 6.063530977993648657e-04
3.809999999999999609e+00 4.660338267542527609e-04
3.870000000000000107e+00 3.879269050840090135e-04
3.929999999999999716e+00 3.058463403399213102e-04
3.989999999999999769e+00 2.469867523086106270e-04
4.049999999999999822e+00 1.904865148523896901e-04
4.109999999999999432e+00 1.460313829637637536e-04
4.169999999999999929e+00 1.251697568260813588e-04
4.230000000000000426e+00 9.536743377225388491e-05
4.290000000000000036e+00 8.108715397562611801e-05
4.349999999999999645e+00 5.960464610765866790e-05
4.410000000000000142e+00 4.855295130853029426e-05
4.469999999999999751e+00 4.023313612266901011e-05
4.529999999999999361e+00 2.967814670777171372e-05
4.589999999999999858e+00 2.359350575094787500e-05
4.650000000000000355e+00 1.763304114018235787e-05
4.709999999999999964e+00 1.552204325720254961e-05
4.769999999999999574e+00 9.685754992494534127e-06
4.830000000000000071e+00 8.568167877975935078e-06
4.889999999999999680e+00 7.450580763457223374e-06
4.949999999999999289e+00 5.960464610765867807e-06
5.009999999999999787e+00 3.725290381728611687e-06
5.070000000000000284e+00 3.601114035671044816e-06
5.129999999999999893e+00 2.110997882979546524e-06
5.189999999999999503e+00 1.614292498749089092e-06
5.250000000000000000e+00 1.365939806633844600e-06
5.309999999999999609e+00 1.241763460576203931e-07
5.369999999999999218e+00 7.450580763457334758e-07
5.429999999999999716e+00 4.967053842304815724e-07
5.490000000000000213e+00 4.967053842304888780e-07
5.549999999999999822e+00 4.967053842304815724e-07
5.609999999999999432e+00 2.483526921152444390e-07
5.669999999999999929e+00 0.000000000000000000e+00
5.730000000000000426e+00 0.000000000000000000e+00
5.789999999999999147e+00 2.483526921152444390e-07
5.849999999999999645e+00 0.000000000000000000e+00
5.910000000000000142e+00 0.000000000000000000e+00
5.969999999999999751e+00 0.000000000000000000e+00
