2.999999999999999889e-02 9.616812356814118112e-02
8.999999999999999667e-02 1.616514025624017914e-01
1.499999999999999944e-01 2.415744038892111423e-01
2.099999999999999922e-01 3.233678735306225183e-01
2.700000000000000178e-01 4.035453121923996966e-01
3.299999999999999600e-01 4.799937351542831188e-01
3.900000000000000133e-01 5.499402845881468105e-01
4.499999999999999556e-01 6.105502628450670821e-01
5.100000000000000089e-01 6.628367005637292309e-01
5.700000000000000622e-01 7.044473252032403821e-01
6.299999999999998934e-01 7.342697650473253290e-01
6.899999999999999467e-01 7.544173773452844678e-01
7.500000000000000000e-01 7.630845138356434632e-01
8.100000000000000533e-01 7.620378314069268244e-01
8.699999999999998845e-01 7.519110019577849302e-01
9.299999999999999378e-01 7.333126137647805187e-01
9.899999999999999911e-01 7.088800482614843190e-01
1.050000000000000044e+00 6.778449022127652768e-01
1.109999999999999876e+00 6.426698409319888672e-01
1.169999999999999929e+00 6.044483613306783631e-01
1.229999999999999982e+00 5.648820518915464994e-01
1.290000000000000036e+00 5.230462955349588494e-01
1.349999999999999867e+00 4.809091631842399295e-01
1.409999999999999920e+00 4.397203655954307067e-01
1.469999999999999973e+00 3.999598443496177325e-01
1.530000000000000027e+00 3.616607545314454164e-01
1.589999999999999858e+00 3.246591833628976742e-01
1.649999999999999911e+00 2.898867017990358619e-01
1.709999999999999964e+00 2.579240826147022325e-01
1.770000000000000018e+00 2.282629478453487848e-01
1.829999999999999849e+00 2.009812802368782236e-01
1.889999999999999902e+00 1.764024349968362770e-01
1.949999999999999956e+00 1.538390960446722744e-01
2.009999999999999787e+00 1.338840812608821373e-01
2.070000000000000284e+00 1.159680420945496948e-01
2.129999999999999893e+00 9.987801611059943241e-02
2.189999999999999947e+00 8.593301234443082026e-02
2.250000000000000000e+00 7.343578060773348071e-02
2.309999999999999609e+00 6.283658433466898785e-02
2.370000000000000107e+00 5.320571521537642568e-02
2.429999999999999716e+00 4.528115327997461748e-02
2.490000000000000213e+00 3.826891496585549390e-02
2.549999999999999822e+00 3.219035860470009780e-02
2.609999999999999876e+00 2.703505338336207112e-02
2.669999999999999929e+00 2.263846564208860102e-02
2.729999999999999538e+00 1.888771908147290901e-02
2.790000000000000036e+00 1.571265406546951127e-02
2.849999999999999645e+00 1.305068571519907294e-02
2.910000000000000142e+00 1.078198385582318508e-02
2.969999999999999751e+00 8.929645287880649818e-03
3.030000000000000249e+00 7.375826658084783105e-03
3.089999999999999858e+00 6.061668377965734322e-03
3.149999999999999911e+00 4.976491281683018478e-03
3.209999999999999964e+00 4.084284228611512191e-03
3.269999999999999574e+00 3.266458807382743856e-03
3.330000000000000071e+00 2.682829976563549934e-03
3.389999999999999680e+00 2.200529044882326701e-03
3.450000000000000178e+00 1.743311735291630526e-03
3.509999999999999787e+00 1.434236807651423362e-03
3.569999999999999840e+00 1.169244483190121434e-03
3.629999999999999893e+00 9.431193553344208169e-04
3.689999999999999503e+00 7.521361336748633164e-04
3.750000000000000000e+00 5.859881814118672594e-04
3.809999999999999609e+00 4.963328588902804483e-04
3.870000000000000107e+00 3.928939618536020362e-04
3.929999999999999716e+00 3.227343258083159583e-04
3.989999999999999769e+00 2.489735757005303142e-04
4.049999999999999822e+00 1.937151012931778227e-04
4.109999999999999432e+00 1.523643777479055943e-04
4.169999999999999929e+00 1.308818697198778586e-04
4.230000000000000426e+00 9.809931411641842011e-05
4.290000000000000036e+00 7.897615668106480757e-05
4.349999999999999645e+00 6.221234983838687675e-05
4.410000000000000142e+00 4.557271934269058086e-05
4.469999999999999751e+00 3.178914482759841051e-05
4.529999999999999361e+00 2.930561788794272017e-05
4.589999999999999858e+00 2.123415533405987834e-05
4.650000000000000355e+00 1.899898108836964658e-05
4.709999999999999964e+00 1.254181104526343579e-05
4.769999999999999574e+00 1.179675296336677375e-05
4.830000000000000071e+00 6.953875431037255849e-06
4.889999999999999680e+00 5.463759267243476912e-06
4.949999999999999289e+00 6.208817349140406615e-06
5.009999999999999787e+00 3.104408674570157568e-06
5.070000000000000284e+00 3.476937715518627925e-06
5.129999999999999893e+00 3.973643103449801314e-06
5.189999999999999503e+00 2.235174245690546432e-06
5.250000000000000000e+00 2.731879633621779114e-06
5.309999999999999609e+00 7.450580818968377993e-07
5.369999999999999218e+00 7.450580818968488107e-07
5.429999999999999716e+00 4.967053879312251642e-07
5.490000000000000213e+00 4.967053879312325758e-07
5.549999999999999822e+00 3.725290409484188996e-07
5.609999999999999432e+00 1.241763469828081439e-07
5.669999999999999929e+00 0.000000000000000000e+00
5.730000000000000426e+00 4.967053879312325758e-07
5.789999999999999147e+00 3.725290409484244054e-07
5.849999999999999645e+00 1.241763469828062911e-07
5.910000000000000142e+00 0.000000000000000000e+00
5.969999999999999751e+00 2.483526939656125821e-07
