2.999999999999999889e-02 9.641920670498223267e-02
8.999999999999999667e-02 1.620231841309346665e-01
1.499999999999999944e-01 2.417232877272857405e-01
2.099999999999999922e-01 3.229048151210667794e-01
2.700000000000000178e-01 4.037328124602558299e-01
3.299999999999999600e-01 4.800648810475798833e-01
3.900000000000000133e-01 5.494161280405938097e-01
4.499999999999999556e-01 6.110392601942905566e-01
5.100000000000000089e-01 6.630937357211167393e-01
5.700000000000000622e-01 7.043115899609272423e-01
6.299999999999998934e-01 7.341155270851985604e-01
6.899999999999999467e-01 7.539579136265993631e-01
7.500000000000000000e-01 7.634221379472130309e-01
8.100000000000000533e-01 7.622232153349607353e-01
8.699999999999998845e-01 7.514884186509519504e-01
9.299999999999999378e-01 7.335245718587118935e-01
9.899999999999999911e-01 7.081260389307041381e-01
1.050000000000000044e+00 6.780577303676459389e-01
1.109999999999999876e+00 6.430093294830537820e-01
1.169999999999999929e+00 6.049337576568184494e-01
1.229999999999999982e+00 5.644869143439363857e-01
1.290000000000000036e+00 5.229419796110502672e-01
1.349999999999999867e+00 4.809850277650107864e-01
1.409999999999999920e+00 4.396485851156000102e-01
1.469999999999999973e+00 4.000040451686186493e-01
1.530000000000000027e+00 3.612071329535113118e-01
1.589999999999999858e+00 3.243397969654180923e-01
1.649999999999999911e+00 2.901263578254928976e-01
1.709999999999999964e+00 2.575854498781577351e-01
1.770000000000000018e+00 2.282766038419303256e-01
1.829999999999999849e+00 2.011679142887577987e-01
1.889999999999999902e+00 1.763561145915007178e-01
1.949999999999999956e+00 1.537670714721142695e-01
2.009999999999999787e+00 1.339046925391458032e-01
2.070000000000000284e+00 1.159244544693496942e-01
2.129999999999999893e+00 1.001807565517338627e-01
2.189999999999999947e+00 8.591512967023005876e-02
2.250000000000000000e+00 7.357758889959631343e-02
2.309999999999999609e+00 6.284477903710965208e-02
2.370000000000000107e+00 5.320596277523974293e-02
2.429999999999999716e+00 4.526836244168420259e-02
2.490000000000000213e+00 3.829474307539176142e-02
2.549999999999999822e+00 3.219159988847768855e-02
2.609999999999999876e+00 2.714097540290634838e-02
2.669999999999999929e+00 2.260953221633331053e-02
2.729999999999999538e+00 1.888026821931601193e-02
2.790000000000000036e+00 1.575288696715562362e-02
2.849999999999999645e+00 1.305416245839240673e-02
2.910000000000000142e+00 1.082979158803508944e-02
2.969999999999999751e+00 8.927782509641577630e-03
3.030000000000000249e+00 7.338697820981801567e-03
3.089999999999999858e+00 6.068001281241588996e-03
3.149999999999999911e+00 4.965563689155865282e-03
3.209999999999999964e+00 4.031260868379383210e-03
3.269999999999999574e+00 3.339846978681983158e-03
3.330000000000000071e+00 2.704560796984443235e-03
3.389999999999999680e+00 2.208848827215761403e-03
3.450000000000000178e+00 1.783420668792037563e-03
3.509999999999999787e+00 1.432746670138039828e-03
3.569999999999999840e+00 1.151983953793612103e-03
3.629999999999999893e+00 9.357929369180333513e-04
3.689999999999999503e+00 7.630636408388156294e-04
3.750000000000000000e+00 6.130586159188337143e-04
3.809999999999999609e+00 4.907449159633848817e-04
3.870000000000000107e+00 3.839532591494903072e-04
3.929999999999999716e+00 2.992649917691693798e-04
3.989999999999999769e+00 2.500911590967267611e-04
4.049999999999999822e+00 1.948326855127897428e-04
4.109999999999999432e+00 1.462797345660100154e-04
4.169999999999999929e+00 1.211961128492560727e-04
4.230000000000000426e+00 9.822348899975714780e-05
4.290000000000000036e+00 7.947286088475809382e-05
4.349999999999999645e+00 6.631016830072100946e-05
4.410000000000000142e+00 4.358589714148515532e-05
4.469999999999999751e+00 3.650784546893574172e-05
4.529999999999999361e+00 3.178914435390370509e-05
4.589999999999999858e+00 2.197921308844090566e-05
4.650000000000000355e+00 1.837809907960058194e-05
4.709999999999999964e+00 1.502533776102457584e-05
4.769999999999999574e+00 1.005828395572734406e-05
4.830000000000000071e+00 7.947286088475926272e-06
4.889999999999999680e+00 8.195638778740677578e-06
4.949999999999999289e+00 5.339582840694762779e-06
5.009999999999999787e+00 4.221995734502772887e-06
5.070000000000000284e+00 2.980232283178472564e-06
5.129999999999999893e+00 2.980232283178428518e-06
5.189999999999999503e+00 1.614292486721672498e-06
5.250000000000000000e+00 1.241763451324363639e-06
5.309999999999999609e+00 1.490116141589214259e-06
5.369999999999999218e+00 7.450580707946181409e-07
5.429999999999999716e+00 2.483526902648690432e-07
5.490000000000000213e+00 2.483526902648726960e-07
5.549999999999999822e+00 2.483526902648690432e-07
5.609999999999999432e+00 1.241763451324363480e-07
5.669999999999999929e+00 1.241763451324345216e-07
5.730000000000000426e+00 2.483526902648726960e-07
5.789999999999999147e+00 0.000000000000000000e+00
5.849999999999999645e+00 1.241763451324345216e-07
5.910000000000000142e+00 0.000000000000000000e+00
5.969999999999999751e+00 0.000000000000000000e+00
