2.999999999999999889e-02 9.649880374221211921e-02
8.999999999999999667e-02 1.621323351383060773e-01
1.499999999999999944e-01 2.417005634561265048e-01
2.099999999999999922e-01 3.230400431609160017e-01
2.700000000000000178e-01 4.035787096159464959e-01
3.299999999999999600e-01 4.800180665654649736e-01
3.900000000000000133e-01 5.501390827219548862e-01
4.499999999999999556e-01 6.118399492677045748e-01
5.100000000000000089e-01 6.625608950241533845e-01
5.700000000000000622e-01 7.038761035185477910e-01
6.299999999999998934e-01 7.342035681138975312e-01
6.899999999999999467e-01 7.548821581634200806e-01
7.500000000000000000e-01 7.627950474042942686e-01
8.100000000000000533e-01 7.613524908028922455e-01
8.699999999999998845e-01 7.520465913223223220e-01
9.299999999999999378e-01 7.335296630888623604e-01
9.899999999999999911e-01 7.083399947733673985e-01
1.050000000000000044e+00 6.774613113819748511e-01
1.109999999999999876e+00 6.422395603195779623e-01
1.169999999999999929e+00 6.044718216529257893e-01
1.229999999999999982e+00 5.640741521727161700e-01
1.290000000000000036e+00 5.227313765297056936e-01
1.349999999999999867e+00 4.813404204647798168e-01
1.409999999999999920e+00 4.396444872962106398e-01
1.469999999999999973e+00 3.999763538436541532e-01
1.530000000000000027e+00 3.614670340438735363e-01
1.589999999999999858e+00 3.247811196960188052e-01
1.649999999999999911e+00 2.900389376785196816e-01
1.709999999999999964e+00 2.581574061238376960e-01
1.770000000000000018e+00 2.279569739295594366e-01
1.829999999999999849e+00 2.013151874340848302e-01
1.889999999999999902e+00 1.764199412328988081e-01
1.949999999999999956e+00 1.541486653807062346e-01
2.009999999999999787e+00 1.339277893393404362e-01
2.070000000000000284e+00 1.157112436847573117e-01
2.129999999999999893e+00 9.993041703994687275e-02
2.189999999999999947e+00 8.598839371385820496e-02
2.250000000000000000e+00 7.343565533710993964e-02
2.309999999999999609e+00 6.279759202595931733e-02
2.370000000000000107e+00 5.355539501044240952e-02
2.429999999999999716e+00 4.520590174008259216e-02
2.490000000000000213e+00 3.818906900568405649e-02
2.549999999999999822e+00 3.221593845212365054e-02
2.609999999999999876e+00 2.700810671361464008e-02
2.669999999999999929e+00 2.272451951192594813e-02
2.729999999999999538e+00 1.879259971965251130e-02
2.790000000000000036e+00 1.573947592188132058e-02
2.849999999999999645e+00 1.314282436881696568e-02
2.910000000000000142e+00 1.087896542070753390e-02
2.969999999999999751e+00 8.892143898588568060e-03
3.030000000000000249e+00 7.400785993548019033e-03
3.089999999999999858e+00 6.013363689383318528e-03
3.149999999999999911e+00 4.988163783969967388e-03
3.209999999999999964e+00 4.082297346228814204e-03
3.269999999999999574e+00 3.312652359097979782e-03
3.330000000000000071e+00 2.704188267949045928e-03
3.389999999999999680e+00 2.195934487321987965e-03
3.450000000000000178e+00 1.797825124827400227e-03
3.509999999999999787e+00 1.435851078766350788e-03
3.569999999999999840e+00 1.151238895722817490e-03
3.629999999999999893e+00 9.318192938737954872e-04
3.689999999999999503e+00 7.686515763697752274e-04
3.750000000000000000e+00 6.003926287153252923e-04
3.809999999999999609e+00 4.852811567775576831e-04
3.870000000000000107e+00 3.973643044237933422e-04
3.929999999999999716e+00 3.044803982647316712e-04
3.989999999999999769e+00 2.504636881321240676e-04
4.049999999999999822e+00 1.981854468313654744e-04
4.109999999999999432e+00 1.589457217695185458e-04
4.169999999999999929e+00 1.250455795483615374e-04
4.230000000000000426e+00 1.010795449378031871e-04
4.290000000000000036e+00 8.096297702634730638e-05
4.349999999999999645e+00 6.159146718568842395e-05
4.410000000000000142e+00 4.967053805297453369e-05
4.469999999999999751e+00 3.787378526539252781e-05
4.529999999999999361e+00 3.327926049549294476e-05
4.589999999999999858e+00 2.396603461055986140e-05
4.650000000000000355e+00 1.812974638933570866e-05
4.709999999999999964e+00 1.378357430970023147e-05
4.769999999999999574e+00 1.080334202652196220e-05
4.830000000000000071e+00 7.574757053078617202e-06
4.889999999999999680e+00 7.698933398210939491e-06
4.949999999999999289e+00 4.718701115032581277e-06
5.009999999999999787e+00 3.973643044237904691e-06
5.070000000000000284e+00 2.731879592913599709e-06
5.129999999999999893e+00 3.352761318575731659e-06
5.189999999999999503e+00 1.862645176986545141e-06
5.250000000000000000e+00 9.934107610594907840e-07
5.309999999999999609e+00 1.862645176986517612e-06
5.369999999999999218e+00 7.450580707946181409e-07
5.429999999999999716e+00 9.934107610594761727e-07
5.490000000000000213e+00 2.483526902648726960e-07
5.549999999999999822e+00 4.967053805297380863e-07
5.609999999999999432e+00 1.241763451324363480e-07
5.669999999999999929e+00 1.241763451324345216e-07
5.730000000000000426e+00 2.483526902648726960e-07
5.789999999999999147e+00 0.000000000000000000e+00
5.849999999999999645e+00 0.000000000000000000e+00
5.910000000000000142e+00 0.000000000000000000e+00
5.969999999999999751e+00 0.000000000000000000e+00
