2.999999999999999889e-02 9.581459136665805565e-02
8.999999999999999667e-02 1.614797872415169033e-01
1.499999999999999944e-01 2.414007999604006749e-01
2.099999999999999922e-01 3.233024253693900785e-01
2.700000000000000178e-01 4.031139145526830281e-01
3.299999999999999600e-01 4.799261724943382212e-01
3.900000000000000133e-01 5.492961695986204873e-01
4.499999999999999556e-01 6.113164172419638387e-01
5.100000000000000089e-01 6.631206770473763168e-01
5.700000000000000622e-01 7.041839314315520015e-01
6.299999999999998934e-01 7.346590414742067976e-01
6.899999999999999467e-01 7.547261870507853132e-01
7.500000000000000000e-01 7.634279685474526511e-01
8.100000000000000533e-01 7.626183387832227156e-01
8.699999999999998845e-01 7.516707039252231715e-01
9.299999999999999378e-01 7.337080990302662364e-01
9.899999999999999911e-01 7.086282027907281345e-01
1.050000000000000044e+00 6.783821981031357140e-01
1.109999999999999876e+00 6.425532249799877915e-01
1.169999999999999929e+00 6.047129676097101614e-01
1.229999999999999982e+00 5.640217455527808399e-01
1.290000000000000036e+00 5.232330450656506038e-01
1.349999999999999867e+00 4.811233566288399266e-01
1.409999999999999920e+00 4.401411893974329081e-01
1.469999999999999973e+00 3.996866474525625490e-01
1.530000000000000027e+00 3.611959543913297876e-01
1.589999999999999858e+00 3.244450960887860780e-01
1.649999999999999911e+00 2.901824833714647944e-01
1.709999999999999964e+00 2.579641858088286277e-01
1.770000000000000018e+00 2.284267313412836620e-01
1.829999999999999849e+00 2.011891469447994463e-01
1.889999999999999902e+00 1.761953049117968850e-01
1.949999999999999956e+00 1.536491027994633940e-01
2.009999999999999787e+00 1.334990074249530201e-01
2.070000000000000284e+00 1.159635691540704810e-01
2.129999999999999893e+00 9.979580913828658972e-02
2.189999999999999947e+00 8.603682184743556560e-02
2.250000000000000000e+00 7.350854630402130219e-02
2.309999999999999609e+00 6.271489011283876147e-02
2.370000000000000107e+00 5.341991821989350991e-02
2.429999999999999716e+00 4.507787559239469222e-02
2.490000000000000213e+00 3.820235558998349296e-02
2.549999999999999822e+00 3.212019825071241175e-02
2.609999999999999876e+00 2.705579022856414648e-02
2.669999999999999929e+00 2.269484119634954805e-02
2.729999999999999538e+00 1.888871207005314232e-02
2.790000000000000036e+00 1.582813771437706352e-02
2.849999999999999645e+00 1.302994797401090150e-02
2.910000000000000142e+00 1.078223196751547895e-02
2.969999999999999751e+00 8.924057152798196835e-03
3.030000000000000249e+00 7.356082454493256297e-03
3.089999999999999858e+00 6.069118823129321730e-03
3.149999999999999911e+00 4.952276783329356488e-03
3.209999999999999964e+00 4.057213694283464539e-03
3.269999999999999574e+00 3.328422730131117176e-03
3.330000000000000071e+00 2.715364118779925624e-03
3.389999999999999680e+00 2.170975025775344000e-03
3.450000000000000178e+00 1.775721722163668562e-03
3.509999999999999787e+00 1.449882994963845682e-03
3.569999999999999840e+00 1.156205940913709136e-03
3.629999999999999893e+00 9.230027664924859336e-04
3.689999999999999503e+00 7.219612652209488491e-04
3.750000000000000000e+00 6.026277984377820382e-04
3.809999999999999609e+00 4.865229166040037183e-04
3.870000000000000107e+00 3.928939530717375861e-04
3.929999999999999716e+00 3.090749207318441768e-04
3.989999999999999769e+00 2.436339873346254241e-04
4.049999999999999822e+00 1.940876259959296130e-04
4.109999999999999432e+00 1.560896646685138475e-04
4.169999999999999929e+00 1.163532345221919654e-04
4.230000000000000426e+00 9.996195708683662355e-05
4.290000000000000036e+00 7.090469254233897078e-05
4.349999999999999645e+00 5.848705812161496742e-05
4.410000000000000142e+00 4.482766025881742395e-05
4.469999999999999751e+00 3.688037422955284288e-05
4.529999999999999361e+00 3.178914411705612198e-05
4.589999999999999858e+00 2.421438712041348301e-05
4.650000000000000355e+00 1.726051184480781737e-05
4.709999999999999964e+00 1.763304087742930545e-05
4.769999999999999574e+00 1.067916560182353987e-05
4.830000000000000071e+00 9.685754848165535844e-06
4.889999999999999680e+00 5.712111833533436739e-06
4.949999999999999289e+00 5.960464521948022449e-06
5.009999999999999787e+00 3.849466670424707994e-06
5.070000000000000284e+00 2.607703228352259715e-06
5.129999999999999893e+00 2.607703228352221175e-06
5.189999999999999503e+00 1.738468818901506618e-06
5.250000000000000000e+00 1.117587097865254103e-06
5.309999999999999609e+00 9.934107536579892007e-07
5.369999999999999218e+00 1.117587097865254103e-06
5.429999999999999716e+00 7.450580652434917946e-07
5.490000000000000213e+00 1.241763442072504765e-07
5.549999999999999822e+00 4.967053768289946003e-07
5.609999999999999432e+00 3.725290326217514030e-07
5.669999999999999929e+00 1.241763442072486501e-07
5.730000000000000426e+00 1.241763442072504765e-07
5.789999999999999147e+00 1.241763442072504765e-07
5.849999999999999645e+00 1.241763442072486501e-07
5.910000000000000142e+00 2.483526884145009530e-07
5.969999999999999751e+00 1.241763442072486501e-07
