2.999999999999999889e-02 9.628795374297957621e-02
8.999999999999999667e-02 1.619245905257639395e-01
1.499999999999999944e-01 2.416573536889956575e-01
2.099999999999999922e-01 3.236100174072389923e-01
2.700000000000000178e-01 4.034654668012897516e-01
3.299999999999999600e-01 4.797383044085394843e-01
3.900000000000000133e-01 5.499816353116920853e-01
4.499999999999999556e-01 6.114265753257248637e-01
5.100000000000000089e-01 6.628203092859275003e-01
5.700000000000000622e-01 7.041536481426260430e-01
6.299999999999998934e-01 7.347634902029290815e-01
6.899999999999999467e-01 7.542763130151119988e-01
7.500000000000000000e-01 7.624981531251906475e-01
8.100000000000000533e-01 7.618206469760538946e-01
8.699999999999998845e-01 7.516868636514809632e-01
9.299999999999999378e-01 7.332733740391339516e-01
9.899999999999999911e-01 7.082143388653094895e-01
1.050000000000000044e+00 6.782318357099637041e-01
1.109999999999999876e+00 6.428060623846288957e-01
1.169999999999999929e+00 6.042478165303011295e-01
1.229999999999999982e+00 5.641384839258134498e-01
1.290000000000000036e+00 5.231461333179330264e-01
1.349999999999999867e+00 4.809323841611257144e-01
1.409999999999999920e+00 4.399587841816376965e-01
1.469999999999999973e+00 3.999653081088849760e-01
1.530000000000000027e+00 3.614944824028354375e-01
1.589999999999999858e+00 3.245374905428545231e-01
1.649999999999999911e+00 2.898238685674625614e-01
1.709999999999999964e+00 2.580727217020406528e-01
1.770000000000000018e+00 2.281659661183552401e-01
1.829999999999999849e+00 2.014412294261025416e-01
1.889999999999999902e+00 1.762988719234526158e-01
1.949999999999999956e+00 1.539158370271076492e-01
2.009999999999999787e+00 1.337495982770997571e-01
2.070000000000000284e+00 1.159870410756380643e-01
2.129999999999999893e+00 9.992855588382143495e-02
2.189999999999999947e+00 8.585180101350406434e-02
2.250000000000000000e+00 7.372759502314307767e-02
2.309999999999999609e+00 6.284502832626381874e-02
2.370000000000000107e+00 5.318361182561348599e-02
2.429999999999999716e+00 4.529791708681729645e-02
2.490000000000000213e+00 3.818584098972399588e-02
2.549999999999999822e+00 3.223319944440916629e-02
2.609999999999999876e+00 2.703741273395474792e-02
2.669999999999999929e+00 2.255911695636658720e-02
2.729999999999999538e+00 1.890448288831558799e-02
2.790000000000000036e+00 1.578256534882083173e-02
2.849999999999999645e+00 1.313375969133057097e-02
2.910000000000000142e+00 1.084506544009045115e-02
2.969999999999999751e+00 8.928155171716856131e-03
3.030000000000000249e+00 7.379055243106336093e-03
3.089999999999999858e+00 6.091470701241608054e-03
3.149999999999999911e+00 4.976491281683018478e-03
3.209999999999999964e+00 4.062056662501589699e-03
3.269999999999999574e+00 3.273164330119815446e-03
3.330000000000000071e+00 2.695744316649761885e-03
3.389999999999999680e+00 2.179543242242232282e-03
3.450000000000000178e+00 1.786897633082595860e-03
3.509999999999999787e+00 1.435478571121251434e-03
3.569999999999999840e+00 1.146147682651319074e-03
3.629999999999999893e+00 9.352962454745039622e-04
3.689999999999999503e+00 7.572273639011584123e-04
3.750000000000000000e+00 5.953014074355778007e-04
3.809999999999999609e+00 4.996856202588162432e-04
3.870000000000000107e+00 3.956258414872237950e-04
3.929999999999999716e+00 3.144145105604678747e-04
3.989999999999999769e+00 2.476076358837193806e-04
4.049999999999999822e+00 1.883755183729171666e-04
4.109999999999999432e+00 1.611808983836849609e-04
4.169999999999999929e+00 1.262873448815139915e-04
4.230000000000000426e+00 1.026938389547823278e-04
4.290000000000000036e+00 7.164975220907923595e-05
4.349999999999999645e+00 6.345411330821496248e-05
4.410000000000000142e+00 4.991889148708887413e-05
4.469999999999999751e+00 4.110237085130888406e-05
4.529999999999999361e+00 2.955397058190833461e-05
4.589999999999999858e+00 2.272427149785355140e-05
4.650000000000000355e+00 1.726051223061033198e-05
4.709999999999999964e+00 1.390775086207430672e-05
4.769999999999999574e+00 1.130004757543553980e-05
4.830000000000000071e+00 8.940696982762185729e-06
4.889999999999999680e+00 7.326404471985571622e-06
4.949999999999999289e+00 4.967053879312325969e-06
5.009999999999999787e+00 3.601114062501382626e-06
5.070000000000000284e+00 3.228585021553011372e-06
5.129999999999999893e+00 2.731879633621738456e-06
5.189999999999999503e+00 2.483526939656162985e-06
5.250000000000000000e+00 1.241763469828081492e-06
5.309999999999999609e+00 8.692344288796441698e-07
5.369999999999999218e+00 9.934107758624651515e-07
5.429999999999999716e+00 4.967053879312251642e-07
5.490000000000000213e+00 2.483526939656162879e-07
5.549999999999999822e+00 3.725290409484188996e-07
5.609999999999999432e+00 6.208817349140407462e-07
5.669999999999999929e+00 2.483526939656125821e-07
5.730000000000000426e+00 2.483526939656162879e-07
5.789999999999999147e+00 3.725290409484244054e-07
5.849999999999999645e+00 0.000000000000000000e+00
5.910000000000000142e+00 0.000000000000000000e+00
5.969999999999999751e+00 0.000000000000000000e+00
