2.999999999999999889e-02 9.667327078685118702e-02
8.999999999999999667e-02 1.619861783731940952e-01
1.499999999999999944e-01 2.418118236597266713e-01
2.099999999999999922e-01 3.236790522213706667e-01
2.700000000000000178e-01 4.040133238137760818e-01
3.299999999999999600e-01 4.799270417287477275e-01
3.900000000000000133e-01 5.498848896465069469e-01
4.499999999999999556e-01 6.115064070486009307e-01
5.100000000000000089e-01 6.624142378251812735e-01
5.700000000000000622e-01 7.035736046997732585e-01
6.299999999999998934e-01 7.344746396030590319e-01
6.899999999999999467e-01 7.541313823620325874e-01
7.500000000000000000e-01 7.630304800696452450e-01
8.100000000000000533e-01 7.620363242579233365e-01
8.699999999999998845e-01 7.515536056326357350e-01
9.299999999999999378e-01 7.330294753091736171e-01
9.899999999999999911e-01 7.080352607471385173e-01
1.050000000000000044e+00 6.778688530961829439e-01
1.109999999999999876e+00 6.426987596553986881e-01
1.169999999999999929e+00 6.044556742245128511e-01
1.229999999999999982e+00 5.638266645160312507e-01
1.290000000000000036e+00 5.228731820201379943e-01
1.349999999999999867e+00 4.809411899318878914e-01
1.409999999999999920e+00 4.397994560981746126e-01
1.469999999999999973e+00 3.999554892377712445e-01
1.530000000000000027e+00 3.614796973378434086e-01
1.589999999999999858e+00 3.246969257148383803e-01
1.649999999999999911e+00 2.901146830875276361e-01
1.709999999999999964e+00 2.576765933956446375e-01
1.770000000000000018e+00 2.285107987263119422e-01
1.829999999999999849e+00 2.012697373921899513e-01
1.889999999999999902e+00 1.765072358884454684e-01
1.949999999999999956e+00 1.538908741416349091e-01
2.009999999999999787e+00 1.341527958772041895e-01
2.070000000000000284e+00 1.159086832099308767e-01
2.129999999999999893e+00 9.993352070401242959e-02
2.189999999999999947e+00 8.582994405798627380e-02
2.250000000000000000e+00 7.359013016216546521e-02
2.309999999999999609e+00 6.295045263779991407e-02
2.370000000000000107e+00 5.345506012530416851e-02
2.429999999999999716e+00 4.513002965696173707e-02
2.490000000000000213e+00 3.817143568027588779e-02
2.549999999999999822e+00 3.228473190678701754e-02
2.609999999999999876e+00 2.705355505436841598e-02
2.669999999999999929e+00 2.263461566940903544e-02
2.729999999999999538e+00 1.890845610878209501e-02
2.790000000000000036e+00 1.569924266908993837e-02
2.849999999999999645e+00 1.311823735474225601e-02
2.910000000000000142e+00 1.083339262132886581e-02
2.969999999999999751e+00 8.963793582944514990e-03
3.030000000000000249e+00 7.378558372794768484e-03
3.089999999999999858e+00 6.063034182263166497e-03
3.149999999999999911e+00 4.946564671495822137e-03
3.209999999999999964e+00 4.037966360931340842e-03
3.269999999999999574e+00 3.304456695699117992e-03
3.330000000000000071e+00 2.701456368228714097e-03
3.389999999999999680e+00 2.205744402153373470e-03
3.450000000000000178e+00 1.788636061961222526e-03
3.509999999999999787e+00 1.450876405717503896e-03
3.569999999999999840e+00 1.167381811892361822e-03
3.629999999999999893e+00 9.294599363912628073e-04
3.689999999999999503e+00 7.648021039724499804e-04
3.750000000000000000e+00 6.093333210249735196e-04
3.809999999999999609e+00 4.832943316546152272e-04
3.870000000000000107e+00 3.846983143540591088e-04
3.929999999999999716e+00 3.125518583696471129e-04
3.989999999999999769e+00 2.558032690669359717e-04
4.049999999999999822e+00 1.976887399779398259e-04
4.109999999999999432e+00 1.570830754221718448e-04
4.169999999999999929e+00 1.152356474243267320e-04
4.230000000000000426e+00 9.623666676061912032e-05
4.290000000000000036e+00 8.034209470208987687e-05
4.349999999999999645e+00 6.221234844783248420e-05
4.410000000000000142e+00 5.053977209235094200e-05
4.469999999999999751e+00 3.750125595058908439e-05
4.529999999999999361e+00 3.278255487071412601e-05
4.589999999999999858e+00 2.309680002254824288e-05
4.650000000000000355e+00 2.123415485943983008e-05
4.709999999999999964e+00 1.328686883017560307e-05
4.769999999999999574e+00 1.229345807651779556e-05
4.830000000000000071e+00 7.823109685056779146e-06
4.889999999999999680e+00 6.084640866155183166e-06
4.949999999999999289e+00 4.967053768290019272e-06
5.009999999999999787e+00 4.097819358839204765e-06
5.070000000000000284e+00 3.228584949388512230e-06
5.129999999999999893e+00 2.235174195730475172e-06
5.189999999999999503e+00 1.862645163108756909e-06
5.250000000000000000e+00 1.490116130487005612e-06
5.309999999999999609e+00 1.241763442072486395e-06
5.369999999999999218e+00 9.934107536580038120e-07
5.429999999999999716e+00 3.725290326217458973e-07
5.490000000000000213e+00 1.117587097865254103e-06
5.549999999999999822e+00 6.208817210362431975e-07
5.609999999999999432e+00 6.208817210362524090e-07
5.669999999999999929e+00 0.000000000000000000e+00
5.730000000000000426e+00 1.241763442072504765e-07
5.789999999999999147e+00 2.483526884145009530e-07
5.849999999999999645e+00 2.483526884144973002e-07
5.910000000000000142e+00 1.241763442072504765e-07
5.969999999999999751e+00 1.241763442072486501e-07
