2.999999999999999889e-02 9.644640132456623605e-02
8.999999999999999667e-02 1.622988556171286734e-01
1.499999999999999944e-01 2.418940302018428579e-01
2.099999999999999922e-01 3.232312747324200264e-01
2.700000000000000178e-01 4.033039073641683792e-01
3.299999999999999600e-01 4.799264244227572362e-01
3.900000000000000133e-01 5.496385278747260017e-01
4.499999999999999556e-01 6.111761025266265746e-01
5.100000000000000089e-01 6.624563385415519479e-01
5.700000000000000622e-01 7.036114837270706079e-01
6.299999999999998934e-01 7.351507852745676752e-01
6.899999999999999467e-01 7.540520392962097862e-01
7.500000000000000000e-01 7.626555973687105805e-01
8.100000000000000533e-01 7.620723410756248262e-01
8.699999999999998845e-01 7.521017256195611234e-01
9.299999999999999378e-01 7.337750355468440899e-01
9.899999999999999911e-01 7.082708285491284839e-01
1.050000000000000044e+00 6.779181561557171554e-01
1.109999999999999876e+00 6.430433538016201434e-01
1.169999999999999929e+00 6.045565099203060733e-01
1.229999999999999982e+00 5.641995702812999669e-01
1.290000000000000036e+00 5.223900157569365543e-01
1.349999999999999867e+00 4.809866420574975265e-01
1.409999999999999920e+00 4.397394822002369530e-01
1.469999999999999973e+00 3.999938627083178266e-01
1.530000000000000027e+00 3.615683619415016037e-01
1.589999999999999858e+00 3.248175033651426458e-01
1.649999999999999911e+00 2.903051717624836048e-01
1.709999999999999964e+00 2.578578927793782616e-01
1.770000000000000018e+00 2.281993661552579600e-01
1.829999999999999849e+00 2.008438140279621420e-01
1.889999999999999902e+00 1.761498576822357609e-01
1.949999999999999956e+00 1.539972944159898049e-01
2.009999999999999787e+00 1.338789880357033890e-01
2.070000000000000284e+00 1.158740388732259347e-01
2.129999999999999893e+00 9.990881035589382897e-02
2.189999999999999947e+00 8.588011194090271194e-02
2.250000000000000000e+00 7.366178046159610471e-02
2.309999999999999609e+00 6.283521745853444529e-02
2.370000000000000107e+00 5.340489328014189768e-02
2.429999999999999716e+00 4.523446229946304770e-02
2.490000000000000213e+00 3.815554139249829890e-02
2.549999999999999822e+00 3.225418476642443605e-02
2.609999999999999876e+00 2.712818523935770637e-02
2.669999999999999929e+00 2.268018855671366865e-02
2.729999999999999538e+00 1.895676084791759336e-02
2.790000000000000036e+00 1.565255248028861804e-02
2.849999999999999645e+00 1.300300180419784388e-02
2.910000000000000142e+00 1.086307084853058331e-02
2.969999999999999751e+00 8.977453047694551255e-03
3.030000000000000249e+00 7.358690212548123395e-03
3.089999999999999858e+00 6.034846197091228714e-03
3.149999999999999911e+00 4.961093340731097603e-03
3.209999999999999964e+00 4.043678502892627917e-03
3.269999999999999574e+00 3.316998531177615169e-03
3.330000000000000071e+00 2.666811188064183418e-03
3.389999999999999680e+00 2.205123536861788337e-03
3.450000000000000178e+00 1.794969068889354065e-03
3.509999999999999787e+00 1.438955487394661748e-03
3.569999999999999840e+00 1.174459872262583002e-03
3.629999999999999893e+00 9.474655133604823615e-04
3.689999999999999503e+00 7.575998816529885393e-04
3.750000000000000000e+00 6.165355535825418724e-04
3.809999999999999609e+00 4.796932212465980852e-04
3.870000000000000107e+00 4.013379474680313147e-04
3.929999999999999716e+00 3.131727424240021750e-04
3.989999999999999769e+00 2.466142214330186030e-04
4.049999999999999822e+00 1.974403887605708885e-04
4.109999999999999432e+00 1.577039583181941726e-04
4.169999999999999929e+00 1.244246978226993779e-04
4.230000000000000426e+00 9.996195783161125397e-05
4.290000000000000036e+00 7.537504149538774910e-05
4.349999999999999645e+00 6.332993601754253012e-05
4.410000000000000142e+00 4.706283480519337444e-05
4.469999999999999751e+00 3.948807775211417363e-05
4.529999999999999361e+00 2.644956151320894316e-05
4.589999999999999858e+00 2.024074425658682660e-05
4.650000000000000355e+00 1.626710121234916246e-05
4.709999999999999964e+00 1.490116141589214090e-05
4.769999999999999574e+00 1.080334202652196220e-05
4.830000000000000071e+00 8.940696849535415997e-06
4.889999999999999680e+00 7.078051672548767307e-06
4.949999999999999289e+00 5.215406495562326140e-06
5.009999999999999787e+00 3.849466699105469746e-06
5.070000000000000284e+00 2.235174212383853999e-06
5.129999999999999893e+00 2.483526902648690432e-06
5.189999999999999503e+00 1.738468831854108713e-06
5.250000000000000000e+00 1.490116141589236282e-06
5.309999999999999609e+00 7.450580707946071295e-07
5.369999999999999218e+00 1.117587106191927000e-06
5.429999999999999716e+00 2.483526902648690432e-07
5.490000000000000213e+00 2.483526902648726960e-07
5.549999999999999822e+00 7.450580707946071295e-07
5.609999999999999432e+00 3.725290353973090705e-07
5.669999999999999929e+00 2.483526902648690432e-07
5.730000000000000426e+00 0.000000000000000000e+00
5.789999999999999147e+00 1.241763451324363480e-07
5.849999999999999645e+00 3.725290353973035648e-07
5.910000000000000142e+00 1.241763451324363480e-07
5.969999999999999751e+00 0.000000000000000000e+00
