2.999999999999999889e-02 9.605065131262915945e-02
8.999999999999999667e-02 1.616328978781833847e-01
1.499999999999999944e-01 2.413005914484549486e-01
2.099999999999999922e-01 3.232083021085704888e-01
2.700000000000000178e-01 4.036136031689286918e-01
3.299999999999999600e-01 4.794956566814927990e-01
3.900000000000000133e-01 5.493047418590100150e-01
4.499999999999999556e-01 6.113023898696262615e-01
5.100000000000000089e-01 6.628679831256659716e-01
5.700000000000000622e-01 7.045488909564753266e-01
6.299999999999998934e-01 7.346879800362590140e-01
6.899999999999999467e-01 7.545371962766421747e-01
7.500000000000000000e-01 7.632357492531692822e-01
8.100000000000000533e-01 7.620175793074214221e-01
8.699999999999998845e-01 7.519479953042872422e-01
9.299999999999999378e-01 7.334071010362166465e-01
9.899999999999999911e-01 7.086712972621805884e-01
1.050000000000000044e+00 6.778044106235757704e-01
1.109999999999999876e+00 6.429298566221691713e-01
1.169999999999999929e+00 6.045101921435717118e-01
1.229999999999999982e+00 5.641985768705388704e-01
1.290000000000000036e+00 5.235385227730664504e-01
1.349999999999999867e+00 4.812928609245941125e-01
1.409999999999999920e+00 4.399083620296170838e-01
1.469999999999999973e+00 3.997299879749114382e-01
1.530000000000000027e+00 3.612858607563253499e-01
1.589999999999999858e+00 3.250273613884164248e-01
1.649999999999999911e+00 2.897571815514141669e-01
1.709999999999999964e+00 2.580689925661034390e-01
1.770000000000000018e+00 2.284108384710184791e-01
1.829999999999999849e+00 2.011526405983065091e-01
1.889999999999999902e+00 1.763518925957661965e-01
1.949999999999999956e+00 1.536302291397783071e-01
2.009999999999999787e+00 1.338552703537831123e-01
2.070000000000000284e+00 1.158002781242172680e-01
2.129999999999999893e+00 9.989440589985848495e-02
2.189999999999999947e+00 8.599162229883162978e-02
2.250000000000000000e+00 7.351587325606548373e-02
2.309999999999999609e+00 6.270396306172947021e-02
2.370000000000000107e+00 5.333324352900048471e-02
2.429999999999999716e+00 4.530263511294075479e-02
2.490000000000000213e+00 3.819440858852475584e-02
2.549999999999999822e+00 3.217036573346004208e-02
2.609999999999999876e+00 2.698898355646424732e-02
2.669999999999999929e+00 2.259773546354573379e-02
2.729999999999999538e+00 1.878862607660827799e-02
2.790000000000000036e+00 1.568496250636818370e-02
2.849999999999999645e+00 1.308694501350736970e-02
2.910000000000000142e+00 1.083711799239790545e-02
2.969999999999999751e+00 8.911142879393830693e-03
3.030000000000000249e+00 7.405256341972786711e-03
3.089999999999999858e+00 6.034597844400965000e-03
3.149999999999999911e+00 4.944950415863879831e-03
3.209999999999999964e+00 4.050880730910308598e-03
3.269999999999999574e+00 3.295888552505100988e-03
3.330000000000000071e+00 2.701208035665867476e-03
3.389999999999999680e+00 2.187242143162717624e-03
3.450000000000000178e+00 1.781061318234521433e-03
3.509999999999999787e+00 1.426165323846020818e-03
3.569999999999999840e+00 1.150245484961757861e-03
3.629999999999999893e+00 9.434918703162443890e-04
3.689999999999999503e+00 7.410844277503746526e-04
3.750000000000000000e+00 5.912035791755250284e-04
3.809999999999999609e+00 4.798173975917304846e-04
3.870000000000000107e+00 3.787378526539280157e-04
3.929999999999999716e+00 3.087023939992344966e-04
3.989999999999999769e+00 2.469867504684159095e-04
4.049999999999999822e+00 1.868853994243139334e-04
4.109999999999999432e+00 1.528610808580291335e-04
4.169999999999999929e+00 1.147389429023694895e-04
4.230000000000000426e+00 1.019487793537302402e-04
4.290000000000000036e+00 7.351239631840123000e-05
4.349999999999999645e+00 6.643434464585343594e-05
4.410000000000000142e+00 4.706283480519337444e-05
4.469999999999999751e+00 4.122654658396825947e-05
4.529999999999999361e+00 2.856055938046036263e-05
4.589999999999999858e+00 2.160668405304360252e-05
4.650000000000000355e+00 1.788139369907083199e-05
4.709999999999999964e+00 1.328686892917049169e-05
4.769999999999999574e+00 1.142422375218414370e-05
4.830000000000000071e+00 7.823109743343489633e-06
4.889999999999999680e+00 5.836288221224422091e-06
4.949999999999999289e+00 5.587935530959635210e-06
5.009999999999999787e+00 3.352761318575731659e-06
5.070000000000000284e+00 2.980232283178472564e-06
5.129999999999999893e+00 2.235174212383820965e-06
5.189999999999999503e+00 2.607703247781163070e-06
5.250000000000000000e+00 1.117587106191927000e-06
5.309999999999999609e+00 7.450580707946071295e-07
5.369999999999999218e+00 4.967053805297453920e-07
5.429999999999999716e+00 8.692344159270415452e-07
5.490000000000000213e+00 7.450580707946181409e-07
5.549999999999999822e+00 4.967053805297380863e-07
5.609999999999999432e+00 2.483526902648726960e-07
5.669999999999999929e+00 2.483526902648690432e-07
5.730000000000000426e+00 0.000000000000000000e+00
5.789999999999999147e+00 1.241763451324363480e-07
5.849999999999999645e+00 0.000000000000000000e+00
5.910000000000000142e+00 1.241763451324363480e-07
5.969999999999999751e+00 1.241763451324345216e-07
