2.999999999999999889e-02 9.622238934868534987e-02
8.999999999999999667e-02 1.619986008355493723e-01
1.499999999999999944e-01 2.415833463861301600e-01
2.099999999999999922e-01 3.233504912511939167e-01
2.700000000000000178e-01 4.035841823959418484e-01
3.299999999999999600e-01 4.798102060883072673e-01
3.900000000000000133e-01 5.497958715929043283e-01
4.499999999999999556e-01 6.113879610370085427e-01
5.100000000000000089e-01 6.627566117578470584e-01
5.700000000000000622e-01 7.039841526740853173e-01
6.299999999999998934e-01 7.347651099698665478e-01
6.899999999999999467e-01 7.542307459152264304e-01
7.500000000000000000e-01 7.623918638524356250e-01
8.100000000000000533e-01 7.616278067837591870e-01
8.699999999999998845e-01 7.524133008872464501e-01
9.299999999999999378e-01 7.331788813016885120e-01
9.899999999999999911e-01 7.085343465904766491e-01
1.050000000000000044e+00 6.778010730122919769e-01
1.109999999999999876e+00 6.431218476266374884e-01
1.169999999999999929e+00 6.045881884019141950e-01
1.229999999999999982e+00 5.641798388528261876e-01
1.290000000000000036e+00 5.231893505847475812e-01
1.349999999999999867e+00 4.813086420785125386e-01
1.409999999999999920e+00 4.397345249752643292e-01
1.469999999999999973e+00 3.998521864359146916e-01
1.530000000000000027e+00 3.611683980065729105e-01
1.589999999999999858e+00 3.245536358860753312e-01
1.649999999999999911e+00 2.901027708042200892e-01
1.709999999999999964e+00 2.582166440120576834e-01
1.770000000000000018e+00 2.283843940142943618e-01
1.829999999999999849e+00 2.009019330479923093e-01
1.889999999999999902e+00 1.762033816254403584e-01
1.949999999999999956e+00 1.538419532468647821e-01
2.009999999999999787e+00 1.337774147755433629e-01
2.070000000000000284e+00 1.160737170306486848e-01
2.129999999999999893e+00 1.000226823000614773e-01
2.189999999999999947e+00 8.580287617207410511e-02
2.250000000000000000e+00 7.353574311493862870e-02
2.309999999999999609e+00 6.277536586331940172e-02
2.370000000000000107e+00 5.345766942169522667e-02
2.429999999999999716e+00 4.530114600935870178e-02
2.490000000000000213e+00 3.827214383602674935e-02
2.549999999999999822e+00 3.224524479031230101e-02
2.609999999999999876e+00 2.703008653087260460e-02
2.669999999999999929e+00 2.259897773212357977e-02
2.729999999999999538e+00 1.893465788170660760e-02
2.790000000000000036e+00 1.565255283015044158e-02
2.849999999999999645e+00 1.305205175226125010e-02
2.910000000000000142e+00 1.081489066835084577e-02
2.969999999999999751e+00 8.961558675824047443e-03
3.030000000000000249e+00 7.354965086590433375e-03
3.089999999999999858e+00 6.013488000140383358e-03
3.149999999999999911e+00 4.948675816829378911e-03
3.209999999999999964e+00 4.049390705279655792e-03
3.269999999999999574e+00 3.310044729835464900e-03
3.330000000000000071e+00 2.679228882462860242e-03
3.389999999999999680e+00 2.196803770840306726e-03
3.450000000000000178e+00 1.771375602907522030e-03
3.509999999999999787e+00 1.475090836799050490e-03
3.569999999999999840e+00 1.148755394496852938e-03
3.629999999999999893e+00 9.428710096653918245e-04
3.689999999999999503e+00 7.512669048433584431e-04
3.750000000000000000e+00 5.944321774355630856e-04
3.809999999999999609e+00 4.727393564857298395e-04
3.870000000000000107e+00 3.865609710375826299e-04
3.929999999999999716e+00 3.136694548155906609e-04
3.989999999999999769e+00 2.471109323369081816e-04
4.049999999999999822e+00 1.984338039569715547e-04
4.109999999999999432e+00 1.542270241017286144e-04
4.169999999999999929e+00 1.256664640828881118e-04
4.230000000000000426e+00 9.474655345379946335e-05
4.290000000000000036e+00 7.674098300713918955e-05
4.349999999999999645e+00 6.047388143119310461e-05
4.410000000000000142e+00 5.178153707763352411e-05
4.469999999999999751e+00 3.787378611193762475e-05
4.529999999999999361e+00 2.967814715001058009e-05
4.589999999999999858e+00 2.508362227741442875e-05
4.650000000000000355e+00 1.837809949038312138e-05
4.709999999999999964e+00 1.403192731360312107e-05
4.769999999999999574e+00 1.018246052845551260e-05
4.830000000000000071e+00 9.809931484731529999e-06
4.889999999999999680e+00 7.698933570295518473e-06
4.949999999999999289e+00 4.842877568411767899e-06
5.009999999999999787e+00 3.228585045607797550e-06
5.070000000000000284e+00 3.601114089331827586e-06
5.129999999999999893e+00 2.110997914435867531e-06
5.189999999999999503e+00 2.483526958159881050e-06
5.250000000000000000e+00 1.117587131171946324e-06
5.309999999999999609e+00 1.365939826987914397e-06
5.369999999999999218e+00 8.692344353559583463e-07
5.429999999999999716e+00 3.725290437239766730e-07
5.490000000000000213e+00 2.483526958159880838e-07
5.549999999999999822e+00 8.692344353559455350e-07
5.609999999999999432e+00 2.483526958159880838e-07
5.669999999999999929e+00 1.241763479079922155e-07
5.730000000000000426e+00 0.000000000000000000e+00
5.789999999999999147e+00 1.241763479079940419e-07
5.849999999999999645e+00 0.000000000000000000e+00
5.910000000000000142e+00 2.483526958159880838e-07
5.969999999999999751e+00 1.241763479079922155e-07
