2.999999999999999889e-02 9.616973499457041885e-02
8.999999999999999667e-02 1.617717246214548932e-01
1.499999999999999944e-01 2.414230257272720337e-01
2.099999999999999922e-01 3.231440981229146692e-01
2.700000000000000178e-01 4.032709946235021325e-01
3.299999999999999600e-01 4.802307734886805402e-01
3.900000000000000133e-01 5.495491127173106616e-01
4.499999999999999556e-01 6.117034703493118286e-01
5.100000000000000089e-01 6.624057888984674625e-01
5.700000000000000622e-01 7.044166326522833810e-01
6.299999999999998934e-01 7.345845301946011263e-01
6.899999999999999467e-01 7.534044484297427458e-01
7.500000000000000000e-01 7.633175700902932181e-01
8.100000000000000533e-01 7.616565873225537020e-01
8.699999999999998845e-01 7.519360631704338216e-01
9.299999999999999378e-01 7.336461295684172379e-01
9.899999999999999911e-01 7.089613626400623758e-01
1.050000000000000044e+00 6.780243168274555643e-01
1.109999999999999876e+00 6.430065880219160146e-01
1.169999999999999929e+00 6.044485916694000149e-01
1.229999999999999982e+00 5.642133454481755850e-01
1.290000000000000036e+00 5.230834086736058097e-01
1.349999999999999867e+00 4.813189307848608212e-01
1.409999999999999920e+00 4.399981349706645894e-01
1.469999999999999973e+00 4.001217583815253054e-01
1.530000000000000027e+00 3.614830474058783882e-01
1.589999999999999858e+00 3.242750962575285945e-01
1.649999999999999911e+00 2.901352941989895906e-01
1.709999999999999964e+00 2.579215914010999366e-01
1.770000000000000018e+00 2.283370743195222152e-01
1.829999999999999849e+00 2.013338108857470887e-01
1.889999999999999902e+00 1.765691985686618504e-01
1.949999999999999956e+00 1.539586732784905543e-01
2.009999999999999787e+00 1.336769511302310920e-01
2.070000000000000284e+00 1.157674938440321905e-01
2.129999999999999893e+00 9.977258741855613011e-02
2.189999999999999947e+00 8.580970267454839095e-02
2.250000000000000000e+00 7.356628775596611713e-02
2.309999999999999609e+00 6.274928649266554859e-02
2.370000000000000107e+00 5.338527262210841090e-02
2.429999999999999716e+00 4.536857207616166315e-02
2.490000000000000213e+00 3.812983632087704050e-02
2.549999999999999822e+00 3.217011690139767732e-02
2.609999999999999876e+00 2.697110176086443475e-02
2.669999999999999929e+00 2.248187859853106874e-02
2.729999999999999538e+00 1.890758673350014657e-02
2.790000000000000036e+00 1.574258009592690785e-02
2.849999999999999645e+00 1.308346788088479533e-02
2.910000000000000142e+00 1.072461406389871308e-02
2.969999999999999751e+00 8.921697735786429315e-03
3.030000000000000249e+00 7.399544119834892963e-03
3.089999999999999858e+00 6.049126386642450851e-03
3.149999999999999911e+00 4.936009645462068225e-03
3.209999999999999964e+00 4.063049952189124424e-03
3.269999999999999574e+00 3.284588456153866593e-03
3.330000000000000071e+00 2.657125393549598924e-03
3.389999999999999680e+00 2.162406841913857170e-03
3.450000000000000178e+00 1.764794190724689165e-03
3.509999999999999787e+00 1.433119177818297039e-03
3.569999999999999840e+00 1.146768530209866729e-03
3.629999999999999893e+00 9.582688411076855295e-04
3.689999999999999503e+00 7.661680380503329722e-04
3.750000000000000000e+00 6.156663099924717525e-04
3.809999999999999609e+00 4.777063926060990491e-04
3.870000000000000107e+00 3.957500060399369939e-04
3.929999999999999716e+00 3.096958001454668333e-04
3.989999999999999769e+00 2.489735682805395314e-04
4.049999999999999822e+00 2.021590868631982073e-04
4.109999999999999432e+00 1.575797796249399948e-04
4.169999999999999929e+00 1.256664594014475196e-04
4.230000000000000426e+00 1.012037197748826537e-04
4.290000000000000036e+00 7.624427477518654203e-05
4.349999999999999645e+00 5.873541037241656237e-05
4.410000000000000142e+00 5.004306634267203976e-05
4.469999999999999751e+00 4.035731156667039912e-05
4.529999999999999361e+00 2.769132455190040969e-05
4.589999999999999858e+00 2.769132455189999973e-05
4.650000000000000355e+00 1.738468805948904523e-05
4.709999999999999964e+00 1.514951388041165793e-05
4.769999999999999574e+00 1.092751820882168630e-05
4.830000000000000071e+00 8.940696716308651348e-06
4.889999999999999680e+00 5.960464477539013372e-06
4.949999999999999289e+00 5.463759104410843149e-06
5.009999999999999787e+00 4.097819328308071587e-06
5.070000000000000284e+00 2.483526865641292418e-06
5.129999999999999893e+00 3.104408582051569359e-06
5.189999999999999503e+00 1.365939776102710787e-06
5.250000000000000000e+00 1.365939776102710787e-06
5.309999999999999609e+00 1.365939776102690459e-06
5.369999999999999218e+00 7.450580596923876829e-07
5.429999999999999716e+00 7.450580596923766715e-07
5.490000000000000213e+00 4.967053731282584200e-07
5.549999999999999822e+00 2.483526865641255572e-07
5.609999999999999432e+00 3.725290298461938415e-07
5.669999999999999929e+00 0.000000000000000000e+00
5.730000000000000426e+00 2.483526865641292100e-07
5.789999999999999147e+00 1.241763432820646050e-07
5.849999999999999645e+00 0.000000000000000000e+00
5.910000000000000142e+00 0.000000000000000000e+00
5.969999999999999751e+00 0.000000000000000000e+00
