2.999999999999999889e-02 9.615495872613011308e-02
8.999999999999999667e-02 1.617527268460844658e-01
1.499999999999999944e-01 2.417217958101763875e-01
2.099999999999999922e-01 3.229595744830338067e-01
2.700000000000000178e-01 4.038099229619646069e-01
3.299999999999999600e-01 4.800931896772970275e-01
3.900000000000000133e-01 5.494469196804880884e-01
4.499999999999999556e-01 6.110878085922784031e-01
5.100000000000000089e-01 6.625977704619195885e-01
5.700000000000000622e-01 7.046000463609904951e-01
6.299999999999998934e-01 7.343011652502015041e-01
6.899999999999999467e-01 7.538605537553165759e-01
7.500000000000000000e-01 7.630786604911975468e-01
8.100000000000000533e-01 7.615567552165949383e-01
8.699999999999998845e-01 7.523829794355959555e-01
9.299999999999999378e-01 7.337708080840908975e-01
9.899999999999999911e-01 7.091154707653973821e-01
1.050000000000000044e+00 6.777541141541354452e-01
1.109999999999999876e+00 6.425408073455670666e-01
1.169999999999999929e+00 6.049272959798119853e-01
1.229999999999999982e+00 5.650170189516018349e-01
1.290000000000000036e+00 5.231728195387101987e-01
1.349999999999999867e+00 4.811096972309770736e-01
1.409999999999999920e+00 4.394588403860140713e-01
1.469999999999999973e+00 3.999446858958252138e-01
1.530000000000000027e+00 3.611091551267289201e-01
1.589999999999999858e+00 3.243313505574922373e-01
1.649999999999999911e+00 2.898309401410140151e-01
1.709999999999999964e+00 2.580429136110560795e-01
1.770000000000000018e+00 2.283461408938931292e-01
1.829999999999999849e+00 2.012646461620774541e-01
1.889999999999999902e+00 1.763042075656666152e-01
1.949999999999999956e+00 1.536758007134679804e-01
2.009999999999999787e+00 1.337000489262245573e-01
2.070000000000000284e+00 1.157858728055099068e-01
2.129999999999999893e+00 9.995090539220144454e-02
2.189999999999999947e+00 8.592096531829020167e-02
2.250000000000000000e+00 7.366848543536025362e-02
2.309999999999999609e+00 6.256749279226475613e-02
2.370000000000000107e+00 5.335137287789110810e-02
2.429999999999999716e+00 4.521322780758060128e-02
2.490000000000000213e+00 3.812462119850975467e-02
2.549999999999999822e+00 3.227132086161263458e-02
2.609999999999999876e+00 2.710533658990283909e-02
2.669999999999999929e+00 2.266963339847547984e-02
2.729999999999999538e+00 1.887964719692601656e-02
2.790000000000000036e+00 1.575934401968625068e-02
2.849999999999999645e+00 1.302994797401090150e-02
2.910000000000000142e+00 1.082892227293740482e-02
2.969999999999999751e+00 8.983661798017676670e-03
3.030000000000000249e+00 7.397184824425855933e-03
3.089999999999999858e+00 6.039440676863789062e-03
3.149999999999999911e+00 4.951159196231491241e-03
3.209999999999999964e+00 4.080062141617598476e-03
3.269999999999999574e+00 3.310168807532651476e-03
3.330000000000000071e+00 2.676869452075678665e-03
3.389999999999999680e+00 2.203509227957642976e-03
3.450000000000000178e+00 1.787394298519150030e-03
3.509999999999999787e+00 1.440445592804094925e-03
3.569999999999999840e+00 1.166388401138703608e-03
3.629999999999999893e+00 9.422500998446096303e-04
3.689999999999999503e+00 7.718801555922632108e-04
3.750000000000000000e+00 6.174047833984448556e-04
3.809999999999999609e+00 4.789481596073615435e-04
3.870000000000000107e+00 3.882994283360693489e-04
3.929999999999999716e+00 3.090749207318441768e-04
3.989999999999999769e+00 2.472351013166356913e-04
4.049999999999999822e+00 1.963228001916600797e-04
4.109999999999999432e+00 1.570830754221718448e-04
4.169999999999999929e+00 1.228104044209689068e-04
4.230000000000000426e+00 9.226302374598710423e-05
4.290000000000000036e+00 7.500251190117816877e-05
4.349999999999999645e+00 6.022552694051647615e-05
4.410000000000000142e+00 4.482766025881742395e-05
4.469999999999999751e+00 4.259248606308628640e-05
4.529999999999999361e+00 2.955396992132561124e-05
4.589999999999999858e+00 2.433856346462073266e-05
4.650000000000000355e+00 2.061327313840357841e-05
4.709999999999999964e+00 1.241763442072486395e-05
4.769999999999999574e+00 1.154840001127429254e-05
4.830000000000000071e+00 8.816520438714783170e-06
4.889999999999999680e+00 6.581346242984177555e-06
4.949999999999999289e+00 5.587935489326270940e-06
5.009999999999999787e+00 3.104408605181215987e-06
5.070000000000000284e+00 2.235174195730508206e-06
5.129999999999999893e+00 3.725290326217458761e-06
5.189999999999999503e+00 1.614292474694256115e-06
5.250000000000000000e+00 1.241763442072504818e-06
5.309999999999999609e+00 1.241763442072486395e-06
5.369999999999999218e+00 1.117587097865254103e-06
5.429999999999999716e+00 2.483526884144973002e-07
5.490000000000000213e+00 6.208817210362524090e-07
5.549999999999999822e+00 2.483526884144973002e-07
5.609999999999999432e+00 0.000000000000000000e+00
5.669999999999999929e+00 2.483526884144973002e-07
5.730000000000000426e+00 2.483526884145009530e-07
5.789999999999999147e+00 0.000000000000000000e+00
5.849999999999999645e+00 0.000000000000000000e+00
5.910000000000000142e+00 1.241763442072504765e-07
5.969999999999999751e+00 0.000000000000000000e+00
