2.999999999999999889e-02 9.617768228054046631e-02
8.999999999999999667e-02 1.617071529229482107e-01
1.499999999999999944e-01 2.415386339028676443e-01
2.099999999999999922e-01 3.233784188826879236e-01
2.700000000000000178e-01 4.041325300931930542e-01
3.299999999999999600e-01 4.801496863365173340e-01
3.900000000000000133e-01 5.496925363938014453e-01
4.499999999999999556e-01 6.107829511165618896e-01
5.100000000000000089e-01 6.625854720671965348e-01
5.700000000000000622e-01 7.038118938604996933e-01
6.299999999999998934e-01 7.342766970396048531e-01
6.899999999999999467e-01 7.541948308547331559e-01
7.500000000000000000e-01 7.631006340185794157e-01
8.100000000000000533e-01 7.620319724082954549e-01
8.699999999999998845e-01 7.524521400531140047e-01
9.299999999999999378e-01 7.330659776926033988e-01
9.899999999999999911e-01 7.083008686701450785e-01
1.050000000000000044e+00 6.783911337455107438e-01
1.109999999999999876e+00 6.427915145953514431e-01
1.169999999999999929e+00 6.045233458280557803e-01
1.229999999999999982e+00 5.640039841334020254e-01
1.290000000000000036e+00 5.231145769357695707e-01
1.349999999999999867e+00 4.814429829517996029e-01
1.409999999999999920e+00 4.399002840121583047e-01
1.469999999999999973e+00 3.998324275016781337e-01
1.530000000000000027e+00 3.612808883190151699e-01
1.589999999999999858e+00 3.248391052087157282e-01
1.649999999999999911e+00 2.900097519159314241e-01
1.709999999999999964e+00 2.579825619856514485e-01
1.770000000000000018e+00 2.282427002986278652e-01
1.829999999999999849e+00 2.011564870675403016e-01
1.889999999999999902e+00 1.764976729949313816e-01
1.949999999999999956e+00 1.538892587025958991e-01
2.009999999999999787e+00 1.338317990303038441e-01
2.070000000000000284e+00 1.161509503920871988e-01
2.129999999999999893e+00 9.980934361616761175e-02
2.189999999999999947e+00 8.578685422738449584e-02
2.250000000000000000e+00 7.348582148551933979e-02
2.309999999999999609e+00 6.271153688430780582e-02
2.370000000000000107e+00 5.326159298419947535e-02
2.429999999999999716e+00 4.520180324713385378e-02
2.490000000000000213e+00 3.816944857438402117e-02
2.549999999999999822e+00 3.217843671639757791e-02
2.609999999999999876e+00 2.699159085750597528e-02
2.669999999999999929e+00 2.268900473912555116e-02
2.729999999999999538e+00 1.887815694014229745e-02
2.790000000000000036e+00 1.578467587629952748e-02
2.849999999999999645e+00 1.300113896528878703e-02
2.910000000000000142e+00 1.084407170613605788e-02
2.969999999999999751e+00 8.934115370114636273e-03
3.030000000000000249e+00 7.371728618939711250e-03
3.089999999999999858e+00 6.080915530522658895e-03
3.149999999999999911e+00 4.928683241208426172e-03
3.209999999999999964e+00 4.056220253308610336e-03
3.269999999999999574e+00 3.325194120407101456e-03
3.330000000000000071e+00 2.659484744071958281e-03
3.389999999999999680e+00 2.184634407361346446e-03
3.450000000000000178e+00 1.781930526097613970e-03
3.509999999999999787e+00 1.444170872370400789e-03
3.569999999999999840e+00 1.160427927970893820e-03
3.629999999999999893e+00 9.398907423019400506e-04
3.689999999999999503e+00 7.667889197667432551e-04
3.750000000000000000e+00 6.061047315597528759e-04
3.809999999999999609e+00 4.948427279790238538e-04
3.870000000000000107e+00 3.947565952936804654e-04
3.929999999999999716e+00 3.018726905186968137e-04
3.989999999999999769e+00 2.544373273849504110e-04
4.049999999999999822e+00 1.973162094751977462e-04
4.109999999999999432e+00 1.509984334309905682e-04
4.169999999999999929e+00 1.220653454462677055e-04
4.230000000000000426e+00 9.648501873016419763e-05
4.290000000000000036e+00 7.972121238708429686e-05
4.349999999999999645e+00 6.295740604400675423e-05
4.410000000000000142e+00 4.942218462626171623e-05
4.469999999999999751e+00 3.737707932790089498e-05
4.529999999999999361e+00 2.793967723846453843e-05
4.589999999999999858e+00 2.421438694000224151e-05
4.650000000000000355e+00 1.502533753712981718e-05
4.709999999999999964e+00 1.279016335805246545e-05
4.769999999999999574e+00 1.105169455210375067e-05
4.830000000000000071e+00 7.078051567077682459e-06
4.889999999999999680e+00 6.705522537231389408e-06
4.949999999999999289e+00 5.587935447692907516e-06
5.009999999999999787e+00 4.221995671590134260e-06
5.070000000000000284e+00 3.352761268615744679e-06
5.129999999999999893e+00 2.607703208923318244e-06
5.189999999999999503e+00 1.614292462666839944e-06
5.250000000000000000e+00 1.862645149230969101e-06
5.309999999999999609e+00 1.738468805948878900e-06
5.369999999999999218e+00 8.692344029744522615e-07
5.429999999999999716e+00 4.967053731282511143e-07
5.490000000000000213e+00 4.967053731282584200e-07
5.549999999999999822e+00 3.725290298461883358e-07
5.609999999999999432e+00 1.241763432820646050e-07
5.669999999999999929e+00 4.967053731282511143e-07
5.730000000000000426e+00 1.241763432820646050e-07
5.789999999999999147e+00 1.241763432820646050e-07
5.849999999999999645e+00 0.000000000000000000e+00
5.910000000000000142e+00 2.483526865641292100e-07
5.969999999999999751e+00 0.000000000000000000e+00
