2.999999999999999889e-02 9.587630629539489746e-02
8.999999999999999667e-02 1.619233439366022931e-01
1.499999999999999944e-01 2.412409832080205374e-01
2.099999999999999922e-01 3.231724103291829797e-01
2.700000000000000178e-01 4.034855713446935388e-01
3.299999999999999600e-01 4.797200361887614117e-01
3.900000000000000133e-01 5.494235704342524951e-01
4.499999999999999556e-01 6.108416865269343798e-01
5.100000000000000089e-01 6.632859508196506937e-01
5.700000000000000622e-01 7.042607913414643539e-01
6.299999999999998934e-01 7.351886481046683297e-01
6.899999999999999467e-01 7.541906088590615287e-01
7.500000000000000000e-01 7.636560748020800871e-01
8.100000000000000533e-01 7.620797803004589754e-01
8.699999999999998845e-01 7.512899736563372066e-01
9.299999999999999378e-01 7.337701817353560196e-01
9.899999999999999911e-01 7.088874777158095108e-01
1.050000000000000044e+00 6.774270286162688004e-01
1.109999999999999876e+00 6.431742260853468007e-01
1.169999999999999929e+00 6.048891693353647403e-01
1.229999999999999982e+00 5.644526332616800479e-01
1.290000000000000036e+00 5.229337761799509599e-01
1.349999999999999867e+00 4.813623925050095620e-01
1.409999999999999920e+00 4.400881628195441042e-01
1.469999999999999973e+00 3.994693358739213607e-01
1.530000000000000027e+00 3.610927611589428432e-01
1.589999999999999858e+00 3.244441002607354463e-01
1.649999999999999911e+00 2.900922050078707515e-01
1.709999999999999964e+00 2.580118676026659785e-01
1.770000000000000018e+00 2.282155056794490933e-01
1.829999999999999849e+00 2.011268089214958976e-01
1.889999999999999902e+00 1.763078073660531153e-01
1.949999999999999956e+00 1.538659135500588526e-01
2.009999999999999787e+00 1.339323818683623157e-01
2.070000000000000284e+00 1.156614472468693033e-01
2.129999999999999893e+00 1.000126202901203548e-01
2.189999999999999947e+00 8.586781720320439681e-02
2.250000000000000000e+00 7.354567448298129917e-02
2.309999999999999609e+00 6.275959312915796451e-02
2.370000000000000107e+00 5.339657266934708102e-02
2.429999999999999716e+00 4.517622292041774401e-02
2.490000000000000213e+00 3.816435734430945192e-02
2.549999999999999822e+00 3.218650817871090974e-02
2.609999999999999876e+00 2.704585591952023485e-02
2.669999999999999929e+00 2.267944316069283109e-02
2.729999999999999538e+00 1.886089642842609174e-02
2.790000000000000036e+00 1.569638649622598012e-02
2.849999999999999645e+00 1.303628087043760993e-02
2.910000000000000142e+00 1.079502205053964325e-02
2.969999999999999751e+00 8.937219778696688446e-03
3.030000000000000249e+00 7.373218735059096016e-03
3.089999999999999858e+00 6.074830889701838058e-03
3.149999999999999911e+00 4.947930574417146350e-03
3.209999999999999964e+00 4.078820347785946238e-03
3.269999999999999574e+00 3.286575277646379759e-03
3.330000000000000071e+00 2.690653006235756151e-03
3.389999999999999680e+00 2.195686101913450414e-03
3.450000000000000178e+00 1.782675584157306353e-03
3.509999999999999787e+00 1.417721311251321200e-03
3.569999999999999840e+00 1.176074147224433859e-03
3.629999999999999893e+00 9.285906950632723169e-04
3.689999999999999503e+00 7.521361112594597987e-04
3.750000000000000000e+00 6.020069122314447704e-04
3.809999999999999609e+00 4.933526118596390881e-04
3.870000000000000107e+00 3.972401221593217595e-04
3.929999999999999716e+00 3.024935722351071508e-04
3.989999999999999769e+00 2.510845661163346341e-04
4.049999999999999822e+00 1.913557449976587379e-04
4.109999999999999432e+00 1.538544893264780537e-04
4.169999999999999929e+00 1.234312852223703983e-04
4.230000000000000426e+00 9.226302305857400578e-05
4.290000000000000036e+00 7.959703604380223758e-05
4.349999999999999645e+00 5.923211574554481984e-05
4.410000000000000142e+00 4.780789216359487777e-05
4.469999999999999751e+00 3.725290298461882892e-05
4.529999999999999361e+00 2.657373746236182531e-05
4.589999999999999858e+00 2.508362134297668022e-05
4.650000000000000355e+00 1.713633537292491650e-05
4.709999999999999964e+00 1.403192679087309387e-05
4.769999999999999574e+00 1.043081283569342714e-05
4.830000000000000071e+00 7.450580596923876406e-06
4.889999999999999680e+00 6.457169850667264063e-06
4.949999999999999289e+00 4.718701044718455255e-06
5.009999999999999787e+00 3.352761268615694704e-06
5.070000000000000284e+00 3.725290298461938203e-06
5.129999999999999893e+00 1.117587089538564901e-06
5.189999999999999503e+00 1.986821492513033680e-06
5.250000000000000000e+00 2.110997835795098470e-06
5.309999999999999609e+00 7.450580596923766715e-07
5.369999999999999218e+00 6.208817164103231044e-07
5.429999999999999716e+00 1.117587089538564901e-06
5.490000000000000213e+00 7.450580596923876829e-07
5.549999999999999822e+00 7.450580596923766715e-07
5.609999999999999432e+00 3.725290298461938415e-07
5.669999999999999929e+00 1.241763432820627786e-07
5.730000000000000426e+00 1.241763432820646050e-07
5.789999999999999147e+00 2.483526865641292100e-07
5.849999999999999645e+00 2.483526865641255572e-07
5.910000000000000142e+00 0.000000000000000000e+00
5.969999999999999751e+00 1.241763432820627786e-07
