2.999999999999999889e-02 9.628497422803097838e-02
8.999999999999999667e-02 1.617991736208091447e-01
1.499999999999999944e-01 2.415141801603453986e-01
2.099999999999999922e-01 3.229939809563500686e-01
2.700000000000000178e-01 4.036565772067722269e-01
3.299999999999999600e-01 4.797200540597260643e-01
3.900000000000000133e-01 5.495035604699289866e-01
4.499999999999999556e-01 6.111137796608276940e-01
5.100000000000000089e-01 6.632022806704888085e-01
5.700000000000000622e-01 7.041660710237704901e-01
6.299999999999998934e-01 7.343198135862686327e-01
6.899999999999999467e-01 7.544168862607405490e-01
7.500000000000000000e-01 7.635875579064416163e-01
8.100000000000000533e-01 7.620529865989960072e-01
8.699999999999998845e-01 7.518053334878889160e-01
9.299999999999999378e-01 7.338587468064847741e-01
9.899999999999999911e-01 7.083878184999451433e-01
1.050000000000000044e+00 6.780227277933077445e-01
1.109999999999999876e+00 6.426392983386670643e-01
1.169999999999999929e+00 6.044247723280672391e-01
1.229999999999999982e+00 5.641017319299920230e-01
1.290000000000000036e+00 5.230626907098814282e-01
1.349999999999999867e+00 4.811893086081729942e-01
1.409999999999999920e+00 4.398983135781550091e-01
1.469999999999999973e+00 3.997686157537725937e-01
1.530000000000000027e+00 3.613749032731439215e-01
1.589999999999999858e+00 3.246265274022973601e-01
1.649999999999999911e+00 2.902120459903790861e-01
1.709999999999999964e+00 2.578350500949364577e-01
1.770000000000000018e+00 2.283868775412525309e-01
1.829999999999999849e+00 2.010530556633963184e-01
1.889999999999999902e+00 1.763003633531565195e-01
1.949999999999999956e+00 1.539023029519480668e-01
2.009999999999999787e+00 1.338190138520925221e-01
2.070000000000000284e+00 1.158683293512088458e-01
2.129999999999999893e+00 9.989403560362880574e-02
2.189999999999999947e+00 8.585118077141030979e-02
2.250000000000000000e+00 7.368748661208221473e-02
2.309999999999999609e+00 6.267465884516601471e-02
2.370000000000000107e+00 5.326569278782947170e-02
2.429999999999999716e+00 4.519721040615971158e-02
2.490000000000000213e+00 3.810276729748024449e-02
2.549999999999999822e+00 3.220612924072128319e-02
2.609999999999999876e+00 2.705107233366905312e-02
2.669999999999999929e+00 2.265820985007569247e-02
2.729999999999999538e+00 1.890783579055848110e-02
2.790000000000000036e+00 1.578653910954316841e-02
2.849999999999999645e+00 1.308359254462987918e-02
2.910000000000000142e+00 1.084556222628411948e-02
2.969999999999999751e+00 8.914992545358550041e-03
3.030000000000000249e+00 7.372970657037091792e-03
3.089999999999999858e+00 6.065766242609647863e-03
3.149999999999999911e+00 4.977112200500309613e-03
3.209999999999999964e+00 4.027038962656217039e-03
3.269999999999999574e+00 3.312776609489441037e-03
3.330000000000000071e+00 2.709652087700318256e-03
3.389999999999999680e+00 2.186993839355574985e-03
3.450000000000000178e+00 1.779447065521541508e-03
3.509999999999999787e+00 1.418466422153005649e-03
3.569999999999999840e+00 1.156702680762964567e-03
3.629999999999999893e+00 9.403874827072320353e-04
3.689999999999999503e+00 7.451822637958668187e-04
3.750000000000000000e+00 6.103267499677862348e-04
3.809999999999999609e+00 4.783272921415895277e-04
3.870000000000000107e+00 3.911554959101783916e-04
3.929999999999999716e+00 3.077089901160069934e-04
3.989999999999999769e+00 2.407779385936004808e-04
4.049999999999999822e+00 2.043942686565551950e-04
4.109999999999999432e+00 1.662721298488040417e-04
4.169999999999999929e+00 1.236796425163602317e-04
4.230000000000000426e+00 9.723008041195934736e-05
4.290000000000000036e+00 7.661680665923120551e-05
4.349999999999999645e+00 6.022552873537711620e-05
4.410000000000000142e+00 4.495183794269385323e-05
4.469999999999999751e+00 3.340343758724990128e-05
4.529999999999999361e+00 3.005067619373455931e-05
4.589999999999999858e+00 2.632538575649434704e-05
4.650000000000000355e+00 1.961986296946306000e-05
4.709999999999999964e+00 1.428028000941910439e-05
4.769999999999999574e+00 1.192092939916742972e-05
4.830000000000000071e+00 9.685755136823535799e-06
4.889999999999999680e+00 6.208817395399610934e-06
4.949999999999999289e+00 5.215406612135750502e-06
5.009999999999999787e+00 2.607703306067836711e-06
5.070000000000000284e+00 3.849466785147815988e-06
5.129999999999999893e+00 2.980232349791813384e-06
5.189999999999999503e+00 2.359350610251886849e-06
5.250000000000000000e+00 1.490116174895928715e-06
5.309999999999999609e+00 1.365939826987914397e-06
5.369999999999999218e+00 1.862645218619910682e-06
5.429999999999999716e+00 3.725290437239766730e-07
5.490000000000000213e+00 4.967053916319761677e-07
5.549999999999999822e+00 3.725290437239766730e-07
5.609999999999999432e+00 2.483526958159880838e-07
5.669999999999999929e+00 1.241763479079922155e-07
5.730000000000000426e+00 2.483526958159880838e-07
5.789999999999999147e+00 3.725290437239821787e-07
5.849999999999999645e+00 0.000000000000000000e+00
5.910000000000000142e+00 2.483526958159880838e-07
5.969999999999999751e+00 1.241763479079922155e-07
