2.999999999999999889e-02 9.616154222175107846e-02
8.999999999999999667e-02 1.618808804516260191e-01
1.499999999999999944e-01 2.415848347023576981e-01
2.099999999999999922e-01 3.229541179424758601e-01
2.700000000000000178e-01 4.040430109911067880e-01
3.299999999999999600e-01 4.799757295839706117e-01
3.900000000000000133e-01 5.498570864356683296e-01
4.499999999999999556e-01 6.115199559386558237e-01
5.100000000000000089e-01 6.631291358608737418e-01
5.700000000000000622e-01 7.040502092455893646e-01
6.299999999999998934e-01 7.342582166470559280e-01
6.899999999999999467e-01 7.538106517139264717e-01
7.500000000000000000e-01 7.625947623231432715e-01
8.100000000000000533e-01 7.625658292342977207e-01
8.699999999999998845e-01 7.516234095381727487e-01
9.299999999999999378e-01 7.336250414537892617e-01
9.899999999999999911e-01 7.081765892558267161e-01
1.050000000000000044e+00 6.779036376248881446e-01
1.109999999999999876e+00 6.431684089651247271e-01
1.169999999999999929e+00 6.046218356874133448e-01
1.229999999999999982e+00 5.643720596344881102e-01
1.290000000000000036e+00 5.228436397366829080e-01
1.349999999999999867e+00 4.812651767710396378e-01
1.409999999999999920e+00 4.394985866397194130e-01
1.469999999999999973e+00 3.997112433029581524e-01
1.530000000000000027e+00 3.612499791756262901e-01
1.589999999999999858e+00 3.246829010451713349e-01
1.649999999999999911e+00 2.900139825546932393e-01
1.709999999999999964e+00 2.579984642465449340e-01
1.770000000000000018e+00 2.284437486065557521e-01
1.829999999999999849e+00 2.012655198951218694e-01
1.889999999999999902e+00 1.761858714476982612e-01
1.949999999999999956e+00 1.539057787430020419e-01
2.009999999999999787e+00 1.337219069517225911e-01
2.070000000000000284e+00 1.158007765551638535e-01
2.129999999999999893e+00 9.975831011210800625e-02
2.189999999999999947e+00 8.611927686490503109e-02
2.250000000000000000e+00 7.354443491134343702e-02
2.309999999999999609e+00 6.282056558590820572e-02
2.370000000000000107e+00 5.332231680519328165e-02
2.429999999999999716e+00 4.524067179085822232e-02
2.490000000000000213e+00 3.819738938999339695e-02
2.549999999999999822e+00 3.216105298681215530e-02
2.609999999999999876e+00 2.709205032662718310e-02
2.669999999999999929e+00 2.261251278556919431e-02
2.729999999999999538e+00 1.898792939348803444e-02
2.790000000000000036e+00 1.579634892333592333e-02
2.849999999999999645e+00 1.307353416304390947e-02
2.910000000000000142e+00 1.077627174386197595e-02
2.969999999999999751e+00 8.980930119184549199e-03
3.030000000000000249e+00 7.371853014981333274e-03
3.089999999999999858e+00 6.118416968536877221e-03
3.149999999999999911e+00 4.967798937394222840e-03
3.209999999999999964e+00 4.051750025702016700e-03
3.269999999999999574e+00 3.320972223708196225e-03
3.330000000000000071e+00 2.684444269074326428e-03
3.389999999999999680e+00 2.202764219128017231e-03
3.450000000000000178e+00 1.777956936099833740e-03
3.509999999999999787e+00 1.424426876239781592e-03
3.569999999999999840e+00 1.159062022737531025e-03
3.629999999999999893e+00 9.249896086749309632e-04
3.689999999999999503e+00 7.539987788796054247e-04
3.750000000000000000e+00 5.945563493536809574e-04
3.809999999999999609e+00 4.831701661101028833e-04
3.870000000000000107e+00 3.875543789333413258e-04
3.929999999999999716e+00 3.094474566811555860e-04
3.989999999999999769e+00 2.469867541488053988e-04
4.049999999999999822e+00 2.010415057651633944e-04
4.109999999999999432e+00 1.584490187500632022e-04
4.169999999999999929e+00 1.192092931034940479e-04
4.230000000000000426e+00 9.660919795262473350e-05
4.290000000000000036e+00 8.145968362072093837e-05
4.349999999999999645e+00 6.283323157330091284e-05
4.410000000000000142e+00 4.917383340519201727e-05
4.469999999999999751e+00 3.688037505389347255e-05
4.529999999999999361e+00 2.806385441811463783e-05
4.589999999999999858e+00 2.346932957975039131e-05
4.650000000000000355e+00 1.862645204742122154e-05
4.709999999999999964e+00 1.428027990302272498e-05
4.769999999999999574e+00 1.130004757543553980e-05
4.830000000000000071e+00 8.195638900865337341e-06
4.889999999999999680e+00 8.443991594830828110e-06
4.949999999999999289e+00 5.712111961209174357e-06
5.009999999999999787e+00 3.352761368535769885e-06
5.070000000000000284e+00 2.483526939656162985e-06
5.129999999999999893e+00 1.986821551724900657e-06
5.189999999999999503e+00 8.692344288796569811e-07
5.250000000000000000e+00 1.738468857759313962e-06
5.309999999999999609e+00 9.934107758624503285e-07
5.369999999999999218e+00 7.450580818968488107e-07
5.429999999999999716e+00 7.450580818968377993e-07
5.490000000000000213e+00 4.967053879312325758e-07
5.549999999999999822e+00 0.000000000000000000e+00
5.609999999999999432e+00 6.208817349140407462e-07
5.669999999999999929e+00 2.483526939656125821e-07
5.730000000000000426e+00 0.000000000000000000e+00
5.789999999999999147e+00 2.483526939656162879e-07
5.849999999999999645e+00 0.000000000000000000e+00
5.910000000000000142e+00 1.241763469828081439e-07
5.969999999999999751e+00 0.000000000000000000e+00
