2.999999999999999889e-02 9.620475487371979439e-02
8.999999999999999667e-02 1.619218574397184585e-01
1.499999999999999944e-01 2.415637229235805816e-01
2.099999999999999922e-01 3.230400455677519544e-01
2.700000000000000178e-01 4.035336366092233673e-01
3.299999999999999600e-01 4.801198947456455368e-01
3.900000000000000133e-01 5.496307088600506097e-01
4.499999999999999556e-01 6.109024224135325420e-01
5.100000000000000089e-01 6.625058898393133555e-01
5.700000000000000622e-01 7.040131994488811884e-01
6.299999999999998934e-01 7.351910238879906245e-01
6.899999999999999467e-01 7.545910944325714409e-01
7.500000000000000000e-01 7.632089328489704005e-01
8.100000000000000533e-01 7.619081856240181860e-01
8.699999999999998845e-01 7.512763310509107395e-01
9.299999999999999378e-01 7.339406922595350657e-01
9.899999999999999911e-01 7.084602027538954294e-01
1.050000000000000044e+00 6.777210933454076436e-01
1.109999999999999876e+00 6.429507230385076433e-01
1.169999999999999929e+00 6.043969478199191503e-01
1.229999999999999982e+00 5.645753321080848597e-01
1.290000000000000036e+00 5.229267098167066363e-01
1.349999999999999867e+00 4.809872665228576150e-01
1.409999999999999920e+00 4.401116419856861972e-01
1.469999999999999973e+00 3.996291597601331902e-01
1.530000000000000027e+00 3.613816034109252340e-01
1.589999999999999858e+00 3.245649310973404700e-01
1.649999999999999911e+00 2.900199408585314442e-01
1.709999999999999964e+00 2.582339006764317602e-01
1.770000000000000018e+00 2.283534707009332587e-01
1.829999999999999849e+00 2.010962660359003340e-01
1.889999999999999902e+00 1.764583130382616216e-01
1.949999999999999956e+00 1.537860715987150739e-01
2.009999999999999787e+00 1.336934695721695154e-01
2.070000000000000284e+00 1.159425850795786223e-01
2.129999999999999893e+00 9.977209294326305766e-02
2.189999999999999947e+00 8.594741616032265663e-02
2.250000000000000000e+00 7.352406944264124056e-02
2.309999999999999609e+00 6.285893560879031450e-02
2.370000000000000107e+00 5.333324392636412670e-02
2.429999999999999716e+00 4.516306123750293139e-02
2.490000000000000213e+00 3.831945445357530511e-02
2.549999999999999822e+00 3.215993516007911029e-02
2.609999999999999876e+00 2.706336538883636136e-02
2.669999999999999929e+00 2.266305238993829296e-02
2.729999999999999538e+00 1.889243764189862257e-02
2.790000000000000036e+00 1.576853330412704077e-02
2.849999999999999645e+00 1.303429434028428001e-02
2.910000000000000142e+00 1.077676836895672362e-02
2.969999999999999751e+00 8.918717702896535732e-03
3.030000000000000249e+00 7.366265024484153733e-03
3.089999999999999858e+00 6.088614599897288968e-03
3.149999999999999911e+00 4.940728456940673800e-03
3.209999999999999964e+00 4.065409393580464090e-03
3.269999999999999574e+00 3.292163286679656437e-03
3.330000000000000071e+00 2.713004808666910541e-03
3.389999999999999680e+00 2.194816916568457024e-03
3.450000000000000178e+00 1.755232651524477180e-03
3.509999999999999787e+00 1.426289510817838405e-03
3.569999999999999840e+00 1.145402616035507554e-03
3.629999999999999893e+00 9.434918773458067596e-04
3.689999999999999503e+00 7.588416507581238280e-04
3.750000000000000000e+00 5.977849299213889916e-04
3.809999999999999609e+00 4.764646398230929555e-04
3.870000000000000107e+00 3.845741437404532367e-04
3.929999999999999716e+00 3.015001682279045444e-04
3.989999999999999769e+00 2.519538061509155177e-04
4.049999999999999822e+00 1.933425708117149724e-04
4.109999999999999432e+00 1.572072541089497577e-04
4.169999999999999929e+00 1.270324020169456521e-04
4.230000000000000426e+00 9.983778223032828110e-05
4.290000000000000036e+00 7.686515820966702327e-05
4.349999999999999645e+00 5.836288264708244523e-05
4.410000000000000142e+00 3.973643073843911871e-05
4.469999999999999751e+00 3.526608228036419397e-05
4.529999999999999361e+00 3.067155747623268914e-05
4.589999999999999858e+00 2.359350575094787500e-05
4.650000000000000355e+00 2.011656806133480321e-05
4.709999999999999964e+00 1.552204325720254961e-05
4.769999999999999574e+00 9.189049608264046414e-06
4.830000000000000071e+00 9.313225954321668342e-06
4.889999999999999680e+00 8.443991531918186095e-06
4.949999999999999289e+00 6.581346341053978295e-06
5.009999999999999787e+00 3.476937689613371218e-06
5.070000000000000284e+00 3.104408651440555832e-06
5.129999999999999893e+00 2.235174229037167181e-06
5.189999999999999503e+00 1.738468844806711232e-06
5.250000000000000000e+00 1.241763460576222460e-06
5.309999999999999609e+00 7.450580763457224644e-07
5.369999999999999218e+00 7.450580763457334758e-07
5.429999999999999716e+00 7.450580763457224644e-07
5.490000000000000213e+00 2.483526921152444390e-07
5.549999999999999822e+00 4.967053842304815724e-07
5.609999999999999432e+00 1.241763460576222195e-07
5.669999999999999929e+00 0.000000000000000000e+00
5.730000000000000426e+00 2.483526921152444390e-07
5.789999999999999147e+00 1.241763460576222195e-07
5.849999999999999645e+00 1.241763460576203931e-07
5.910000000000000142e+00 0.000000000000000000e+00
5.969999999999999751e+00 2.483526921152407862e-07
