2.999999999999999889e-02 9.619419988430490120e-02
8.999999999999999667e-02 1.620759602851759573e-01
1.499999999999999944e-01 2.416662925854241584e-01
2.099999999999999922e-01 3.234232537716857925e-01
2.700000000000000178e-01 4.035210947982715290e-01
3.299999999999999600e-01 4.800353306539802967e-01
3.900000000000000133e-01 5.495678756289453792e-01
4.499999999999999556e-01 6.108097868593734825e-01
5.100000000000000089e-01 6.626537838674679826e-01
5.700000000000000622e-01 7.043255029592161431e-01
6.299999999999998934e-01 7.347660924317814812e-01
6.899999999999999467e-01 7.543899287519580943e-01
7.500000000000000000e-01 7.630215507427694499e-01
8.100000000000000533e-01 7.618564040877121579e-01
8.699999999999998845e-01 7.519414195603952855e-01
9.299999999999999378e-01 7.340097343079431402e-01
9.899999999999999911e-01 7.082623898346256386e-01
1.050000000000000044e+00 6.774661593069513099e-01
1.109999999999999876e+00 6.425363465717133238e-01
1.169999999999999929e+00 6.047807769055832949e-01
1.229999999999999982e+00 5.640886850078850046e-01
1.290000000000000036e+00 5.227805542573967790e-01
1.349999999999999867e+00 4.812414555032375474e-01
1.409999999999999920e+00 4.399838645255929048e-01
1.469999999999999973e+00 4.000453988721183185e-01
1.530000000000000027e+00 3.611595761041742070e-01
1.589999999999999858e+00 3.247240009966402829e-01
1.649999999999999911e+00 2.903894896643989254e-01
1.709999999999999964e+00 2.575695572250235044e-01
1.770000000000000018e+00 2.281790029347223192e-01
1.829999999999999849e+00 2.009417906614046623e-01
1.889999999999999902e+00 1.766587336607986225e-01
1.949999999999999956e+00 1.536704634205354192e-01
2.009999999999999787e+00 1.339717487636846449e-01
2.070000000000000284e+00 1.158891892507738358e-01
2.129999999999999893e+00 9.996394539792208267e-02
2.189999999999999947e+00 8.584186626617366922e-02
2.250000000000000000e+00 7.345415815981079510e-02
2.309999999999999609e+00 6.284291686014888134e-02
2.370000000000000107e+00 5.327450851467887410e-02
2.429999999999999716e+00 4.526935618972825065e-02
2.490000000000000213e+00 3.826270586342696983e-02
2.549999999999999822e+00 3.225343994866049918e-02
2.609999999999999876e+00 2.703058283347714932e-02
2.669999999999999929e+00 2.272265703604595122e-02
2.729999999999999538e+00 1.889852228285544486e-02
2.790000000000000036e+00 1.572867269704254431e-02
2.849999999999999645e+00 1.301889647337313438e-02
2.910000000000000142e+00 1.083798730756312979e-02
2.969999999999999751e+00 8.913005590977886305e-03
3.030000000000000249e+00 7.418543266174412038e-03
3.089999999999999858e+00 6.020441785911653972e-03
3.149999999999999911e+00 4.963576904615275842e-03
3.209999999999999964e+00 4.058331341855179672e-03
3.269999999999999574e+00 3.311907325702818233e-03
3.330000000000000071e+00 2.705430051557395493e-03
3.389999999999999680e+00 2.188856451957691199e-03
3.450000000000000178e+00 1.777460217468791476e-03
3.509999999999999787e+00 1.451745661759650712e-03
3.569999999999999840e+00 1.177812642356546946e-03
3.629999999999999893e+00 9.416292321549424391e-04
3.689999999999999503e+00 7.481624849971684268e-04
3.750000000000000000e+00 6.216267883644522934e-04
3.809999999999999609e+00 4.841635732786654981e-04
3.870000000000000107e+00 3.916521954657376544e-04
3.929999999999999716e+00 3.083298672610737556e-04
3.989999999999999769e+00 2.526988642272612459e-04
4.049999999999999822e+00 2.011656806133450370e-04
4.109999999999999432e+00 1.580764885313531163e-04
4.169999999999999929e+00 1.249214041339660980e-04
4.230000000000000426e+00 9.338061223533192050e-05
4.290000000000000036e+00 7.748603993995513460e-05
4.349999999999999645e+00 6.246070206698398411e-05
4.410000000000000142e+00 4.755954054006931883e-05
4.469999999999999751e+00 3.750125650940135818e-05
4.529999999999999361e+00 2.992649939988695757e-05
4.589999999999999858e+00 2.309680036671739068e-05
4.650000000000000355e+00 1.713633575595187016e-05
4.709999999999999964e+00 1.266598729787728084e-05
4.769999999999999574e+00 1.005828403066740161e-05
4.830000000000000071e+00 9.313225954321668342e-06
4.889999999999999680e+00 6.332993648938640418e-06
4.949999999999999289e+00 4.842877496247267064e-06
5.009999999999999787e+00 5.091230188362436381e-06
5.070000000000000284e+00 2.235174229037200216e-06
5.129999999999999893e+00 2.607703267210028308e-06
5.189999999999999503e+00 1.738468844806711232e-06
5.250000000000000000e+00 1.490116152691466952e-06
5.309999999999999609e+00 8.692344224033428046e-07
5.369999999999999218e+00 1.365939806633844600e-06
5.429999999999999716e+00 4.967053842304815724e-07
5.490000000000000213e+00 3.725290381728667379e-07
5.549999999999999822e+00 3.725290381728612322e-07
5.609999999999999432e+00 2.483526921152444390e-07
5.669999999999999929e+00 3.725290381728612322e-07
5.730000000000000426e+00 2.483526921152444390e-07
5.789999999999999147e+00 1.241763460576222195e-07
5.849999999999999645e+00 0.000000000000000000e+00
5.910000000000000142e+00 0.000000000000000000e+00
5.969999999999999751e+00 1.241763460576203931e-07
