2.999999999999999889e-02 9.617768443027922831e-02
8.999999999999999667e-02 1.616202330951444777e-01
1.499999999999999944e-01 2.414764269523020646e-01
2.099999999999999922e-01 3.236091457617340517e-01
2.700000000000000178e-01 4.036138545287765722e-01
3.299999999999999600e-01 4.799506423859690174e-01
3.900000000000000133e-01 5.498614285110255961e-01
4.499999999999999556e-01 6.108475364685750364e-01
5.100000000000000089e-01 6.626296936563328410e-01
5.700000000000000622e-01 7.042847731177092063e-01
6.299999999999998934e-01 7.347469692744885705e-01
6.899999999999999467e-01 7.539417763190361388e-01
7.500000000000000000e-01 7.638748905928773869e-01
8.100000000000000533e-01 7.618944020496057901e-01
8.699999999999998845e-01 7.514649549205721923e-01
9.299999999999999378e-01 7.337185407764379441e-01
9.899999999999999911e-01 7.089201519396928219e-01
1.050000000000000044e+00 6.782649857411400252e-01
1.109999999999999876e+00 6.427858168509430481e-01
1.169999999999999929e+00 6.042861825192358260e-01
1.229999999999999982e+00 5.638503905998004662e-01
1.290000000000000036e+00 5.228957899065382886e-01
1.349999999999999867e+00 4.811953860788501514e-01
1.409999999999999920e+00 4.398966927306604546e-01
1.469999999999999973e+00 4.000449021667341065e-01
1.530000000000000027e+00 3.610063424931390652e-01
1.589999999999999858e+00 3.246039224700025261e-01
1.649999999999999911e+00 2.900416717190915095e-01
1.709999999999999964e+00 2.577195622510611295e-01
1.770000000000000018e+00 2.281268488693781182e-01
1.829999999999999849e+00 2.011597201487357878e-01
1.889999999999999902e+00 1.761563161646494680e-01
1.949999999999999956e+00 1.540657167300368280e-01
2.009999999999999787e+00 1.339528739590838957e-01
2.070000000000000284e+00 1.157083884909139437e-01
2.129999999999999893e+00 9.991464738853721161e-02
2.189999999999999947e+00 8.597932948125945607e-02
2.250000000000000000e+00 7.352667714590845061e-02
2.309999999999999609e+00 6.278418144846362181e-02
2.370000000000000107e+00 5.342836300744426004e-02
2.429999999999999716e+00 4.519845149612935348e-02
2.490000000000000213e+00 3.832355227299520661e-02
2.549999999999999822e+00 3.220463864465985399e-02
2.609999999999999876e+00 2.701319814502908465e-02
2.669999999999999929e+00 2.264368087995330403e-02
2.729999999999999538e+00 1.893267077802129189e-02
2.790000000000000036e+00 1.573537821972965586e-02
2.849999999999999645e+00 1.304509768239129307e-02
2.910000000000000142e+00 1.085748299389417693e-02
2.969999999999999751e+00 9.012222491477924619e-03
3.030000000000000249e+00 7.351363862957239169e-03
3.089999999999999858e+00 6.053596870309038876e-03
3.149999999999999911e+00 4.993751756707277834e-03
3.209999999999999964e+00 4.057834636470949476e-03
3.269999999999999574e+00 3.279000593997548427e-03
3.330000000000000071e+00 2.694130004066151805e-03
3.389999999999999680e+00 2.234553347306895716e-03
3.450000000000000178e+00 1.758585412868032957e-03
3.509999999999999787e+00 1.430263153891682144e-03
3.569999999999999840e+00 1.175329115435394447e-03
3.629999999999999893e+00 9.257346598595668323e-04
3.689999999999999503e+00 7.484108376892836334e-04
3.750000000000000000e+00 6.093333301047477784e-04
3.809999999999999609e+00 4.805624592429944605e-04
3.870000000000000107e+00 3.824631458574736555e-04
3.929999999999999716e+00 3.118068049506871357e-04
3.989999999999999769e+00 2.473592813467834911e-04
4.049999999999999822e+00 1.934667471577725757e-04
4.109999999999999432e+00 1.578281358392378555e-04
4.169999999999999929e+00 1.287708708617523422e-04
4.230000000000000426e+00 9.549161011831150175e-05
4.290000000000000036e+00 7.599592378726369179e-05
4.349999999999999645e+00 6.419917091179068772e-05
4.410000000000000142e+00 5.041559649939462826e-05
4.469999999999999751e+00 3.774960920151659865e-05
4.529999999999999361e+00 3.129243920652080048e-05
4.589999999999999858e+00 2.322097671277501430e-05
4.650000000000000355e+00 1.788139383229760173e-05
4.709999999999999964e+00 1.390775075845348487e-05
4.769999999999999574e+00 1.030663672278264546e-05
4.830000000000000071e+00 8.940696916148800863e-06
4.889999999999999680e+00 7.698933455572464689e-06
4.949999999999999289e+00 5.463759226535378399e-06
5.009999999999999787e+00 3.849466727786232345e-06
5.070000000000000284e+00 2.483526921152444919e-06
5.129999999999999893e+00 2.235174229037167181e-06
5.189999999999999503e+00 1.738468844806711232e-06
5.250000000000000000e+00 1.862645190864333372e-06
5.309999999999999609e+00 8.692344224033428046e-07
5.369999999999999218e+00 7.450580763457334758e-07
5.429999999999999716e+00 9.934107684609631447e-07
5.490000000000000213e+00 0.000000000000000000e+00
5.549999999999999822e+00 1.241763460576203931e-07
5.609999999999999432e+00 1.241763460576222195e-07
5.669999999999999929e+00 1.241763460576203931e-07
5.730000000000000426e+00 2.483526921152444390e-07
5.789999999999999147e+00 1.241763460576222195e-07
5.849999999999999645e+00 2.483526921152407862e-07
5.910000000000000142e+00 0.000000000000000000e+00
5.969999999999999751e+00 0.000000000000000000e+00
