2.999999999999999889e-02 9.618413945039114288e-02
8.999999999999999667e-02 1.618899405002593994e-01
1.499999999999999944e-01 2.415493130683898926e-01
2.099999999999999922e-01 3.233799089988073083e-01
2.700000000000000178e-01 4.040134449799855920e-01
3.299999999999999600e-01 4.796827832857767926e-01
3.900000000000000133e-01 5.499586462974548340e-01
4.499999999999999556e-01 6.107613444328308105e-01
5.100000000000000089e-01 6.632603704929346256e-01
5.700000000000000622e-01 7.042520989974346834e-01
6.299999999999998934e-01 7.349777966737753854e-01
6.899999999999999467e-01 7.535410424073530899e-01
7.500000000000000000e-01 7.629719873269392716e-01
8.100000000000000533e-01 7.618935157855358797e-01
8.699999999999998845e-01 7.518010834852861812e-01
9.299999999999999378e-01 7.339401791493090910e-01
9.899999999999999911e-01 7.084817936023070084e-01
1.050000000000000044e+00 6.774117549260451066e-01
1.109999999999999876e+00 6.427228450775164248e-01
1.169999999999999929e+00 6.044961512088770084e-01
1.229999999999999982e+00 5.637735128402704410e-01
1.290000000000000036e+00 5.226910114288344511e-01
1.349999999999999867e+00 4.813258846600846352e-01
1.409999999999999920e+00 4.398810366789496218e-01
1.469999999999999973e+00 3.998994827270504482e-01
1.530000000000000027e+00 3.616714229186372975e-01
1.589999999999999858e+00 3.247310717900603327e-01
1.649999999999999911e+00 2.903344730536140395e-01
1.709999999999999964e+00 2.580395589272179158e-01
1.770000000000000018e+00 2.281623582045243515e-01
1.829999999999999849e+00 2.009081343809761833e-01
1.889999999999999902e+00 1.763823131720223536e-01
1.949999999999999956e+00 1.539032906293867631e-01
2.009999999999999787e+00 1.336396982272464729e-01
2.070000000000000284e+00 1.159432033697763015e-01
2.129999999999999893e+00 1.001094778378803646e-01
2.189999999999999947e+00 8.594455818335271224e-02
2.250000000000000000e+00 7.362402975559227680e-02
2.309999999999999609e+00 6.262175738811487369e-02
2.370000000000000107e+00 5.339048802852625758e-02
2.429999999999999716e+00 4.522999127705887995e-02
2.490000000000000213e+00 3.823253015677130495e-02
2.549999999999999822e+00 3.212789694468177332e-02
2.609999999999999876e+00 2.698314686616279379e-02
2.669999999999999929e+00 2.259835600852964227e-02
2.729999999999999538e+00 1.900531351566312963e-02
2.790000000000000036e+00 1.572233935197192914e-02
2.849999999999999645e+00 1.315971215565998192e-02
2.910000000000000142e+00 1.085860033830005934e-02
2.969999999999999751e+00 8.950879176457714886e-03
3.030000000000000249e+00 7.342174649238579487e-03
3.089999999999999858e+00 6.069863835970554927e-03
3.149999999999999911e+00 4.933526118596426660e-03
3.209999999999999964e+00 4.067520300547278721e-03
3.269999999999999574e+00 3.309547901153561417e-03
3.330000000000000071e+00 2.696737647056576988e-03
3.389999999999999680e+00 2.192209164301552483e-03
3.450000000000000178e+00 1.769637068112689653e-03
3.509999999999999787e+00 1.454229156176247957e-03
3.569999999999999840e+00 1.172969738642382336e-03
3.629999999999999893e+00 9.117027123769116037e-04
3.689999999999999503e+00 7.433195908864333049e-04
3.750000000000000000e+00 5.980332692464187649e-04
3.809999999999999609e+00 4.973262548446650937e-04
3.870000000000000107e+00 3.927697738011674627e-04
3.929999999999999716e+00 3.060946861902870192e-04
3.989999999999999769e+00 2.507120370864884427e-04
4.049999999999999822e+00 2.066294352213524500e-04
4.109999999999999432e+00 1.618017752965302002e-04
4.169999999999999929e+00 1.193334658940623200e-04
4.230000000000000426e+00 9.809931119283103610e-05
4.290000000000000036e+00 7.525086402893004065e-05
4.349999999999999645e+00 6.258487701416056283e-05
4.410000000000000142e+00 4.755953947703074565e-05
4.469999999999999751e+00 3.787378470102914567e-05
4.529999999999999361e+00 2.831220626831072983e-05
4.589999999999999858e+00 2.173086007436098466e-05
4.650000000000000355e+00 2.098580201466892034e-05
4.709999999999999964e+00 1.564621925353991031e-05
4.769999999999999574e+00 1.105169455210375067e-05
4.830000000000000071e+00 9.561578432718974876e-06
4.889999999999999680e+00 6.457169850667264063e-06
4.949999999999999289e+00 4.097819328308132574e-06
5.009999999999999787e+00 3.104408582051569359e-06
5.070000000000000284e+00 1.738468805948904523e-06
5.129999999999999893e+00 1.986821492513004457e-06
5.189999999999999503e+00 2.731879552205421575e-06
5.250000000000000000e+00 1.117587089538581419e-06
5.309999999999999609e+00 1.117587089538564901e-06
5.369999999999999218e+00 8.692344029744522615e-07
5.429999999999999716e+00 8.692344029744394501e-07
5.490000000000000213e+00 6.208817164103231044e-07
5.549999999999999822e+00 4.967053731282511143e-07
5.609999999999999432e+00 3.725290298461938415e-07
5.669999999999999929e+00 3.725290298461883358e-07
5.730000000000000426e+00 1.241763432820646050e-07
5.789999999999999147e+00 0.000000000000000000e+00
5.849999999999999645e+00 0.000000000000000000e+00
5.910000000000000142e+00 0.000000000000000000e+00
5.969999999999999751e+00 1.241763432820627786e-07
