2.999999999999999889e-02 9.661453537604115793e-02
8.999999999999999667e-02 1.621870956981214251e-01
1.499999999999999944e-01 2.419407187050137964e-01
2.099999999999999922e-01 3.237164293009770488e-01
2.700000000000000178e-01 4.034075916067331180e-01
3.299999999999999600e-01 4.801083391912902565e-01
3.900000000000000133e-01 5.495357057665962719e-01
4.499999999999999556e-01 6.112427806698490507e-01
5.100000000000000089e-01 6.628830035245636410e-01
5.700000000000000622e-01 7.042969319047804877e-01
6.299999999999998934e-01 7.347943936893926997e-01
6.899999999999999467e-01 7.538750823875888241e-01
7.500000000000000000e-01 7.632718788827841383e-01
8.100000000000000533e-01 7.615822113671574245e-01
8.699999999999998845e-01 7.514026071980797195e-01
9.299999999999999378e-01 7.336304888151368164e-01
9.899999999999999911e-01 7.081742140763064297e-01
1.050000000000000044e+00 6.776281993411092941e-01
1.109999999999999876e+00 6.424360025110560368e-01
1.169999999999999929e+00 6.045273239751203231e-01
1.229999999999999982e+00 5.637171409804404565e-01
1.290000000000000036e+00 5.230010836546715725e-01
1.349999999999999867e+00 4.813907082979181351e-01
1.409999999999999920e+00 4.394265545365202419e-01
1.469999999999999973e+00 3.997969160462185867e-01
1.530000000000000027e+00 3.612346974107224495e-01
1.589999999999999858e+00 3.242223237272782721e-01
1.649999999999999911e+00 2.897941839431287248e-01
1.709999999999999964e+00 2.578485776323716783e-01
1.770000000000000018e+00 2.284755326445571111e-01
1.829999999999999849e+00 2.012050415168579742e-01
1.889999999999999902e+00 1.764314883184790739e-01
1.949999999999999956e+00 1.540258538277881895e-01
2.009999999999999787e+00 1.339028288963149960e-01
2.070000000000000284e+00 1.161189137606737504e-01
2.129999999999999893e+00 1.000545926396144980e-01
2.189999999999999947e+00 8.587949041932496641e-02
2.250000000000000000e+00 7.366513267406665788e-02
2.309999999999999609e+00 6.286377754954326769e-02
2.370000000000000107e+00 5.351379553611419065e-02
2.429999999999999716e+00 4.525656535170893141e-02
2.490000000000000213e+00 3.835807272561938402e-02
2.549999999999999822e+00 3.222115361855290572e-02
2.609999999999999876e+00 2.704585612102756650e-02
2.669999999999999929e+00 2.266416963933036086e-02
2.729999999999999538e+00 1.885220422485621092e-02
2.790000000000000036e+00 1.578703534444446388e-02
2.849999999999999645e+00 1.309191196977032082e-02
2.910000000000000142e+00 1.084419596327489653e-02
2.969999999999999751e+00 8.919090099029905114e-03
3.030000000000000249e+00 7.385760600758788097e-03
3.089999999999999858e+00 6.132324582330811805e-03
3.149999999999999911e+00 4.970282353239406821e-03
3.209999999999999964e+00 4.093473186791981439e-03
3.269999999999999574e+00 3.298247878488755509e-03
3.330000000000000071e+00 2.724925697283884281e-03
3.389999999999999680e+00 2.142290290263469330e-03
3.450000000000000178e+00 1.793354763041098013e-03
3.509999999999999787e+00 1.424675197089774002e-03
3.569999999999999840e+00 1.170237867809128347e-03
3.629999999999999893e+00 9.344269901595529020e-04
3.689999999999999503e+00 7.454305942761190341e-04
3.750000000000000000e+00 6.021310930609531480e-04
3.809999999999999609e+00 4.978229639268635454e-04
3.870000000000000107e+00 3.843257853214373599e-04
3.929999999999999716e+00 3.129243874022688619e-04
3.989999999999999769e+00 2.453724561535269464e-04
4.049999999999999822e+00 1.952052130937948328e-04
4.109999999999999432e+00 1.529852560633325790e-04
4.169999999999999929e+00 1.223136990441399082e-04
4.230000000000000426e+00 9.946525171000762493e-05
4.290000000000000036e+00 8.158385814416234632e-05
4.349999999999999645e+00 6.059805597313823190e-05
4.410000000000000142e+00 4.842877424082768430e-05
4.469999999999999751e+00 4.234413337467178709e-05
4.529999999999999361e+00 3.054738067498361187e-05
4.589999999999999858e+00 2.582867959510771498e-05
4.650000000000000355e+00 1.788139356584406565e-05
4.709999999999999964e+00 1.614292474694232313e-05
4.769999999999999574e+00 1.092751829023804257e-05
4.830000000000000071e+00 1.005828388078728820e-05
4.889999999999999680e+00 6.953875275605923981e-06
4.949999999999999289e+00 5.339582800911769934e-06
5.009999999999999787e+00 3.849466670424707994e-06
5.070000000000000284e+00 2.980232260974011224e-06
5.129999999999999893e+00 1.738468818901480995e-06
5.189999999999999503e+00 2.110997851523258127e-06
5.250000000000000000e+00 1.490116130487005612e-06
5.309999999999999609e+00 9.934107536579892007e-07
5.369999999999999218e+00 9.934107536580038120e-07
5.429999999999999716e+00 1.117587097865237586e-06
5.490000000000000213e+00 2.483526884145009530e-07
5.549999999999999822e+00 3.725290326217458973e-07
5.609999999999999432e+00 6.208817210362524090e-07
5.669999999999999929e+00 6.208817210362431975e-07
5.730000000000000426e+00 1.241763442072504765e-07
5.789999999999999147e+00 1.241763442072504765e-07
5.849999999999999645e+00 1.241763442072486501e-07
5.910000000000000142e+00 0.000000000000000000e+00
5.969999999999999751e+00 1.241763442072486501e-07
