2.999999999999999889e-02 9.619183981704473863e-02
8.999999999999999667e-02 1.620270335976337350e-01
1.499999999999999944e-01 2.417253987251530012e-01
2.099999999999999922e-01 3.238098123243920434e-01
2.700000000000000178e-01 4.040375412112108267e-01
3.299999999999999600e-01 4.796579551645808737e-01
3.900000000000000133e-01 5.499274862298492161e-01
4.499999999999999556e-01 6.116767815502005545e-01
5.100000000000000089e-01 6.632067361951872186e-01
5.700000000000000622e-01 7.042199478182195049e-01
6.299999999999998934e-01 7.349894802022406415e-01
6.899999999999999467e-01 7.538285218749714023e-01
7.500000000000000000e-01 7.622702781697645591e-01
8.100000000000000533e-01 7.611473514807333141e-01
8.699999999999998845e-01 7.515600684020934397e-01
9.299999999999999378e-01 7.332969566180841392e-01
9.899999999999999911e-01 7.083676860983317836e-01
1.050000000000000044e+00 6.778191876086465673e-01
1.109999999999999876e+00 6.424016104499757907e-01
1.169999999999999929e+00 6.046790719729517871e-01
1.229999999999999982e+00 5.640161618195393967e-01
1.290000000000000036e+00 5.229799775726607924e-01
1.349999999999999867e+00 4.810853622518778128e-01
1.409999999999999920e+00 4.399864689507053672e-01
1.469999999999999973e+00 3.994950463299208332e-01
1.530000000000000027e+00 3.617613319818374085e-01
1.589999999999999858e+00 3.247314491579658680e-01
1.649999999999999911e+00 2.899348779012986821e-01
1.709999999999999964e+00 2.579170007196613379e-01
1.770000000000000018e+00 2.280816469800724111e-01
1.829999999999999849e+00 2.009745717193865966e-01
1.889999999999999902e+00 1.764259016974651650e-01
1.949999999999999956e+00 1.539580546909279368e-01
2.009999999999999787e+00 1.338123053383672711e-01
2.070000000000000284e+00 1.158822345120046754e-01
2.129999999999999893e+00 1.001081133898313880e-01
2.189999999999999947e+00 8.576686311414193076e-02
2.250000000000000000e+00 7.368885090483495715e-02
2.309999999999999609e+00 6.284987026726006343e-02
2.370000000000000107e+00 5.348411778833639385e-02
2.429999999999999716e+00 4.539080031798477938e-02
2.490000000000000213e+00 3.828393973336523953e-02
2.549999999999999822e+00 3.219967135091130611e-02
2.609999999999999876e+00 2.697519998215454698e-02
2.669999999999999929e+00 2.259177499897937688e-02
2.729999999999999538e+00 1.896806089532464268e-02
2.790000000000000036e+00 1.579013987069535427e-02
2.849999999999999645e+00 1.310730993410908971e-02
2.910000000000000142e+00 1.085363344630051706e-02
2.969999999999999751e+00 8.973355228305180883e-03
3.030000000000000249e+00 7.404014578521462067e-03
3.089999999999999858e+00 6.064772696268146829e-03
3.149999999999999911e+00 4.973014269863811412e-03
3.209999999999999964e+00 4.057710429892591973e-03
3.269999999999999574e+00 3.310293008540463652e-03
3.330000000000000071e+00 2.676496942984513388e-03
3.389999999999999680e+00 2.202143304578609885e-03
3.450000000000000178e+00 1.782427258030977934e-03
3.509999999999999787e+00 1.444915951961018652e-03
3.569999999999999840e+00 1.161048826988279967e-03
3.629999999999999893e+00 9.416292251392578564e-04
3.689999999999999503e+00 7.496525955645127028e-04
3.750000000000000000e+00 5.997717469896630786e-04
3.809999999999999609e+00 4.908690923085171727e-04
3.870000000000000107e+00 3.827114956981659882e-04
3.929999999999999716e+00 3.145386822204589475e-04
3.989999999999999769e+00 2.432614601144427900e-04
4.049999999999999822e+00 2.060085565747088573e-04
4.109999999999999432e+00 1.524885518226318270e-04
4.169999999999999929e+00 1.259148139642885769e-04
4.230000000000000426e+00 9.747843092896253474e-05
4.290000000000000036e+00 7.264316190247419047e-05
4.349999999999999645e+00 6.196399622108573048e-05
4.410000000000000142e+00 4.942218536270966719e-05
4.469999999999999751e+00 4.060566485830607967e-05
4.529999999999999361e+00 3.241002607956588490e-05
4.589999999999999858e+00 2.558032709728150721e-05
4.650000000000000355e+00 2.123415501764661448e-05
4.709999999999999964e+00 1.216928182297858227e-05
4.769999999999999574e+00 1.266598720350850840e-05
4.830000000000000071e+00 9.685754920330034138e-06
4.889999999999999680e+00 7.326404362813636350e-06
4.949999999999999289e+00 6.457169946886689990e-06
5.009999999999999787e+00 3.973643044237904691e-06
5.070000000000000284e+00 3.725290353973090281e-06
5.129999999999999893e+00 1.738468831854083090e-06
5.189999999999999503e+00 2.359350557516290639e-06
5.250000000000000000e+00 1.117587106191927000e-06
5.309999999999999609e+00 1.490116141589214259e-06
5.369999999999999218e+00 6.208817256621818194e-07
5.429999999999999716e+00 9.934107610594761727e-07
5.490000000000000213e+00 9.934107610594907840e-07
5.549999999999999822e+00 3.725290353973035648e-07
5.609999999999999432e+00 3.725290353973090705e-07
5.669999999999999929e+00 1.241763451324345216e-07
5.730000000000000426e+00 0.000000000000000000e+00
5.789999999999999147e+00 3.725290353973090705e-07
5.849999999999999645e+00 0.000000000000000000e+00
5.910000000000000142e+00 1.241763451324363480e-07
5.969999999999999751e+00 1.241763451324345216e-07
