2.999999999999999889e-02 9.621965603524670896e-02
8.999999999999999667e-02 1.615889406559379571e-01
1.499999999999999944e-01 2.415234897874579123e-01
2.099999999999999922e-01 3.231547845115091966e-01
2.700000000000000178e-01 4.038275620203417571e-01
3.299999999999999600e-01 4.798519221908532084e-01
3.900000000000000133e-01 5.497798446516657389e-01
4.499999999999999556e-01 6.107440975723090748e-01
5.100000000000000089e-01 6.628380615650174557e-01
5.700000000000000622e-01 7.042970665759689108e-01
6.299999999999998934e-01 7.344531680397162754e-01
6.899999999999999467e-01 7.540272096451238193e-01
7.500000000000000000e-01 7.629547438685904126e-01
8.100000000000000533e-01 7.625386289329527667e-01
8.699999999999998845e-01 7.521480490002352415e-01
9.299999999999999378e-01 7.333698535967081433e-01
9.899999999999999911e-01 7.087378610636803078e-01
1.050000000000000044e+00 6.780034703563426746e-01
1.109999999999999876e+00 6.425439213288228757e-01
1.169999999999999929e+00 6.045028702431063383e-01
1.229999999999999982e+00 5.648051825246375168e-01
1.290000000000000036e+00 5.231297381425108473e-01
1.349999999999999867e+00 4.812916227470448449e-01
1.409999999999999920e+00 4.400505472234258475e-01
1.469999999999999973e+00 3.996376037516651269e-01
1.530000000000000027e+00 3.611945938337624562e-01
1.589999999999999858e+00 3.246924602047416286e-01
1.649999999999999911e+00 2.900025561700833587e-01
1.709999999999999964e+00 2.576657938932181424e-01
1.770000000000000018e+00 2.283003232248206060e-01
1.829999999999999849e+00 2.009068971081624522e-01
1.889999999999999902e+00 1.761970460061563770e-01
1.949999999999999956e+00 1.540030076752777199e-01
2.009999999999999787e+00 1.337988952899724360e-01
2.070000000000000284e+00 1.158829804334709640e-01
2.129999999999999893e+00 9.998095755733198142e-02
2.189999999999999947e+00 8.601223621296473498e-02
2.250000000000000000e+00 7.367593711386971611e-02
2.309999999999999609e+00 6.273873290580653239e-02
2.370000000000000107e+00 5.332355817137163223e-02
2.429999999999999716e+00 4.528475405663939801e-02
2.490000000000000213e+00 3.809146668221351228e-02
2.549999999999999822e+00 3.220463864465985399e-02
2.609999999999999876e+00 2.696203749045334233e-02
2.669999999999999929e+00 2.267894696223366965e-02
2.729999999999999538e+00 1.891193332822966797e-02
2.790000000000000036e+00 1.567068234343363745e-02
2.849999999999999645e+00 1.301976570779553831e-02
2.910000000000000142e+00 1.085624123043360013e-02
2.969999999999999751e+00 8.936474920382776743e-03
3.030000000000000249e+00 7.332240705664365768e-03
3.089999999999999858e+00 6.029755011865975574e-03
3.149999999999999911e+00 4.984562707099014431e-03
3.209999999999999964e+00 4.056841225702488216e-03
3.269999999999999574e+00 3.317743613967526293e-03
3.330000000000000071e+00 2.725298266926615056e-03
3.389999999999999680e+00 2.179170696965196732e-03
3.450000000000000178e+00 1.798570196298587181e-03
3.509999999999999787e+00 1.422067515051879351e-03
3.569999999999999840e+00 1.182903872544909495e-03
3.629999999999999893e+00 9.345511804296580214e-04
3.689999999999999503e+00 7.490317194195717041e-04
3.750000000000000000e+00 6.078432139520563221e-04
3.809999999999999609e+00 4.873921582761636174e-04
3.870000000000000107e+00 3.760059758624773084e-04
3.929999999999999716e+00 3.059705166859789135e-04
3.989999999999999769e+00 2.407779350057295137e-04
4.049999999999999822e+00 1.955777450407521299e-04
4.109999999999999432e+00 1.564621960326040295e-04
4.169999999999999929e+00 1.219411718285832259e-04
4.230000000000000426e+00 9.611249184859961309e-05
4.290000000000000036e+00 7.761021628601275145e-05
4.349999999999999645e+00 5.935629341554342743e-05
4.410000000000000142e+00 4.706283515583882434e-05
4.469999999999999751e+00 3.675619843305563678e-05
4.529999999999999361e+00 2.570450363392780185e-05
4.589999999999999858e+00 2.495944555758170097e-05
4.650000000000000355e+00 1.651545402566375543e-05
4.709999999999999964e+00 1.651545402566351149e-05
4.769999999999999574e+00 1.043081306884026739e-05
4.830000000000000071e+00 8.940696916148800863e-06
4.889999999999999680e+00 6.953875379226742436e-06
4.949999999999999289e+00 4.594524804132023207e-06
5.009999999999999787e+00 3.476937689613371218e-06
5.070000000000000284e+00 3.476937689613422464e-06
5.129999999999999893e+00 2.980232305382889858e-06
5.189999999999999503e+00 1.614292498749089092e-06
5.250000000000000000e+00 1.365939806633844600e-06
5.309999999999999609e+00 1.365939806633824271e-06
5.369999999999999218e+00 1.117587114518600108e-06
5.429999999999999716e+00 2.483526921152407862e-07
5.490000000000000213e+00 4.967053842304888780e-07
5.549999999999999822e+00 8.692344224033428046e-07
5.609999999999999432e+00 0.000000000000000000e+00
5.669999999999999929e+00 2.483526921152407862e-07
5.730000000000000426e+00 0.000000000000000000e+00
5.789999999999999147e+00 1.241763460576222195e-07
5.849999999999999645e+00 0.000000000000000000e+00
5.910000000000000142e+00 0.000000000000000000e+00
5.969999999999999751e+00 2.483526921152407862e-07
