2.999999999999999889e-02 9.626050861870628916e-02
8.999999999999999667e-02 1.621893308723171556e-01
1.499999999999999944e-01 2.418427435694342764e-01
2.099999999999999922e-01 3.230102384314703645e-01
2.700000000000000178e-01 4.039466411169367888e-01
3.299999999999999600e-01 4.798741426061154391e-01
3.900000000000000133e-01 5.496739140376989408e-01
4.499999999999999556e-01 6.108179733963159386e-01
5.100000000000000089e-01 6.633129020282091393e-01
5.700000000000000622e-01 7.036371829880073703e-01
6.299999999999998934e-01 7.343081191254771101e-01
6.899999999999999467e-01 7.539133287016046570e-01
7.500000000000000000e-01 7.632626898333126908e-01
8.100000000000000533e-01 7.620232857417815753e-01
8.699999999999998845e-01 7.514491733271574381e-01
9.299999999999999378e-01 7.337362870604013931e-01
9.899999999999999911e-01 7.082720650355417424e-01
1.050000000000000044e+00 6.777133843132354674e-01
1.109999999999999876e+00 6.429983971739707815e-01
1.169999999999999929e+00 6.044358060094395801e-01
1.229999999999999982e+00 5.638672701805870213e-01
1.290000000000000036e+00 5.226266919768867147e-01
1.349999999999999867e+00 4.819170918210126664e-01
1.409999999999999920e+00 4.399900667865326853e-01
1.469999999999999973e+00 4.002766092638911921e-01
1.530000000000000027e+00 3.614795731614992014e-01
1.589999999999999858e+00 3.241928939337011539e-01
1.649999999999999911e+00 2.903391939178543435e-01
1.709999999999999964e+00 2.580576905960166867e-01
1.770000000000000018e+00 2.282968428852428511e-01
1.829999999999999849e+00 2.011436984028195929e-01
1.889999999999999902e+00 1.763043317420108502e-01
1.949999999999999956e+00 1.541828127268661808e-01
2.009999999999999787e+00 1.336080342551669853e-01
2.070000000000000284e+00 1.158600060830016348e-01
2.129999999999999893e+00 9.995835597285387952e-02
2.189999999999999947e+00 8.582857811820000793e-02
2.250000000000000000e+00 7.371182297948858375e-02
2.309999999999999609e+00 6.267080751064520172e-02
2.370000000000000107e+00 5.335733334241305609e-02
2.429999999999999716e+00 4.532486234102291178e-02
2.490000000000000213e+00 3.819577424374050872e-02
2.549999999999999822e+00 3.214081152385082213e-02
2.609999999999999876e+00 2.701754391454831358e-02
2.669999999999999929e+00 2.256644285643925538e-02
2.729999999999999538e+00 1.885580533883822463e-02
2.790000000000000036e+00 1.568024368842622918e-02
2.849999999999999645e+00 1.306372393963527515e-02
2.910000000000000142e+00 1.085909712457976649e-02
2.969999999999999751e+00 8.854642576386342542e-03
3.030000000000000249e+00 7.419660742727367253e-03
3.089999999999999858e+00 6.064027593016824494e-03
3.149999999999999911e+00 4.987046159707385524e-03
3.209999999999999964e+00 4.115576576060871877e-03
3.269999999999999574e+00 3.299613818275035255e-03
3.330000000000000071e+00 2.719213585450350797e-03
3.389999999999999680e+00 2.162406858025043774e-03
3.450000000000000178e+00 1.775970074852083061e-03
3.509999999999999787e+00 1.463790745515057643e-03
3.569999999999999840e+00 1.145650951656092915e-03
3.629999999999999893e+00 9.408841600583298841e-04
3.689999999999999503e+00 7.397184824425855499e-04
3.750000000000000000e+00 5.866090500350469410e-04
3.809999999999999609e+00 4.851569768177239721e-04
3.870000000000000107e+00 3.858159014519243557e-04
3.929999999999999716e+00 3.062188648150773805e-04
3.989999999999999769e+00 2.462416905629776940e-04
4.049999999999999822e+00 1.919766281444063960e-04
4.109999999999999432e+00 1.518676689654673321e-04
4.169999999999999929e+00 1.254181076493211225e-04
4.230000000000000426e+00 9.288390546702335251e-05
4.290000000000000036e+00 7.934868394843186607e-05
4.349999999999999645e+00 6.121893769417448695e-05
4.410000000000000142e+00 4.718701079875518096e-05
4.469999999999999751e+00 3.650784519693109391e-05
4.529999999999999361e+00 2.868473551187485687e-05
4.589999999999999858e+00 2.148250754785401429e-05
4.650000000000000355e+00 1.750886453322231668e-05
4.709999999999999964e+00 1.353522151859010069e-05
4.769999999999999574e+00 8.568167750300282164e-06
4.830000000000000071e+00 8.319815061885782852e-06
4.889999999999999680e+00 8.071462373471161567e-06
4.949999999999999289e+00 6.829698931398775969e-06
5.009999999999999787e+00 4.594524735668199153e-06
5.070000000000000284e+00 2.235174195730508206e-06
5.129999999999999893e+00 1.862645163108729381e-06
5.189999999999999503e+00 2.110997851523258127e-06
5.250000000000000000e+00 7.450580652435028061e-07
5.309999999999999609e+00 1.862645163108729381e-06
5.369999999999999218e+00 6.208817210362524090e-07
5.429999999999999716e+00 8.692344094507404977e-07
5.490000000000000213e+00 7.450580652435028061e-07
5.549999999999999822e+00 4.967053768289946003e-07
5.609999999999999432e+00 2.483526884145009530e-07
5.669999999999999929e+00 0.000000000000000000e+00
5.730000000000000426e+00 1.241763442072504765e-07
5.789999999999999147e+00 0.000000000000000000e+00
5.849999999999999645e+00 2.483526884144973002e-07
5.910000000000000142e+00 1.241763442072504765e-07
5.969999999999999751e+00 0.000000000000000000e+00
