2.999999999999999889e-02 9.609932915591687386e-02
8.999999999999999667e-02 1.617152279998785580e-01
1.499999999999999944e-01 2.414214168309985475e-01
2.099999999999999922e-01 3.231248580121093283e-01
2.700000000000000178e-01 4.038593511649324896e-01
3.299999999999999600e-01 4.796935973496297412e-01
3.900000000000000133e-01 5.495548371126093290e-01
4.499999999999999556e-01 6.106966622081150264e-01
5.100000000000000089e-01 6.627531249443140426e-01
5.700000000000000622e-01 7.045339950442468524e-01
6.299999999999998934e-01 7.347577726165955836e-01
6.899999999999999467e-01 7.539659907065173750e-01
7.500000000000000000e-01 7.631909272787920084e-01
8.100000000000000533e-01 7.625504256858282037e-01
8.699999999999998845e-01 7.515932290860497522e-01
9.299999999999999378e-01 7.336614196572515123e-01
9.899999999999999911e-01 7.085137227590462272e-01
1.050000000000000044e+00 6.781858854087012833e-01
1.109999999999999876e+00 6.428300236301396353e-01
1.169999999999999929e+00 6.046122696039830657e-01
1.229999999999999982e+00 5.643777675415071471e-01
1.290000000000000036e+00 5.230780807825508028e-01
1.349999999999999867e+00 4.813641417331424588e-01
1.409999999999999920e+00 4.400314240661329368e-01
1.469999999999999973e+00 4.001199046797528913e-01
1.530000000000000027e+00 3.613334229886548399e-01
1.589999999999999858e+00 3.246969305531997030e-01
1.649999999999999911e+00 2.902696594904533023e-01
1.709999999999999964e+00 2.580467669229229433e-01
1.770000000000000018e+00 2.277780375133022506e-01
1.829999999999999849e+00 2.006920720294827765e-01
1.889999999999999902e+00 1.762375274949711523e-01
1.949999999999999956e+00 1.539215479922639296e-01
2.009999999999999787e+00 1.339452992019743716e-01
2.070000000000000284e+00 1.157010620864965394e-01
2.129999999999999893e+00 9.978836004459661069e-02
2.189999999999999947e+00 8.592878970841401343e-02
2.250000000000000000e+00 7.354058489666689957e-02
2.309999999999999609e+00 6.273252408850364670e-02
2.370000000000000107e+00 5.342078825033474976e-02
2.429999999999999716e+00 4.520615042958492369e-02
2.490000000000000213e+00 3.827350920553398289e-02
2.549999999999999822e+00 3.203960828074927519e-02
2.609999999999999876e+00 2.706274450710607557e-02
2.669999999999999929e+00 2.260742138690447975e-02
2.729999999999999538e+00 1.894210818032166996e-02
2.790000000000000036e+00 1.573972439184167377e-02
2.849999999999999645e+00 1.305614937719042079e-02
2.910000000000000142e+00 1.080781245547112780e-02
2.969999999999999751e+00 8.941193621532965777e-03
3.030000000000000249e+00 7.381787067741356692e-03
3.089999999999999858e+00 6.059805687611919366e-03
3.149999999999999911e+00 4.929676762141545210e-03
3.209999999999999964e+00 4.085153432603625887e-03
3.269999999999999574e+00 3.284216000531968525e-03
3.330000000000000071e+00 2.705802580595568357e-03
3.389999999999999680e+00 2.195934503682975616e-03
3.450000000000000178e+00 1.776466806700330433e-03
3.509999999999999787e+00 1.423681807550628356e-03
3.569999999999999840e+00 1.174335704666933620e-03
3.629999999999999893e+00 9.474655204196506071e-04
3.689999999999999503e+00 7.469207215365921771e-04
3.750000000000000000e+00 6.044904526085005452e-04
3.809999999999999609e+00 4.917383303881803832e-04
3.870000000000000107e+00 3.849466727786261008e-04
3.929999999999999716e+00 3.007551101515588163e-04
3.989999999999999769e+00 2.440065200032276872e-04
4.049999999999999822e+00 1.983096246540197818e-04
4.109999999999999432e+00 1.500050260376076553e-04
4.169999999999999929e+00 1.247972277879084947e-04
4.230000000000000426e+00 9.723007896311821891e-05
4.290000000000000036e+00 8.158385935985659895e-05
4.349999999999999645e+00 5.997717514583153877e-05
4.410000000000000142e+00 4.842877496247267741e-05
4.469999999999999751e+00 4.110237054507234837e-05
4.529999999999999361e+00 2.905726497748360238e-05
4.589999999999999858e+00 2.495944555758170097e-05
4.650000000000000355e+00 1.663963037172137905e-05
4.709999999999999964e+00 1.378357441239586464e-05
4.769999999999999574e+00 1.067916576095551125e-05
4.830000000000000071e+00 8.071462493745443976e-06
4.889999999999999680e+00 6.084640956823399950e-06
4.949999999999999289e+00 4.842877496247267064e-06
5.009999999999999787e+00 4.346172112016714129e-06
5.070000000000000284e+00 3.352761343555800535e-06
5.129999999999999893e+00 2.483526921152408074e-06
5.189999999999999503e+00 1.986821536921955512e-06
5.250000000000000000e+00 8.692344224033556159e-07
5.309999999999999609e+00 1.241763460576204037e-06
5.369999999999999218e+00 1.365939806633844600e-06
5.429999999999999716e+00 7.450580763457224644e-07
5.490000000000000213e+00 9.934107684609777560e-07
5.549999999999999822e+00 2.483526921152407862e-07
5.609999999999999432e+00 3.725290381728667379e-07
5.669999999999999929e+00 1.241763460576203931e-07
5.730000000000000426e+00 2.483526921152444390e-07
5.789999999999999147e+00 2.483526921152444390e-07
5.849999999999999645e+00 0.000000000000000000e+00
5.910000000000000142e+00 1.241763460576222195e-07
5.969999999999999751e+00 0.000000000000000000e+00
