2.999999999999999889e-02 9.633724888165792755e-02
8.999999999999999667e-02 1.619196186463038312e-01
1.499999999999999944e-01 2.414483577013015747e-01
2.099999999999999922e-01 3.234591335058212280e-01
2.700000000000000178e-01 4.038309057553609582e-01
3.299999999999999600e-01 4.800387968619664880e-01
3.900000000000000133e-01 5.496033777793248865e-01
4.499999999999999556e-01 6.109605232874553149e-01
5.100000000000000089e-01 6.625905632972711734e-01
5.700000000000000622e-01 7.040381431579596505e-01
6.299999999999998934e-01 7.347819705804196078e-01
6.899999999999999467e-01 7.541834066311511320e-01
7.500000000000000000e-01 7.628002514441801774e-01
8.100000000000000533e-01 7.620214174191164425e-01
8.699999999999998845e-01 7.516411443551388460e-01
9.299999999999999378e-01 7.331190009911848771e-01
9.899999999999999911e-01 7.086545228958123221e-01
1.050000000000000044e+00 6.783020993073775040e-01
1.109999999999999876e+00 6.427357594172178334e-01
1.169999999999999929e+00 6.045134117205932522e-01
1.229999999999999982e+00 5.645694832007085440e-01
1.290000000000000036e+00 5.229006210962946488e-01
1.349999999999999867e+00 4.808947443962092727e-01
1.409999999999999920e+00 4.398425420125321450e-01
1.469999999999999973e+00 3.996228178342179915e-01
1.530000000000000027e+00 3.612250089645382412e-01
1.589999999999999858e+00 3.246239076058078932e-01
1.649999999999999911e+00 2.900939434766766634e-01
1.709999999999999964e+00 2.581875771284101173e-01
1.770000000000000018e+00 2.283249050378805822e-01
1.829999999999999849e+00 2.012026806672412294e-01
1.889999999999999902e+00 1.765881975491840061e-01
1.949999999999999956e+00 1.539854953686394801e-01
2.009999999999999787e+00 1.339585830767948127e-01
2.070000000000000284e+00 1.159816980361937505e-01
2.129999999999999893e+00 1.000244170427321555e-01
2.189999999999999947e+00 8.597771326700902328e-02
2.250000000000000000e+00 7.354406019051863697e-02
2.309999999999999609e+00 6.266124546527856998e-02
2.370000000000000107e+00 5.343233545621231539e-02
2.429999999999999716e+00 4.531964659690852770e-02
2.490000000000000213e+00 3.819266955057776247e-02
2.549999999999999822e+00 3.202743828296658601e-02
2.609999999999999876e+00 2.693484226862606981e-02
2.669999999999999929e+00 2.257004380226133172e-02
2.729999999999999538e+00 1.893242200215655702e-02
2.790000000000000036e+00 1.577300330003101117e-02
2.849999999999999645e+00 1.305080950260161139e-02
2.910000000000000142e+00 1.076497137546538266e-02
2.969999999999999751e+00 8.864700794219962030e-03
3.030000000000000249e+00 7.353474696477247871e-03
3.089999999999999858e+00 6.023049354553217452e-03
3.149999999999999911e+00 4.953021804491711255e-03
3.209999999999999964e+00 4.036227862040198643e-03
3.269999999999999574e+00 3.313769896825151731e-03
3.330000000000000071e+00 2.679352958997088200e-03
3.389999999999999680e+00 2.192209164301552483e-03
3.450000000000000178e+00 1.794844865798948677e-03
3.509999999999999787e+00 1.439824700355528484e-03
3.569999999999999840e+00 1.173218091328946536e-03
3.629999999999999893e+00 9.424984455108633905e-04
3.689999999999999503e+00 7.492800553639723674e-04
3.750000000000000000e+00 5.940596262613926509e-04
3.809999999999999609e+00 4.891306161880488827e-04
3.870000000000000107e+00 3.933906555175777997e-04
3.929999999999999716e+00 3.077089786529538305e-04
3.989999999999999769e+00 2.499669790267960599e-04
4.049999999999999822e+00 1.995513836542748675e-04
4.109999999999999432e+00 1.533577839533497894e-04
4.169999999999999929e+00 1.188367605209340693e-04
4.230000000000000426e+00 9.636084238688213835e-05
4.290000000000000036e+00 8.220473925272555032e-05
4.349999999999999645e+00 6.196399529775023930e-05
4.410000000000000142e+00 4.656612873077423071e-05
4.469999999999999751e+00 3.688037395477264429e-05
4.529999999999999361e+00 2.880891164143899069e-05
4.589999999999999858e+00 2.185503641764304734e-05
4.650000000000000355e+00 1.614292462666839817e-05
4.709999999999999964e+00 1.577039559682197299e-05
4.769999999999999574e+00 1.241763432820646039e-05
4.830000000000000071e+00 8.692344029744522615e-06
4.889999999999999680e+00 4.718701044718384951e-06
4.949999999999999289e+00 4.842877388000519621e-06
5.009999999999999787e+00 5.339582761128699162e-06
5.070000000000000284e+00 3.601113955179873836e-06
5.129999999999999893e+00 2.607703208923318244e-06
5.189999999999999503e+00 2.359350522359227627e-06
5.250000000000000000e+00 1.862645149230969101e-06
5.309999999999999609e+00 6.208817164103138929e-07
5.369999999999999218e+00 7.450580596923876829e-07
5.429999999999999716e+00 9.934107462565022287e-07
5.490000000000000213e+00 6.208817164103231044e-07
5.549999999999999822e+00 3.725290298461883358e-07
5.609999999999999432e+00 3.725290298461938415e-07
5.669999999999999929e+00 2.483526865641255572e-07
5.730000000000000426e+00 1.241763432820646050e-07
5.789999999999999147e+00 2.483526865641292100e-07
5.849999999999999645e+00 0.000000000000000000e+00
5.910000000000000142e+00 2.483526865641292100e-07
5.969999999999999751e+00 1.241763432820627786e-07
