2.999999999999999889e-02 9.630123845960626705e-02
8.999999999999999667e-02 1.616942397879628512e-01
1.499999999999999944e-01 2.415895480035956666e-01
2.099999999999999922e-01 3.229584568959359414e-01
2.700000000000000178e-01 4.038219680673527656e-01
3.299999999999999600e-01 4.797536915522343515e-01
3.900000000000000133e-01 5.498942028723224906e-01
4.499999999999999556e-01 6.110999778740106025e-01
5.100000000000000089e-01 6.624968150940790945e-01
5.700000000000000622e-01 7.042393140810683239e-01
6.299999999999998934e-01 7.344678099041275221e-01
6.899999999999999467e-01 7.538115040993548233e-01
7.500000000000000000e-01 7.631436047192179384e-01
8.100000000000000533e-01 7.623958147744033242e-01
8.699999999999998845e-01 7.516934281962130981e-01
9.299999999999999378e-01 7.342174703942043745e-01
9.899999999999999911e-01 7.086126807477022282e-01
1.050000000000000044e+00 6.776987315046190119e-01
1.109999999999999876e+00 6.431264229848484559e-01
1.169999999999999929e+00 6.041037584650295056e-01
1.229999999999999982e+00 5.643783800133440609e-01
1.290000000000000036e+00 5.229906528417581635e-01
1.349999999999999867e+00 4.814349150764558605e-01
1.409999999999999920e+00 4.399842304983550001e-01
1.469999999999999973e+00 3.997668653709204323e-01
1.530000000000000027e+00 3.613008834021849691e-01
1.589999999999999858e+00 3.244942699210921488e-01
1.649999999999999911e+00 2.901210160810822059e-01
1.709999999999999964e+00 2.580492466046106492e-01
1.770000000000000018e+00 2.280998992033301531e-01
1.829999999999999849e+00 2.012029305190064510e-01
1.889999999999999902e+00 1.762416226881861614e-01
1.949999999999999956e+00 1.540534209762021989e-01
2.009999999999999787e+00 1.338693012833790386e-01
2.070000000000000284e+00 1.157842585130352125e-01
2.129999999999999893e+00 1.000414299471285295e-01
2.189999999999999947e+00 8.571532929228299624e-02
2.250000000000000000e+00 7.367543931063584572e-02
2.309999999999999609e+00 6.276083536019544384e-02
2.370000000000000107e+00 5.331312656387528215e-02
2.429999999999999716e+00 4.515896274516203318e-02
2.490000000000000213e+00 3.818633684158075775e-02
2.549999999999999822e+00 3.219631834971146273e-02
2.609999999999999876e+00 2.711800257701197855e-02
2.669999999999999929e+00 2.257712202204107538e-02
2.729999999999999538e+00 1.881519967428245399e-02
2.790000000000000036e+00 1.577921223475940715e-02
2.849999999999999645e+00 1.306608329017521115e-02
2.910000000000000142e+00 1.082643874605325809e-02
2.969999999999999751e+00 8.957088060357323508e-03
3.030000000000000249e+00 7.383401250218851221e-03
3.089999999999999858e+00 6.052851722038172025e-03
3.149999999999999911e+00 4.961341656456484846e-03
3.209999999999999964e+00 4.059821397511816782e-03
3.269999999999999574e+00 3.300234699996071070e-03
3.330000000000000071e+00 2.691398084347926874e-03
3.389999999999999680e+00 2.189104772029602450e-03
3.450000000000000178e+00 1.761317266235627602e-03
3.509999999999999787e+00 1.451745640126954427e-03
3.569999999999999840e+00 1.131370672072258988e-03
3.629999999999999893e+00 9.202708869199264412e-04
3.689999999999999503e+00 7.448097125550828942e-04
3.750000000000000000e+00 6.059805597313777789e-04
3.809999999999999609e+00 4.719942843317555085e-04
3.870000000000000107e+00 3.748883831616863860e-04
3.929999999999999716e+00 3.084540390108078743e-04
3.989999999999999769e+00 2.505878626102314862e-04
4.049999999999999822e+00 1.958260948148310811e-04
4.109999999999999432e+00 1.542270195054050756e-04
4.169999999999999929e+00 1.252939313051138728e-04
4.230000000000000426e+00 9.797513557952061550e-05
4.290000000000000036e+00 8.208056352099134495e-05
4.349999999999999645e+00 5.687276564692071511e-05
4.410000000000000142e+00 4.755953983137692993e-05
4.469999999999999751e+00 3.551443444327311022e-05
4.529999999999999361e+00 2.942979357711836158e-05
4.589999999999999858e+00 2.409021077620623674e-05
4.650000000000000355e+00 1.688798281218606502e-05
4.709999999999999964e+00 1.440445592804084150e-05
4.769999999999999574e+00 1.043081291340903886e-05
4.830000000000000071e+00 9.561578503958286188e-06
4.889999999999999680e+00 6.457169898776928746e-06
4.949999999999999289e+00 4.718701079875518266e-06
5.009999999999999787e+00 3.228584949388464373e-06
5.070000000000000284e+00 2.980232260974011224e-06
5.129999999999999893e+00 2.856055916766718370e-06
5.189999999999999503e+00 9.934107536580038120e-07
5.250000000000000000e+00 9.934107536580038120e-07
5.309999999999999609e+00 1.365939786279734992e-06
5.369999999999999218e+00 9.934107536580038120e-07
5.429999999999999716e+00 4.967053768289946003e-07
5.490000000000000213e+00 2.483526884145009530e-07
5.549999999999999822e+00 6.208817210362431975e-07
5.609999999999999432e+00 2.483526884145009530e-07
5.669999999999999929e+00 2.483526884144973002e-07
5.730000000000000426e+00 3.725290326217514030e-07
5.789999999999999147e+00 2.483526884145009530e-07
5.849999999999999645e+00 1.241763442072486501e-07
5.910000000000000142e+00 2.483526884145009530e-07
5.969999999999999751e+00 0.000000000000000000e+00
