2.999999999999999889e-02 9.603835785446104834e-02
8.999999999999999667e-02 1.616684123128912798e-01
1.499999999999999944e-01 2.412762528848089727e-01
2.099999999999999922e-01 3.232204713903935045e-01
2.700000000000000178e-01 4.037682027186185740e-01
3.299999999999999600e-01 4.801554056031814288e-01
3.900000000000000133e-01 5.496610037931949355e-01
4.499999999999999556e-01 6.106870960794951175e-01
5.100000000000000089e-01 6.629342932939666921e-01
5.700000000000000622e-01 7.044151530327676936e-01
6.299999999999998934e-01 7.347468396238517885e-01
6.899999999999999467e-01 7.540892921997495169e-01
7.500000000000000000e-01 7.628843301964445267e-01
8.100000000000000533e-01 7.618407521919529080e-01
8.699999999999998845e-01 7.524899008744451168e-01
9.299999999999999378e-01 7.333329677581725825e-01
9.899999999999999911e-01 7.086539125738621214e-01
1.050000000000000044e+00 6.781110020197077537e-01
1.109999999999999876e+00 6.427228546548332533e-01
1.169999999999999929e+00 6.044590314893771854e-01
1.229999999999999982e+00 5.642878596626891285e-01
1.290000000000000036e+00 5.231565563354391157e-01
1.349999999999999867e+00 4.817511958144778950e-01
1.409999999999999920e+00 4.400136635702893706e-01
1.469999999999999973e+00 3.996097852728232036e-01
1.530000000000000027e+00 3.612782859992721973e-01
1.589999999999999858e+00 3.244577644932939431e-01
1.649999999999999911e+00 2.902199867897227725e-01
1.709999999999999964e+00 2.578936555667764030e-01
1.770000000000000018e+00 2.283352150768328259e-01
1.829999999999999849e+00 2.009419133406167290e-01
1.889999999999999902e+00 1.761619027877135701e-01
1.949999999999999956e+00 1.540561540035825794e-01
2.009999999999999787e+00 1.337525765163585789e-01
2.070000000000000284e+00 1.158650981763763993e-01
2.129999999999999893e+00 9.998195022317685199e-02
2.189999999999999947e+00 8.597535519761929923e-02
2.250000000000000000e+00 7.368475308544558677e-02
2.309999999999999609e+00 6.269576742295072946e-02
2.370000000000000107e+00 5.335137327538982260e-02
2.429999999999999716e+00 4.526687232554261336e-02
2.490000000000000213e+00 3.804204421304725747e-02
2.549999999999999822e+00 3.214950410747779291e-02
2.609999999999999876e+00 2.695135812388911936e-02
2.669999999999999929e+00 2.257588042680242282e-02
2.729999999999999538e+00 1.887070664074081555e-02
2.790000000000000036e+00 1.569887025702301417e-02
2.849999999999999645e+00 1.306956032518882815e-02
2.910000000000000142e+00 1.078198369515910408e-02
2.969999999999999751e+00 8.906672530969063015e-03
3.030000000000000249e+00 7.343043993061436521e-03
3.089999999999999858e+00 6.071850747940695653e-03
3.149999999999999911e+00 5.008901233607084696e-03
3.209999999999999964e+00 4.042064210405905099e-03
3.269999999999999574e+00 3.299365490168809471e-03
3.330000000000000071e+00 2.706547618506562492e-03
3.389999999999999680e+00 2.198914719605166417e-03
3.450000000000000178e+00 1.771375563314191463e-03
3.509999999999999787e+00 1.444791775615886145e-03
3.569999999999999840e+00 1.179799455103277585e-03
3.629999999999999893e+00 9.369105240242252709e-04
3.689999999999999503e+00 7.479141267326585695e-04
3.750000000000000000e+00 6.136794976444959280e-04
3.809999999999999609e+00 4.868954492642793086e-04
3.870000000000000107e+00 3.925214269636283573e-04
3.929999999999999716e+00 3.023694003974802856e-04
3.989999999999999769e+00 2.426405783887806305e-04
4.049999999999999822e+00 1.965711543446438218e-04
4.109999999999999432e+00 1.545995496898832397e-04
4.169999999999999929e+00 1.298884570085264952e-04
4.230000000000000426e+00 9.723007823869766824e-05
4.290000000000000036e+00 7.860362646883104073e-05
4.349999999999999645e+00 6.295740698214522359e-05
4.410000000000000142e+00 4.520018962820682824e-05
4.469999999999999751e+00 3.849466699105470084e-05
4.529999999999999361e+00 3.042320455744690545e-05
4.589999999999999858e+00 2.260009481410307869e-05
4.650000000000000355e+00 1.825392273446814191e-05
4.709999999999999964e+00 1.266598720350832035e-05
4.769999999999999574e+00 1.229345816811119848e-05
4.830000000000000071e+00 9.313225884932725915e-06
4.889999999999999680e+00 5.712111876091987146e-06
4.949999999999999289e+00 5.339582840694762779e-06
5.009999999999999787e+00 3.849466699105469746e-06
5.070000000000000284e+00 2.731879592913599709e-06
5.129999999999999893e+00 2.110997867251386443e-06
5.189999999999999503e+00 1.986821522118981568e-06
5.250000000000000000e+00 1.986821522118981568e-06
5.309999999999999609e+00 1.241763451324345216e-06
5.369999999999999218e+00 7.450580707946181409e-07
5.429999999999999716e+00 8.692344159270415452e-07
5.490000000000000213e+00 3.725290353973090705e-07
5.549999999999999822e+00 4.967053805297380863e-07
5.609999999999999432e+00 2.483526902648726960e-07
5.669999999999999929e+00 1.241763451324345216e-07
5.730000000000000426e+00 1.241763451324363480e-07
5.789999999999999147e+00 1.241763451324363480e-07
5.849999999999999645e+00 0.000000000000000000e+00
5.910000000000000142e+00 0.000000000000000000e+00
5.969999999999999751e+00 1.241763451324345216e-07
