2.999999999999999889e-02 9.609038631121318008e-02
8.999999999999999667e-02 1.614368210236231671e-01
1.499999999999999944e-01 2.416279166936874390e-01
2.099999999999999922e-01 3.231133023897806988e-01
2.700000000000000178e-01 4.038972159226735803e-01
3.299999999999999600e-01 4.795769850413004742e-01
3.900000000000000133e-01 5.496860792239507409e-01
4.499999999999999556e-01 6.108106424411138269e-01
5.100000000000000089e-01 6.629433482885355167e-01
5.700000000000000622e-01 7.045328617095953927e-01
6.299999999999998934e-01 7.348380982875830636e-01
6.899999999999999467e-01 7.543882975975665373e-01
7.500000000000000000e-01 7.625028491020195975e-01
8.100000000000000533e-01 7.619821776946392733e-01
8.699999999999998845e-01 7.518300165732708651e-01
9.299999999999999378e-01 7.338372369607283341e-01
9.899999999999999911e-01 7.085548092921568619e-01
1.050000000000000044e+00 6.776568790276839005e-01
1.109999999999999876e+00 6.431649128596006459e-01
1.169999999999999929e+00 6.049294024705881290e-01
1.229999999999999982e+00 5.642835050821298770e-01
1.290000000000000036e+00 5.233095337947224479e-01
1.349999999999999867e+00 4.809791843096410946e-01
1.409999999999999920e+00 4.401642829179759908e-01
1.469999999999999973e+00 4.000239074230190761e-01
1.530000000000000027e+00 3.611168513695395821e-01
1.589999999999999858e+00 3.240335732698449434e-01
1.649999999999999911e+00 2.901347974936164809e-01
1.709999999999999964e+00 2.580409248669939815e-01
1.770000000000000018e+00 2.283028016487763656e-01
1.829999999999999849e+00 2.015209446350731681e-01
1.889999999999999902e+00 1.761992772420245823e-01
1.949999999999999956e+00 1.539761821428933253e-01
2.009999999999999787e+00 1.336968193451562315e-01
2.070000000000000284e+00 1.158643513917922002e-01
2.129999999999999893e+00 9.996468822161347356e-02
2.189999999999999947e+00 8.606736858685867797e-02
2.250000000000000000e+00 7.350854575633995747e-02
2.309999999999999609e+00 6.268657743930811099e-02
2.370000000000000107e+00 5.336416264375046237e-02
2.429999999999999716e+00 4.511624574661250719e-02
2.490000000000000213e+00 3.823190927505489695e-02
2.549999999999999822e+00 3.218812247117357889e-02
2.609999999999999876e+00 2.703890204429644159e-02
2.669999999999999929e+00 2.253800630569455926e-02
2.729999999999999538e+00 1.882029076417285687e-02
2.790000000000000036e+00 1.571327447891233964e-02
2.849999999999999645e+00 1.305143038431802287e-02
2.910000000000000142e+00 1.080483198165892514e-02
2.969999999999999751e+00 8.937592307726534638e-03
3.030000000000000249e+00 7.357199986775709785e-03
3.089999999999999858e+00 6.067131956418349813e-03
3.149999999999999911e+00 4.975001017252636548e-03
3.209999999999999964e+00 4.047031203905738193e-03
3.269999999999999574e+00 3.273164232571916868e-03
3.330000000000000071e+00 2.694502472877499839e-03
3.389999999999999680e+00 2.160544196764626213e-03
3.450000000000000178e+00 1.771748065948484810e-03
3.509999999999999787e+00 1.430014769236245516e-03
3.569999999999999840e+00 1.156081755956021515e-03
3.629999999999999893e+00 9.328126907348624139e-04
3.689999999999999503e+00 7.547438144683831385e-04
3.750000000000000000e+00 6.039937337239578274e-04
3.809999999999999609e+00 4.844119151433304402e-04
3.870000000000000107e+00 3.866851329803463544e-04
3.929999999999999716e+00 3.173947334289548071e-04
3.989999999999999769e+00 2.457449833552058545e-04
4.049999999999999822e+00 1.952052116394026706e-04
4.109999999999999432e+00 1.631677150726328930e-04
4.169999999999999929e+00 1.269082228342681667e-04
4.230000000000000426e+00 9.511907895406149129e-05
4.290000000000000036e+00 7.599592208862242346e-05
4.349999999999999645e+00 5.799035231272417278e-05
4.410000000000000142e+00 4.656612873077423071e-05
4.469999999999999751e+00 3.750125567118295426e-05
4.529999999999999361e+00 2.669791380564389137e-05
4.589999999999999858e+00 2.260009447733542337e-05
4.650000000000000355e+00 1.788139343261730270e-05
4.709999999999999964e+00 1.601874828338609833e-05
4.769999999999999574e+00 1.117587089538581503e-05
4.830000000000000071e+00 7.574756940205941620e-06
4.889999999999999680e+00 7.947285970052017829e-06
4.949999999999999289e+00 4.718701044718455255e-06
5.009999999999999787e+00 3.476937611897757800e-06
5.070000000000000284e+00 4.346172014872261307e-06
5.129999999999999893e+00 3.228584925333632031e-06
5.189999999999999503e+00 1.490116119384775366e-06
5.250000000000000000e+00 1.365939776102710787e-06
5.309999999999999609e+00 6.208817164103138929e-07
5.369999999999999218e+00 2.483526865641292100e-07
5.429999999999999716e+00 1.241763432820627786e-07
5.490000000000000213e+00 3.725290298461938415e-07
5.549999999999999822e+00 1.241763432820627786e-07
5.609999999999999432e+00 2.483526865641292100e-07
5.669999999999999929e+00 1.241763432820627786e-07
5.730000000000000426e+00 2.483526865641292100e-07
5.789999999999999147e+00 0.000000000000000000e+00
5.849999999999999645e+00 2.483526865641255572e-07
5.910000000000000142e+00 0.000000000000000000e+00
5.969999999999999751e+00 0.000000000000000000e+00
