2.999999999999999889e-02 9.615483454978591971e-02
8.999999999999999667e-02 1.618389052289642693e-01
1.499999999999999944e-01 2.415176499002996691e-01
2.099999999999999922e-01 3.234338039415612931e-01
2.700000000000000178e-01 4.037744085275213890e-01
3.299999999999999600e-01 4.798413600512447252e-01
3.900000000000000133e-01 5.497408450872266483e-01
4.499999999999999556e-01 6.109459992071937240e-01
5.100000000000000089e-01 6.629967490558574816e-01
5.700000000000000622e-01 7.039945625066358348e-01
6.299999999999998934e-01 7.349076425153097114e-01
6.899999999999999467e-01 7.544123934289737043e-01
7.500000000000000000e-01 7.629342434028845155e-01
8.100000000000000533e-01 7.620944387870123293e-01
8.699999999999998845e-01 7.522471305150332244e-01
9.299999999999999378e-01 7.332199618211876491e-01
9.899999999999999911e-01 7.080579850181284440e-01
1.050000000000000044e+00 6.782125732169486110e-01
1.109999999999999876e+00 6.424179969411460966e-01
1.169999999999999929e+00 6.044959073600360000e-01
1.229999999999999982e+00 5.640588742796986965e-01
1.290000000000000036e+00 5.226921329102838243e-01
1.349999999999999867e+00 4.813020463881541589e-01
1.409999999999999920e+00 4.397187414744398448e-01
1.469999999999999973e+00 4.000594248378727125e-01
1.530000000000000027e+00 3.615619020777086079e-01
1.589999999999999858e+00 3.245716317835332654e-01
1.649999999999999911e+00 2.899744879949176513e-01
1.709999999999999964e+00 2.579340109571862660e-01
1.770000000000000018e+00 2.284824865198326893e-01
1.829999999999999849e+00 2.009127304025941085e-01
1.889999999999999902e+00 1.762680722495023056e-01
1.949999999999999956e+00 1.539518447266406964e-01
2.009999999999999787e+00 1.339952160964051897e-01
2.070000000000000284e+00 1.158944029303470430e-01
2.129999999999999893e+00 9.995276803736455329e-02
2.189999999999999947e+00 8.585155074187833524e-02
2.250000000000000000e+00 7.357249712128804964e-02
2.309999999999999609e+00 6.287048307213045917e-02
2.370000000000000107e+00 5.343171497259319863e-02
2.429999999999999716e+00 4.528723690872811514e-02
2.490000000000000213e+00 3.831647365030995539e-02
2.549999999999999822e+00 3.209201022057737301e-02
2.609999999999999876e+00 2.703207254682056179e-02
2.669999999999999929e+00 2.263536072747427894e-02
2.729999999999999538e+00 1.886921638401260759e-02
2.790000000000000036e+00 1.567093046261068545e-02
2.849999999999999645e+00 1.306260635253740990e-02
2.910000000000000142e+00 1.076012857824658678e-02
2.969999999999999751e+00 8.963172701223480476e-03
3.030000000000000249e+00 7.404014523357253796e-03
3.089999999999999858e+00 6.049995666121405283e-03
3.149999999999999911e+00 4.951655901608319373e-03
3.209999999999999964e+00 4.041567474913351082e-03
3.269999999999999574e+00 3.283843422560714116e-03
3.330000000000000071e+00 2.673640867126290174e-03
3.389999999999999680e+00 2.211456513986907388e-03
3.450000000000000178e+00 1.764049145808187094e-03
3.509999999999999787e+00 1.457209399272073628e-03
3.569999999999999840e+00 1.170858749530164595e-03
3.629999999999999893e+00 9.279698202607758115e-04
3.689999999999999503e+00 7.531295276169685127e-04
3.750000000000000000e+00 6.018827403725385402e-04
3.809999999999999609e+00 4.931042628469879500e-04
3.870000000000000107e+00 4.032005896409393076e-04
3.929999999999999716e+00 3.049771013730049381e-04
3.989999999999999769e+00 2.440065163672471731e-04
4.049999999999999822e+00 1.997997378294630701e-04
4.109999999999999432e+00 1.575797807990008434e-04
4.169999999999999929e+00 1.204510538810311769e-04
4.230000000000000426e+00 9.350478718805960078e-05
4.290000000000000036e+00 8.270144524202757968e-05
4.349999999999999645e+00 6.457169898777024122e-05
4.410000000000000142e+00 4.967053768290018764e-05
4.469999999999999751e+00 4.072984089997755511e-05
4.529999999999999361e+00 3.514190541065188302e-05
4.589999999999999858e+00 2.036492044998877756e-05
4.650000000000000355e+00 1.788139356584406565e-05
4.709999999999999964e+00 1.142422366706687348e-05
4.769999999999999574e+00 1.167257635548154559e-05
4.830000000000000071e+00 8.319815061885782852e-06
4.889999999999999680e+00 6.953875275605923981e-06
4.949999999999999289e+00 7.326404308227777981e-06
5.009999999999999787e+00 4.967053768289945580e-06
5.070000000000000284e+00 2.235174195730508206e-06
5.129999999999999893e+00 2.359350539937723981e-06
5.189999999999999503e+00 1.117587097865254103e-06
5.250000000000000000e+00 7.450580652435028061e-07
5.309999999999999609e+00 6.208817210362431975e-07
5.369999999999999218e+00 9.934107536580038120e-07
5.429999999999999716e+00 9.934107536579892007e-07
5.490000000000000213e+00 7.450580652435028061e-07
5.549999999999999822e+00 7.450580652434917946e-07
5.609999999999999432e+00 3.725290326217514030e-07
5.669999999999999929e+00 1.241763442072486501e-07
5.730000000000000426e+00 1.241763442072504765e-07
5.789999999999999147e+00 1.241763442072504765e-07
5.849999999999999645e+00 1.241763442072486501e-07
5.910000000000000142e+00 0.000000000000000000e+00
5.969999999999999751e+00 0.000000000000000000e+00
