2.999999999999999889e-02 9.587084325058393974e-02
8.999999999999999667e-02 1.615525545792223794e-01
1.499999999999999944e-01 2.413022039431001187e-01
2.099999999999999922e-01 3.228720301603676957e-01
2.700000000000000178e-01 4.034863194089605698e-01
3.299999999999999600e-01 4.795572445756985380e-01
3.900000000000000133e-01 5.494845451127828850e-01
4.499999999999999556e-01 6.112872358010752460e-01
5.100000000000000089e-01 6.631673673527982427e-01
5.700000000000000622e-01 7.043987565070304324e-01
6.299999999999998934e-01 7.348908787088417327e-01
6.899999999999999467e-01 7.540316687576342769e-01
7.500000000000000000e-01 7.630153305556518495e-01
8.100000000000000533e-01 7.623015649291500218e-01
8.699999999999998845e-01 7.515996750563366247e-01
9.299999999999999378e-01 7.337662135593552293e-01
9.899999999999999911e-01 7.083291861538770773e-01
1.050000000000000044e+00 6.779684425242371582e-01
1.109999999999999876e+00 6.432852445290895282e-01
1.169999999999999929e+00 6.049885149175060484e-01
1.229999999999999982e+00 5.647402298803638754e-01
1.290000000000000036e+00 5.230646619429055733e-01
1.349999999999999867e+00 4.813856170678056379e-01
1.409999999999999920e+00 4.401164783049357210e-01
1.469999999999999973e+00 4.001727978401339314e-01
1.530000000000000027e+00 3.614330070324214828e-01
1.589999999999999858e+00 3.247904305020264393e-01
1.649999999999999911e+00 2.899737429368524078e-01
1.709999999999999964e+00 2.577900905742500637e-01
1.770000000000000018e+00 2.283571925885275744e-01
1.829999999999999849e+00 2.011639391469253746e-01
1.889999999999999902e+00 1.760676516299518046e-01
1.949999999999999956e+00 1.538640520512861432e-01
2.009999999999999787e+00 1.336635410810276259e-01
2.070000000000000284e+00 1.158103355453187350e-01
2.129999999999999893e+00 9.978910361569939824e-02
2.189999999999999947e+00 8.585179909456676361e-02
2.250000000000000000e+00 7.345217024375122472e-02
2.309999999999999609e+00 6.257221149334463162e-02
2.370000000000000107e+00 5.321713824980307816e-02
2.429999999999999716e+00 4.537130429375643009e-02
2.490000000000000213e+00 3.820744682009599713e-02
2.549999999999999822e+00 3.221792503360352417e-02
2.609999999999999876e+00 2.707503756191627017e-02
2.669999999999999929e+00 2.256135162632675814e-02
2.729999999999999538e+00 1.884152505925439092e-02
2.790000000000000036e+00 1.564783366258813702e-02
2.849999999999999645e+00 1.306409646866789689e-02
2.910000000000000142e+00 1.080259688796546616e-02
2.969999999999999751e+00 8.917351630211005353e-03
3.030000000000000249e+00 7.370611086765504506e-03
3.089999999999999858e+00 6.024291162870504604e-03
3.149999999999999911e+00 4.942466852136982898e-03
3.209999999999999964e+00 4.039456477061827838e-03
3.269999999999999574e+00 3.289183005361626284e-03
3.330000000000000071e+00 2.673516690782082924e-03
3.389999999999999680e+00 2.209097163446969211e-03
3.450000000000000178e+00 1.775225016786839563e-03
3.509999999999999787e+00 1.451745640126954427e-03
3.569999999999999840e+00 1.133854198956404198e-03
3.629999999999999893e+00 9.335577557501020460e-04
3.689999999999999503e+00 7.384767190005131618e-04
3.750000000000000000e+00 6.027519747819892878e-04
3.809999999999999609e+00 4.836668606872369762e-04
3.870000000000000107e+00 3.810972003720488688e-04
3.929999999999999716e+00 3.156562669748283543e-04
3.989999999999999769e+00 2.361834066821903906e-04
4.049999999999999822e+00 1.957019184706238586e-04
4.109999999999999432e+00 1.536061377843688544e-04
4.169999999999999929e+00 1.241763442072486531e-04
4.230000000000000426e+00 9.822348826793512837e-05
4.290000000000000036e+00 7.587174631062891636e-05
4.349999999999999645e+00 5.786617640057871914e-05
4.410000000000000142e+00 4.408260219357391924e-05
4.469999999999999751e+00 3.961225380211231498e-05
4.529999999999999361e+00 2.955396992132561124e-05
4.589999999999999858e+00 2.322097636675549592e-05
4.650000000000000355e+00 1.912315700791657238e-05
4.709999999999999964e+00 1.452863227224808947e-05
4.769999999999999574e+00 1.005828388078728820e-05
4.830000000000000071e+00 1.005828388078728820e-05
4.889999999999999680e+00 5.960464521947934357e-06
4.949999999999999289e+00 5.712111833533521443e-06
5.009999999999999787e+00 4.221995703046453574e-06
5.070000000000000284e+00 4.346172047253766757e-06
5.129999999999999893e+00 3.228584949388464373e-06
5.189999999999999503e+00 1.614292474694256115e-06
5.250000000000000000e+00 1.614292474694256115e-06
5.309999999999999609e+00 1.490116130486983589e-06
5.369999999999999218e+00 8.692344094507533090e-07
5.429999999999999716e+00 1.117587097865237586e-06
5.490000000000000213e+00 7.450580652435028061e-07
5.549999999999999822e+00 2.483526884144973002e-07
5.609999999999999432e+00 2.483526884145009530e-07
5.669999999999999929e+00 0.000000000000000000e+00
5.730000000000000426e+00 1.241763442072504765e-07
5.789999999999999147e+00 0.000000000000000000e+00
5.849999999999999645e+00 0.000000000000000000e+00
5.910000000000000142e+00 0.000000000000000000e+00
5.969999999999999751e+00 1.241763442072486501e-07
