2.999999999999999889e-02 9.599067342274392178e-02
8.999999999999999667e-02 1.615508161104034779e-01
1.499999999999999944e-01 2.414626397798158852e-01
2.099999999999999922e-01 3.228473190678705085e-01
2.700000000000000178e-01 4.032795657958554991e-01
3.299999999999999600e-01 4.802517628688496298e-01
3.900000000000000133e-01 5.496421248935818848e-01
4.499999999999999556e-01 6.105141138820409097e-01
5.100000000000000089e-01 6.628226538212789176e-01
5.700000000000000622e-01 7.045997980083019696e-01
6.299999999999998934e-01 7.341931318307411969e-01
6.899999999999999467e-01 7.543598668353740377e-01
7.500000000000000000e-01 7.632078038891731975e-01
8.100000000000000533e-01 7.621294565160787737e-01
8.699999999999998845e-01 7.523708101538636450e-01
9.299999999999999378e-01 7.342604354093001939e-01
9.899999999999999911e-01 7.090481671868370528e-01
1.050000000000000044e+00 6.776507994357550135e-01
1.109999999999999876e+00 6.423370339647229699e-01
1.169999999999999929e+00 6.052593435242220599e-01
1.229999999999999982e+00 5.645773105167640749e-01
1.290000000000000036e+00 5.230076650009144457e-01
1.349999999999999867e+00 4.814345425474232387e-01
1.409999999999999920e+00 4.404608193074223688e-01
1.469999999999999973e+00 3.999013483516968837e-01
1.530000000000000027e+00 3.608891146447937293e-01
1.589999999999999858e+00 3.243487352456811967e-01
1.649999999999999911e+00 2.899163734658286584e-01
1.709999999999999964e+00 2.579943606604709894e-01
1.770000000000000018e+00 2.282825626056590451e-01
1.829999999999999849e+00 2.010433639167001352e-01
1.889999999999999902e+00 1.759774996040573414e-01
1.949999999999999956e+00 1.539194347008026043e-01
2.009999999999999787e+00 1.339405785049539999e-01
2.070000000000000284e+00 1.156323908440697462e-01
2.129999999999999893e+00 1.000681278611330882e-01
2.189999999999999947e+00 8.569459184280038555e-02
2.250000000000000000e+00 7.351388588682222780e-02
2.309999999999999609e+00 6.279895749786708337e-02
2.370000000000000107e+00 5.323104600035428319e-02
2.429999999999999716e+00 4.520478381617450830e-02
2.490000000000000213e+00 3.824147113840877660e-02
2.549999999999999822e+00 3.213956976040874269e-02
2.609999999999999876e+00 2.699531634893521589e-02
2.669999999999999929e+00 2.253850317899262420e-02
2.729999999999999538e+00 1.890398576039063402e-02
2.790000000000000036e+00 1.574667803257711121e-02
2.849999999999999645e+00 1.309948672676696305e-02
2.910000000000000142e+00 1.079849906860662692e-02
2.969999999999999751e+00 8.928030795812827089e-03
3.030000000000000249e+00 7.387374893233483210e-03
3.089999999999999858e+00 6.067380354310420235e-03
3.149999999999999911e+00 4.935016271484547919e-03
3.209999999999999964e+00 4.034241070605123353e-03
3.269999999999999574e+00 3.300483052684486003e-03
3.330000000000000071e+00 2.654766062806788226e-03
3.389999999999999680e+00 2.215305980657332127e-03
3.450000000000000178e+00 1.795714113581035757e-03
3.509999999999999787e+00 1.433988422905317726e-03
3.569999999999999840e+00 1.178060977494185292e-03
3.629999999999999893e+00 9.433676869424748772e-04
3.689999999999999503e+00 7.548679964358700079e-04
3.750000000000000000e+00 6.041179145682690340e-04
3.809999999999999609e+00 4.861503875713819693e-04
3.870000000000000107e+00 3.928939530717375861e-04
3.929999999999999716e+00 3.015001637352018936e-04
3.989999999999999769e+00 2.445032217440761988e-04
4.049999999999999822e+00 1.996755614852557933e-04
4.109999999999999432e+00 1.575797807990008434e-04
4.169999999999999929e+00 1.234312861420051551e-04
4.230000000000000426e+00 9.760260654689886654e-05
4.290000000000000036e+00 7.674098072007965040e-05
4.349999999999999645e+00 5.749364736795697017e-05
4.410000000000000142e+00 4.296501509570866556e-05
4.469999999999999751e+00 3.476937637802961906e-05
4.529999999999999361e+00 2.918144088870385888e-05
4.589999999999999858e+00 2.235174195730475172e-05
4.650000000000000355e+00 1.837809894267307105e-05
4.709999999999999964e+00 1.663963012377131837e-05
4.769999999999999574e+00 1.229345807651779556e-05
4.830000000000000071e+00 7.326404308227777981e-06
4.889999999999999680e+00 8.195638717678409529e-06
4.949999999999999289e+00 6.208817210362523454e-06
5.009999999999999787e+00 3.601113982010210376e-06
5.070000000000000284e+00 3.352761293595762733e-06
5.129999999999999893e+00 2.980232260973967179e-06
5.189999999999999503e+00 1.862645163108756909e-06
5.250000000000000000e+00 1.490116130487005612e-06
5.309999999999999609e+00 1.117587097865237586e-06
5.369999999999999218e+00 1.738468818901506618e-06
5.429999999999999716e+00 3.725290326217458973e-07
5.490000000000000213e+00 4.967053768290019060e-07
5.549999999999999822e+00 6.208817210362431975e-07
5.609999999999999432e+00 1.241763442072504765e-07
5.669999999999999929e+00 2.483526884144973002e-07
5.730000000000000426e+00 1.241763442072504765e-07
5.789999999999999147e+00 2.483526884145009530e-07
5.849999999999999645e+00 2.483526884144973002e-07
5.910000000000000142e+00 1.241763442072504765e-07
5.969999999999999751e+00 0.000000000000000000e+00
