2.999999999999999889e-02 9.616414920855895221e-02
8.999999999999999667e-02 1.615217612527208024e-01
1.499999999999999944e-01 2.414142146029271963e-01
2.099999999999999922e-01 3.234412593418641291e-01
2.700000000000000178e-01 4.033871085208753371e-01
3.299999999999999600e-01 4.800342130668657781e-01
3.900000000000000133e-01 5.495011929311124366e-01
4.499999999999999556e-01 6.107253469440543370e-01
5.100000000000000089e-01 6.629400103451308368e-01
5.700000000000000622e-01 7.038782197607165170e-01
6.299999999999998934e-01 7.344034975012931898e-01
6.899999999999999467e-01 7.546547968980990007e-01
7.500000000000000000e-01 7.631252379917274897e-01
8.100000000000000533e-01 7.622511606918292992e-01
8.699999999999998845e-01 7.521541336411919909e-01
9.299999999999999378e-01 7.338982239491833592e-01
9.899999999999999911e-01 7.085628965920850453e-01
1.050000000000000044e+00 6.776689392800634426e-01
1.109999999999999876e+00 6.429856165917497979e-01
1.169999999999999929e+00 6.047087546248698375e-01
1.229999999999999982e+00 5.643432465173031654e-01
1.290000000000000036e+00 5.226784813009374142e-01
1.349999999999999867e+00 4.813266404766330941e-01
1.409999999999999920e+00 4.398963202016222818e-01
1.469999999999999973e+00 3.999695271246771489e-01
1.530000000000000027e+00 3.614415805860710651e-01
1.589999999999999858e+00 3.247885726965902276e-01
1.649999999999999911e+00 2.901528095488130621e-01
1.709999999999999964e+00 2.577627756194891817e-01
1.770000000000000018e+00 2.282775989534920613e-01
1.829999999999999849e+00 2.010632351278490160e-01
1.889999999999999902e+00 1.761311083663997801e-01
1.949999999999999956e+00 1.542627845912302731e-01
2.009999999999999787e+00 1.337240169532996903e-01
2.070000000000000284e+00 1.159925039706937860e-01
2.129999999999999893e+00 9.994680906216613092e-02
2.189999999999999947e+00 8.585589819327818506e-02
2.250000000000000000e+00 7.361211047199608948e-02
2.309999999999999609e+00 6.255954643844538476e-02
2.370000000000000107e+00 5.335348467077152129e-02
2.429999999999999716e+00 4.530251127412563555e-02
2.490000000000000213e+00 3.816050873062155208e-02
2.549999999999999822e+00 3.211076132704029223e-02
2.609999999999999876e+00 2.707665225786452801e-02
2.669999999999999929e+00 2.261449943862976417e-02
2.729999999999999538e+00 1.881743512887982042e-02
2.790000000000000036e+00 1.572693422819773992e-02
2.849999999999999645e+00 1.298847326858901773e-02
2.910000000000000142e+00 1.086257422408253882e-02
2.969999999999999751e+00 8.951500258255747772e-03
3.030000000000000249e+00 7.339442933735707518e-03
3.089999999999999858e+00 6.042172646471737421e-03
3.149999999999999911e+00 4.904096434853674920e-03
3.209999999999999964e+00 4.032751014567309382e-03
3.269999999999999574e+00 3.297751222252249398e-03
3.330000000000000071e+00 2.707913578478547776e-03
3.389999999999999680e+00 2.205123553291239453e-03
3.450000000000000178e+00 1.752500771911209582e-03
3.509999999999999787e+00 1.413375170827845711e-03
3.569999999999999840e+00 1.157323545257039205e-03
3.629999999999999893e+00 9.321918298545631794e-04
3.689999999999999503e+00 7.470448978826498346e-04
3.750000000000000000e+00 6.072223322217682514e-04
3.809999999999999609e+00 4.916141540421227257e-04
3.870000000000000107e+00 3.842016147022803726e-04
3.929999999999999716e+00 3.173947405232800971e-04
3.989999999999999769e+00 2.462416942322648988e-04
4.049999999999999822e+00 1.939634525420030702e-04
4.109999999999999432e+00 1.503775550757805194e-04
4.169999999999999929e+00 1.228104062509865709e-04
4.230000000000000426e+00 9.375314127350478459e-05
4.290000000000000036e+00 8.009374320716515614e-05
4.349999999999999645e+00 5.513429764958427171e-05
4.410000000000000142e+00 4.520018996497449033e-05
4.469999999999999751e+00 4.135072323718758883e-05
4.529999999999999361e+00 3.216167362892415906e-05
4.589999999999999858e+00 2.110997882979546693e-05
4.650000000000000355e+00 1.924733363893144802e-05
4.709999999999999964e+00 1.303851633605014154e-05
4.769999999999999574e+00 1.241763460576222333e-05
4.830000000000000071e+00 7.326404417399711559e-06
4.889999999999999680e+00 7.202228071341982905e-06
4.949999999999999289e+00 4.470348458074400431e-06
5.009999999999999787e+00 4.470348458074334363e-06
5.070000000000000284e+00 2.607703267210066848e-06
5.129999999999999893e+00 1.986821536921926289e-06
5.189999999999999503e+00 2.359350575094822568e-06
5.250000000000000000e+00 1.490116152691466952e-06
5.309999999999999609e+00 1.117587114518583591e-06
5.369999999999999218e+00 8.692344224033556159e-07
5.429999999999999716e+00 4.967053842304815724e-07
5.490000000000000213e+00 4.967053842304888780e-07
5.549999999999999822e+00 1.241763460576203931e-07
5.609999999999999432e+00 4.967053842304888780e-07
5.669999999999999929e+00 3.725290381728612322e-07
5.730000000000000426e+00 0.000000000000000000e+00
5.789999999999999147e+00 0.000000000000000000e+00
5.849999999999999645e+00 0.000000000000000000e+00
5.910000000000000142e+00 1.241763460576222195e-07
5.969999999999999751e+00 0.000000000000000000e+00
