2.999999999999999889e-02 9.622275829315185547e-02
8.999999999999999667e-02 1.618252446254094534e-01
1.499999999999999944e-01 2.410817891359329224e-01
2.099999999999999922e-01 3.232736140489578247e-01
2.700000000000000178e-01 4.041968534390131818e-01
3.299999999999999600e-01 4.799778262774149762e-01
3.900000000000000133e-01 5.495174477497737353e-01
4.499999999999999556e-01 6.110355257987976074e-01
5.100000000000000089e-01 6.627091517051054703e-01
5.700000000000000622e-01 7.039804011583334908e-01
6.299999999999998934e-01 7.347198824087786129e-01
6.899999999999999467e-01 7.540917644898089689e-01
7.500000000000000000e-01 7.633980363607399955e-01
8.100000000000000533e-01 7.619573424259828975e-01
8.699999999999998845e-01 7.516780247290936190e-01
9.299999999999999378e-01 7.337591300408038419e-01
9.899999999999999911e-01 7.082944115002943741e-01
1.050000000000000044e+00 6.783670435349140604e-01
1.109999999999999876e+00 6.428676346937833852e-01
1.169999999999999929e+00 6.044552971919372464e-01
1.229999999999999982e+00 5.644091715415313626e-01
1.290000000000000036e+00 5.227754513422663285e-01
1.349999999999999867e+00 4.816619058450058999e-01
1.409999999999999920e+00 4.395550737778342043e-01
1.469999999999999973e+00 3.999250630537665163e-01
1.530000000000000027e+00 3.610398620367046840e-01
1.589999999999999858e+00 3.246181954940169367e-01
1.649999999999999911e+00 2.900949368874229384e-01
1.709999999999999964e+00 2.577124784390129597e-01
1.770000000000000018e+00 2.279467880725866979e-01
1.829999999999999849e+00 2.012257774670916932e-01
1.889999999999999902e+00 1.764054099718728175e-01
1.949999999999999956e+00 1.540136833985645270e-01
2.009999999999999787e+00 1.339102784792580991e-01
2.070000000000000284e+00 1.160999139149982706e-01
2.129999999999999893e+00 9.998554984728486028e-02
2.189999999999999947e+00 8.574376503626561508e-02
2.250000000000000000e+00 7.359348237514488911e-02
2.309999999999999609e+00 6.305451194445287066e-02
2.370000000000000107e+00 5.338763197263077243e-02
2.429999999999999716e+00 4.523719350496924196e-02
2.490000000000000213e+00 3.825426101684566843e-02
2.549999999999999822e+00 3.201216459274289217e-02
2.609999999999999876e+00 2.707292636235572592e-02
2.669999999999999929e+00 2.264231443405149286e-02
2.729999999999999538e+00 1.882861057917275399e-02
2.790000000000000036e+00 1.573972404003141923e-02
2.849999999999999645e+00 1.304186880588530280e-02
2.910000000000000142e+00 1.082556943098703095e-02
2.969999999999999751e+00 8.914868036905916962e-03
3.030000000000000249e+00 7.321685552597039827e-03
3.089999999999999858e+00 6.026898821194961141e-03
3.149999999999999911e+00 4.939114054044119531e-03
3.209999999999999964e+00 4.063919186592098581e-03
3.269999999999999574e+00 3.280242284138994505e-03
3.330000000000000071e+00 2.691273887952166325e-03
3.389999999999999680e+00 2.175569534301756078e-03
3.450000000000000178e+00 1.780440409978229204e-03
3.509999999999999787e+00 1.412133375803628329e-03
3.569999999999999840e+00 1.165146629015612317e-03
3.629999999999999893e+00 9.464720884958895044e-04
3.689999999999999503e+00 7.599592208862298182e-04
3.750000000000000000e+00 5.956739187240595165e-04
3.809999999999999609e+00 4.868954420089717343e-04
3.870000000000000107e+00 3.993511199951168080e-04
3.929999999999999716e+00 3.024935722351071508e-04
3.989999999999999769e+00 2.526988585790014997e-04
4.049999999999999822e+00 1.949568589528385520e-04
4.109999999999999432e+00 1.624226570129405102e-04
4.169999999999999929e+00 1.226862271626780155e-04
4.230000000000000426e+00 1.029421885808315650e-04
4.290000000000000036e+00 7.264316082000672791e-05
4.349999999999999645e+00 5.749364693959591532e-05
4.410000000000000142e+00 4.544854164123564972e-05
4.469999999999999751e+00 3.700455029805470357e-05
4.529999999999999361e+00 2.669791380564389137e-05
4.589999999999999858e+00 2.632538477579730694e-05
4.650000000000000355e+00 1.726051171620698256e-05
4.709999999999999964e+00 1.378357410430896853e-05
4.769999999999999574e+00 1.216928164164233166e-05
4.830000000000000071e+00 8.443991343180393881e-06
4.889999999999999680e+00 5.712111790974887180e-06
4.949999999999999289e+00 4.718701044718455255e-06
5.009999999999999787e+00 6.208817164103138718e-06
5.070000000000000284e+00 2.856055895487485941e-06
5.129999999999999893e+00 2.235174179077129803e-06
5.189999999999999503e+00 1.614292462666839944e-06
5.250000000000000000e+00 2.483526865641292100e-07
5.309999999999999609e+00 1.365939776102690459e-06
5.369999999999999218e+00 7.450580596923876829e-07
5.429999999999999716e+00 8.692344029744394501e-07
5.490000000000000213e+00 9.934107462565168400e-07
5.549999999999999822e+00 4.967053731282511143e-07
5.609999999999999432e+00 0.000000000000000000e+00
5.669999999999999929e+00 1.241763432820627786e-07
5.730000000000000426e+00 1.241763432820646050e-07
5.789999999999999147e+00 3.725290298461938415e-07
5.849999999999999645e+00 1.241763432820627786e-07
5.910000000000000142e+00 0.000000000000000000e+00
5.969999999999999751e+00 0.000000000000000000e+00
