2.999999999999999889e-02 9.622412566677916723e-02
8.999999999999999667e-02 1.619248364655897776e-01
1.499999999999999944e-01 2.413891291825343566e-01
2.099999999999999922e-01 3.228495566474828826e-01
2.700000000000000178e-01 4.035782129105659477e-01
3.299999999999999600e-01 4.798972429816510954e-01
3.900000000000000133e-01 5.496252410057967941e-01
4.499999999999999556e-01 6.105035634413892298e-01
5.100000000000000089e-01 6.628248939339049794e-01
5.700000000000000622e-01 7.043913111745022659e-01
6.299999999999998934e-01 7.344300657674190935e-01
6.899999999999999467e-01 7.543085876252533239e-01
7.500000000000000000e-01 7.625444595398169767e-01
8.100000000000000533e-01 7.621953998336511438e-01
8.699999999999998845e-01 7.516395412629782724e-01
9.299999999999999378e-01 7.343020399555860722e-01
9.899999999999999911e-01 7.090107953897727411e-01
1.050000000000000044e+00 6.780589721310973372e-01
1.109999999999999876e+00 6.430232372337086888e-01
1.169999999999999929e+00 6.049590896312254662e-01
1.229999999999999982e+00 5.645326112389451589e-01
1.290000000000000036e+00 5.231075066791117667e-01
1.349999999999999867e+00 4.808584920693208531e-01
1.409999999999999920e+00 4.401411926767404004e-01
1.469999999999999973e+00 4.000265210870876942e-01
1.530000000000000027e+00 3.613816007184224577e-01
1.589999999999999858e+00 3.246357091958687602e-01
1.649999999999999911e+00 2.899112843957235564e-01
1.709999999999999964e+00 2.580180802645991034e-01
1.770000000000000018e+00 2.282459322846826233e-01
1.829999999999999849e+00 2.007608642294136381e-01
1.889999999999999902e+00 1.762727922639168721e-01
1.949999999999999956e+00 1.538425706899547718e-01
2.009999999999999787e+00 1.336670190145623216e-01
2.070000000000000284e+00 1.158036308855358437e-01
2.129999999999999893e+00 9.996779411983175434e-02
2.189999999999999947e+00 8.621240784047710937e-02
2.250000000000000000e+00 7.330117235533151199e-02
2.309999999999999609e+00 6.279101067966728900e-02
2.370000000000000107e+00 5.332628965367307294e-02
2.429999999999999716e+00 4.519385663460474128e-02
2.490000000000000213e+00 3.822483179308219792e-02
2.549999999999999822e+00 3.218762624543345524e-02
2.609999999999999876e+00 2.696054717342891496e-02
2.669999999999999929e+00 2.269508971812956091e-02
2.729999999999999538e+00 1.880774923375867075e-02
2.790000000000000036e+00 1.576021337151843962e-02
2.849999999999999645e+00 1.307030538325962277e-02
2.910000000000000142e+00 1.084680374731823542e-02
2.969999999999999751e+00 8.845701945509036601e-03
3.030000000000000249e+00 7.330378005857928099e-03
3.089999999999999858e+00 6.034846197091228714e-03
3.149999999999999911e+00 4.966805452607189059e-03
3.209999999999999964e+00 4.052991728777560580e-03
3.269999999999999574e+00 3.328298578584666656e-03
3.330000000000000071e+00 2.677242001055308001e-03
3.389999999999999680e+00 2.202391657268874467e-03
3.450000000000000178e+00 1.766160156818629172e-03
3.509999999999999787e+00 1.454229177845951316e-03
3.569999999999999840e+00 1.153474069935201329e-03
3.629999999999999893e+00 9.169181324579032261e-04
3.689999999999999503e+00 7.559855891662668054e-04
3.750000000000000000e+00 6.085882674940660359e-04
3.809999999999999609e+00 4.695107609457383553e-04
3.870000000000000107e+00 3.839532591494903072e-04
3.929999999999999716e+00 2.971539939019179942e-04
3.989999999999999769e+00 2.409021095569264972e-04
4.049999999999999822e+00 2.047667931233845113e-04
4.109999999999999432e+00 1.534819625836913201e-04
4.169999999999999929e+00 1.247972268580966845e-04
4.230000000000000426e+00 1.015762503183329201e-04
4.290000000000000036e+00 7.984538992015538679e-05
4.349999999999999645e+00 6.668269733611831599e-05
4.410000000000000142e+00 4.731118749545824772e-05
4.469999999999999751e+00 3.737707988486278803e-05
4.529999999999999361e+00 2.856055938046036263e-05
4.589999999999999858e+00 2.334515288489768836e-05
4.650000000000000355e+00 1.688798293801134227e-05
4.709999999999999964e+00 1.415610334509753461e-05
4.769999999999999574e+00 1.192092913271389026e-05
4.830000000000000071e+00 6.953875327416434853e-06
4.889999999999999680e+00 7.823109743343374436e-06
4.949999999999999289e+00 4.967053805297454555e-06
5.009999999999999787e+00 4.221995734502772887e-06
5.070000000000000284e+00 4.221995734502835567e-06
5.129999999999999893e+00 2.607703247781124530e-06
5.189999999999999503e+00 2.607703247781163070e-06
5.250000000000000000e+00 8.692344159270543566e-07
5.309999999999999609e+00 1.490116141589214259e-06
5.369999999999999218e+00 7.450580707946181409e-07
5.429999999999999716e+00 3.725290353973035648e-07
5.490000000000000213e+00 4.967053805297453920e-07
5.549999999999999822e+00 3.725290353973035648e-07
5.609999999999999432e+00 2.483526902648726960e-07
5.669999999999999929e+00 1.241763451324345216e-07
5.730000000000000426e+00 3.725290353973090705e-07
5.789999999999999147e+00 0.000000000000000000e+00
5.849999999999999645e+00 0.000000000000000000e+00
5.910000000000000142e+00 1.241763451324363480e-07
5.969999999999999751e+00 0.000000000000000000e+00
