2.999999999999999889e-02 9.640008354783183298e-02
8.999999999999999667e-02 1.620333665912354892e-01
1.499999999999999944e-01 2.418472157197279204e-01
2.099999999999999922e-01 3.234734186054282756e-01
2.700000000000000178e-01 4.035107851551590352e-01
3.299999999999999600e-01 4.799515080444739512e-01
3.900000000000000133e-01 5.494271797353106335e-01
4.499999999999999556e-01 6.103872102060002858e-01
5.100000000000000089e-01 6.624867617461093205e-01
5.700000000000000622e-01 7.038464253720612129e-01
6.299999999999998934e-01 7.347598781400906942e-01
6.899999999999999467e-01 7.545504831455713823e-01
7.500000000000000000e-01 7.629994416683822944e-01
8.100000000000000533e-01 7.617623969181742671e-01
8.699999999999998845e-01 7.514978560531820895e-01
9.299999999999999378e-01 7.340555499104982617e-01
9.899999999999999911e-01 7.081876303978899001e-01
1.050000000000000044e+00 6.782185387345924799e-01
1.109999999999999876e+00 6.431941038846108460e-01
1.169999999999999929e+00 6.049567302806679869e-01
1.229999999999999982e+00 5.643063619381138984e-01
1.290000000000000036e+00 5.229943820286961920e-01
1.349999999999999867e+00 4.808827064566216780e-01
1.409999999999999920e+00 4.399884557722275047e-01
1.469999999999999973e+00 3.997959256141767614e-01
1.530000000000000027e+00 3.609016591444855204e-01
1.589999999999999858e+00 3.249236741402308781e-01
1.649999999999999911e+00 2.899276756732810378e-01
1.709999999999999964e+00 2.583025682712975502e-01
1.770000000000000018e+00 2.282455597556472260e-01
1.829999999999999849e+00 2.011090547011650242e-01
1.889999999999999902e+00 1.761671181942091324e-01
1.949999999999999956e+00 1.538686477224325833e-01
2.009999999999999787e+00 1.337648699745266900e-01
2.070000000000000284e+00 1.159285522887390646e-01
2.129999999999999893e+00 9.993128627436281830e-02
2.189999999999999947e+00 8.594418693499104867e-02
2.250000000000000000e+00 7.350904355708320903e-02
2.309999999999999609e+00 6.289382869343694560e-02
2.370000000000000107e+00 5.333634793762880022e-02
2.429999999999999716e+00 4.530797469578145414e-02
2.490000000000000213e+00 3.816833155604694439e-02
2.549999999999999822e+00 3.225704082236249132e-02
2.609999999999999876e+00 2.695508341424309243e-02
2.669999999999999929e+00 2.263138725307662150e-02
2.729999999999999538e+00 1.895427732101494234e-02
2.790000000000000036e+00 1.575388037791668541e-02
2.849999999999999645e+00 1.300337433323324118e-02
2.910000000000000142e+00 1.087188736903498508e-02
2.969999999999999751e+00 8.964414531455645527e-03
3.030000000000000249e+00 7.312248259468592804e-03
3.089999999999999858e+00 6.046767126223942523e-03
3.149999999999999911e+00 4.992758308739868658e-03
3.209999999999999964e+00 4.034241100662561662e-03
3.269999999999999574e+00 3.292659967531657954e-03
3.330000000000000071e+00 2.679725527957956422e-03
3.389999999999999680e+00 2.197921308844106789e-03
3.450000000000000178e+00 1.754860109411577251e-03
3.509999999999999787e+00 1.423309267907974874e-03
3.569999999999999840e+00 1.158565300085631113e-03
3.629999999999999893e+00 9.268522400684979946e-04
3.689999999999999503e+00 7.621944064228887254e-04
3.750000000000000000e+00 6.079673857684038223e-04
3.809999999999999609e+00 4.811833373881873113e-04
3.870000000000000107e+00 3.784894999636632170e-04
3.929999999999999716e+00 3.043562219195992177e-04
3.989999999999999769e+00 2.469867504684159095e-04
4.049999999999999822e+00 2.014140318048087796e-04
4.109999999999999432e+00 1.496324958845858012e-04
4.169999999999999929e+00 1.214444655395209528e-04
4.230000000000000426e+00 9.735425458383009472e-05
4.290000000000000036e+00 7.537504149538774910e-05
4.349999999999999645e+00 6.221234891135061053e-05
4.410000000000000142e+00 4.731118749545824772e-05
4.469999999999999751e+00 3.799796161052496106e-05
4.529999999999999361e+00 3.091990993797665200e-05
4.589999999999999858e+00 2.210338943357334230e-05
4.650000000000000355e+00 1.788139369907083199e-05
4.709999999999999964e+00 1.353522161943535989e-05
4.769999999999999574e+00 1.328686892917068820e-05
4.830000000000000071e+00 8.443991469005671135e-06
4.889999999999999680e+00 7.698933398210939491e-06
4.949999999999999289e+00 4.594524769900145485e-06
5.009999999999999787e+00 4.221995734502772887e-06
5.070000000000000284e+00 3.104408628310908356e-06
5.129999999999999893e+00 2.731879592913559051e-06
5.189999999999999503e+00 1.738468831854108713e-06
5.250000000000000000e+00 1.365939796456799854e-06
5.309999999999999609e+00 1.117587106191910483e-06
5.369999999999999218e+00 9.934107610594907840e-07
5.429999999999999716e+00 4.967053805297380863e-07
5.490000000000000213e+00 2.483526902648726960e-07
5.549999999999999822e+00 4.967053805297380863e-07
5.609999999999999432e+00 3.725290353973090705e-07
5.669999999999999929e+00 3.725290353973035648e-07
5.730000000000000426e+00 2.483526902648726960e-07
5.789999999999999147e+00 3.725290353973090705e-07
5.849999999999999645e+00 3.725290353973035648e-07
5.910000000000000142e+00 0.000000000000000000e+00
5.969999999999999751e+00 0.000000000000000000e+00
