2.999999999999999889e-02 9.638480913925773219e-02
8.999999999999999667e-02 1.619465661193919548e-01
1.499999999999999944e-01 2.416460482402099930e-01
2.099999999999999922e-01 3.236036771804368106e-01
2.700000000000000178e-01 4.032795657958554991e-01
3.299999999999999600e-01 4.793564514271154153e-01
3.900000000000000133e-01 5.497597198915460392e-01
4.499999999999999556e-01 6.111305252546855860e-01
5.100000000000000089e-01 6.627624282943384015e-01
5.700000000000000622e-01 7.041898918960739495e-01
6.299999999999998934e-01 7.349142238615526956e-01
6.899999999999999467e-01 7.542073782846874241e-01
7.500000000000000000e-01 7.630106118545719740e-01
8.100000000000000533e-01 7.621340510408144420e-01
8.699999999999998845e-01 7.520807342137955098e-01
9.299999999999999378e-01 7.336982890990739747e-01
9.899999999999999911e-01 7.083144091689163035e-01
1.050000000000000044e+00 6.777569702100522120e-01
1.109999999999999876e+00 6.423952726701561700e-01
1.169999999999999929e+00 6.045620933514983530e-01
1.229999999999999982e+00 5.641564768862455947e-01
1.290000000000000036e+00 5.232613572721298567e-01
1.349999999999999867e+00 4.812301482848581613e-01
1.409999999999999920e+00 4.397517723819990287e-01
1.469999999999999973e+00 4.002218474960957950e-01
1.530000000000000027e+00 3.612591601505313332e-01
1.589999999999999858e+00 3.246123616244332433e-01
1.649999999999999911e+00 2.899133932335676844e-01
1.709999999999999964e+00 2.579643099851728905e-01
1.770000000000000018e+00 2.281355378141176338e-01
1.829999999999999849e+00 2.011281763597936867e-01
1.889999999999999902e+00 1.763558649248568588e-01
1.949999999999999956e+00 1.536698402489460324e-01
2.009999999999999787e+00 1.338645825822991631e-01
2.070000000000000284e+00 1.158668357819330336e-01
2.129999999999999893e+00 9.980152125012012321e-02
2.189999999999999947e+00 8.600416346890905894e-02
2.250000000000000000e+00 7.363011494500021348e-02
2.309999999999999609e+00 6.275909689137655623e-02
2.370000000000000107e+00 5.336304545424659651e-02
2.429999999999999716e+00 4.524104330868301826e-02
2.490000000000000213e+00 3.822085786527038009e-02
2.549999999999999822e+00 3.214503351955386168e-02
2.609999999999999876e+00 2.708782772536961689e-02
2.669999999999999929e+00 2.255638457255846815e-02
2.729999999999999538e+00 1.893651996257293343e-02
2.790000000000000036e+00 1.573860657020363651e-02
2.849999999999999645e+00 1.305068542349351393e-02
2.910000000000000142e+00 1.082792886218374509e-02
2.969999999999999751e+00 9.016941058265219577e-03
3.030000000000000249e+00 7.393956239476466574e-03
3.089999999999999858e+00 6.098176087673818149e-03
3.149999999999999911e+00 4.954015252148257983e-03
3.209999999999999964e+00 4.042064180290180081e-03
3.269999999999999574e+00 3.354375586070432354e-03
3.330000000000000071e+00 2.700090428442433917e-03
3.389999999999999680e+00 2.182026720409789219e-03
3.450000000000000178e+00 1.774604135065803315e-03
3.509999999999999787e+00 1.463294040138228645e-03
3.569999999999999840e+00 1.153349884996942394e-03
3.629999999999999893e+00 9.338061084385166537e-04
3.689999999999999503e+00 7.638086932187919832e-04
3.750000000000000000e+00 6.114443188764968722e-04
3.809999999999999609e+00 4.862745639155892190e-04
3.870000000000000107e+00 3.828356691909503640e-04
3.929999999999999716e+00 3.016243400794091974e-04
3.989999999999999769e+00 2.427647529251746766e-04
4.049999999999999822e+00 1.928458625538571165e-04
4.109999999999999432e+00 1.568347227337573454e-04
4.169999999999999929e+00 1.204510538810311769e-04
4.230000000000000426e+00 1.009553678404946344e-04
4.290000000000000036e+00 7.326404308227670069e-05
4.349999999999999645e+00 5.662441295850620903e-05
4.410000000000000142e+00 4.731118714296242384e-05
4.469999999999999751e+00 3.576278713168760275e-05
4.529999999999999361e+00 2.955396992132561124e-05
4.589999999999999858e+00 2.508362152986422382e-05
4.650000000000000355e+00 1.912315700791657238e-05
4.709999999999999964e+00 1.651545377956406871e-05
4.769999999999999574e+00 9.561578503958286188e-06
4.830000000000000071e+00 9.064873127129285870e-06
4.889999999999999680e+00 7.326404308227669561e-06
4.949999999999999289e+00 5.215406456704519431e-06
5.009999999999999787e+00 3.849466670424707994e-06
5.070000000000000284e+00 3.601113982010263739e-06
5.129999999999999893e+00 2.731879572559469984e-06
5.189999999999999503e+00 1.614292474694256115e-06
5.250000000000000000e+00 9.934107536580038120e-07
5.309999999999999609e+00 1.241763442072486395e-06
5.369999999999999218e+00 1.117587097865254103e-06
5.429999999999999716e+00 6.208817210362431975e-07
5.490000000000000213e+00 3.725290326217514030e-07
5.549999999999999822e+00 1.241763442072486501e-07
5.609999999999999432e+00 2.483526884145009530e-07
5.669999999999999929e+00 1.241763442072486501e-07
5.730000000000000426e+00 1.241763442072504765e-07
5.789999999999999147e+00 1.241763442072504765e-07
5.849999999999999645e+00 3.725290326217458973e-07
5.910000000000000142e+00 1.241763442072504765e-07
5.969999999999999751e+00 1.241763442072486501e-07
