2.999999999999999889e-02 9.621779123942057754e-02
8.999999999999999667e-02 1.621017853418986188e-01
1.499999999999999944e-01 2.418285856644312726e-01
2.099999999999999922e-01 3.230718274911245080e-01
2.700000000000000178e-01 4.039447754621505737e-01
3.299999999999999600e-01 4.802074283361434937e-01
3.900000000000000133e-01 5.497425794601440430e-01
4.499999999999999556e-01 6.107262025276820605e-01
5.100000000000000089e-01 6.629891693592065982e-01
5.700000000000000622e-01 7.043571521838513094e-01
6.299999999999998934e-01 7.340691983699805245e-01
6.899999999999999467e-01 7.539618760347359672e-01
7.500000000000000000e-01 7.629572103420886320e-01
8.100000000000000533e-01 7.624109586079922396e-01
8.699999999999998845e-01 7.520457108815518099e-01
9.299999999999999378e-01 7.336175690094622892e-01
9.899999999999999911e-01 7.085760434468580948e-01
1.050000000000000044e+00 6.776161491870874576e-01
1.109999999999999876e+00 6.423175334930437685e-01
1.169999999999999929e+00 6.042677909135812930e-01
1.229999999999999982e+00 5.637812117735540030e-01
1.290000000000000036e+00 5.227871239185347685e-01
1.349999999999999867e+00 4.812731097141897396e-01
1.409999999999999920e+00 4.401683807373042989e-01
1.469999999999999973e+00 4.000707219044363772e-01
1.530000000000000027e+00 3.609935442606604927e-01
1.589999999999999858e+00 3.248044600089400324e-01
1.649999999999999911e+00 2.900051573912300062e-01
1.709999999999999964e+00 2.579172452290850459e-01
1.770000000000000018e+00 2.282264331976578964e-01
1.829999999999999849e+00 2.010148018598554853e-01
1.889999999999999902e+00 1.763110359509784397e-01
1.949999999999999956e+00 1.542974263429640336e-01
2.009999999999999787e+00 1.339238137006758533e-01
2.070000000000000284e+00 1.158058643341063482e-01
2.129999999999999893e+00 9.998853007952362981e-02
2.189999999999999947e+00 8.604203661282913695e-02
2.250000000000000000e+00 7.357162733872725513e-02
2.309999999999999609e+00 6.285297373930608111e-02
2.370000000000000107e+00 5.344835420449570162e-02
2.429999999999999716e+00 4.513983925183610163e-02
2.490000000000000213e+00 3.816783428192135202e-02
2.549999999999999822e+00 3.214726845423377527e-02
2.609999999999999876e+00 2.698178092638668993e-02
2.669999999999999929e+00 2.267658710479734246e-02
2.729999999999999538e+00 1.890572408835091561e-02
2.790000000000000036e+00 1.570979754130044301e-02
2.849999999999999645e+00 1.310221850872038581e-02
2.910000000000000142e+00 1.088256637255349824e-02
2.969999999999999751e+00 8.909031748771658807e-03
3.030000000000000249e+00 7.368375857671095527e-03
3.089999999999999858e+00 6.039937337239577840e-03
3.149999999999999911e+00 5.005175868670178052e-03
3.209999999999999964e+00 4.042436679204301254e-03
3.269999999999999574e+00 3.315011660257972514e-03
3.330000000000000071e+00 2.712508042653399235e-03
3.389999999999999680e+00 2.214560906092323967e-03
3.450000000000000178e+00 1.786649227142332466e-03
3.509999999999999787e+00 1.441438992818195241e-03
3.569999999999999840e+00 1.164774099985766125e-03
3.629999999999999893e+00 9.161730607350659005e-04
3.689999999999999503e+00 7.672856251398715464e-04
3.750000000000000000e+00 6.021310885747268703e-04
3.809999999999999609e+00 4.856536785761511143e-04
3.870000000000000107e+00 3.915280103683468427e-04
3.929999999999999716e+00 3.093232711156206419e-04
3.989999999999999769e+00 2.411504586537694848e-04
4.049999999999999822e+00 1.965711514155053634e-04
4.109999999999999432e+00 1.522401968638112152e-04
4.169999999999999929e+00 1.220653454462677055e-04
4.230000000000000426e+00 9.362896283467671212e-05
4.290000000000000036e+00 8.021791776021254755e-05
4.349999999999999645e+00 6.146728992462198861e-05
4.410000000000000142e+00 4.991888999938997370e-05
4.469999999999999751e+00 3.973642985026008915e-05
4.529999999999999361e+00 3.054738044738789182e-05
4.589999999999999858e+00 2.185503641764304734e-05
4.650000000000000355e+00 1.490116119384775281e-05
4.709999999999999964e+00 1.701215902964259971e-05
4.769999999999999574e+00 9.685754776001039243e-06
4.830000000000000071e+00 9.064873059590717409e-06
4.889999999999999680e+00 6.208817164103138718e-06
4.949999999999999289e+00 4.967053731282584835e-06
5.009999999999999787e+00 4.594524701436322278e-06
5.070000000000000284e+00 3.352761268615744679e-06
5.129999999999999893e+00 2.731879552205380917e-06
5.189999999999999503e+00 8.692344029744522615e-07
5.250000000000000000e+00 2.110997835795098470e-06
5.309999999999999609e+00 7.450580596923766715e-07
5.369999999999999218e+00 1.241763432820646209e-06
5.429999999999999716e+00 6.208817164103138929e-07
5.490000000000000213e+00 6.208817164103231044e-07
5.549999999999999822e+00 3.725290298461883358e-07
5.609999999999999432e+00 6.208817164103231044e-07
5.669999999999999929e+00 1.241763432820627786e-07
5.730000000000000426e+00 2.483526865641292100e-07
5.789999999999999147e+00 2.483526865641292100e-07
5.849999999999999645e+00 1.241763432820627786e-07
5.910000000000000142e+00 0.000000000000000000e+00
5.969999999999999751e+00 0.000000000000000000e+00
