2.999999999999999889e-02 9.639101867463716056e-02
8.999999999999999667e-02 1.619845652875984421e-01
1.499999999999999944e-01 2.418044990570023534e-01
2.099999999999999922e-01 3.234396426395522162e-01
2.700000000000000178e-01 4.034556508579202339e-01
3.299999999999999600e-01 4.799933554727836005e-01
3.900000000000000133e-01 5.502954207404765485e-01
4.499999999999999556e-01 6.110731603365117115e-01
5.100000000000000089e-01 6.631614118292138427e-01
5.700000000000000622e-01 7.038571045377425284e-01
6.299999999999998934e-01 7.340137024821898892e-01
6.899999999999999467e-01 7.539879643021214495e-01
7.500000000000000000e-01 7.629340007344974639e-01
8.100000000000000533e-01 7.619388515046076060e-01
8.699999999999998845e-01 7.521363708198530729e-01
9.299999999999999378e-01 7.336494932619151976e-01
9.899999999999999911e-01 7.086113200874816220e-01
1.050000000000000044e+00 6.780686578860176672e-01
1.109999999999999876e+00 6.422701077004805414e-01
1.169999999999999929e+00 6.040144801738029923e-01
1.229999999999999982e+00 5.637978598047965750e-01
1.290000000000000036e+00 5.226687916517589461e-01
1.349999999999999867e+00 4.815615785354606659e-01
1.409999999999999920e+00 4.398719783604932432e-01
1.469999999999999973e+00 4.000147243343000758e-01
1.530000000000000027e+00 3.614506427663160548e-01
1.589999999999999858e+00 3.244832206440460554e-01
1.649999999999999911e+00 2.900662564744488359e-01
1.709999999999999964e+00 2.579352546423958059e-01
1.770000000000000018e+00 2.282502784567622400e-01
1.829999999999999849e+00 2.013289710083945305e-01
1.889999999999999902e+00 1.765185372509339434e-01
1.949999999999999956e+00 1.537340405643090324e-01
2.009999999999999787e+00 1.336058000764120401e-01
2.070000000000000284e+00 1.157661296293058389e-01
2.129999999999999893e+00 9.987019151255766003e-02
2.189999999999999947e+00 8.607593803717657199e-02
2.250000000000000000e+00 7.347514341486205414e-02
2.309999999999999609e+00 6.279870961306550925e-02
2.370000000000000107e+00 5.327512899947850489e-02
2.429999999999999716e+00 4.524104364575506215e-02
2.490000000000000213e+00 3.833261686065715657e-02
2.549999999999999822e+00 3.226225622885805361e-02
2.609999999999999876e+00 2.706982235714546284e-02
2.669999999999999929e+00 2.267360721042164726e-02
2.729999999999999538e+00 1.901226767419179203e-02
2.790000000000000036e+00 1.579821133312896489e-02
2.849999999999999645e+00 1.311749239440994884e-02
2.910000000000000142e+00 1.086095985066333307e-02
2.969999999999999751e+00 8.964042002420248220e-03
3.030000000000000249e+00 7.365147382495010331e-03
3.089999999999999858e+00 6.030003319631063730e-03
3.149999999999999911e+00 4.985556080722186242e-03
3.209999999999999964e+00 4.062925836388154265e-03
3.269999999999999574e+00 3.320102939805925912e-03
3.330000000000000071e+00 2.707292676577357105e-03
3.389999999999999680e+00 2.211332354118409824e-03
3.450000000000000178e+00 1.781682199960183321e-03
3.509999999999999787e+00 1.447647831553932089e-03
3.569999999999999840e+00 1.164774117342253033e-03
3.629999999999999893e+00 9.366621713339604721e-04
3.689999999999999503e+00 7.346272578034880422e-04
3.750000000000000000e+00 5.933145770427764682e-04
3.809999999999999609e+00 4.789481631758034721e-04
3.870000000000000107e+00 3.802279687955172419e-04
3.929999999999999716e+00 3.160287983620481737e-04
3.989999999999999769e+00 2.466142214330186030e-04
4.049999999999999822e+00 1.934667457163329431e-04
4.109999999999999432e+00 1.469006162916722019e-04
4.169999999999999929e+00 1.256664612740237240e-04
4.230000000000000426e+00 1.023213083891275467e-04
4.290000000000000036e+00 8.257726951306894542e-05
4.349999999999999645e+00 6.482005215913176979e-05
4.410000000000000142e+00 5.041559612376915353e-05
4.469999999999999751e+00 3.948807775211417363e-05
4.529999999999999361e+00 2.880891207072523252e-05
4.589999999999999858e+00 2.086162598224899624e-05
4.650000000000000355e+00 1.999239156632225147e-05
4.709999999999999964e+00 1.490116141589214090e-05
4.769999999999999574e+00 1.316269258403825156e-05
4.830000000000000071e+00 7.823109743343489633e-06
4.889999999999999680e+00 6.705522637151463319e-06
4.949999999999999289e+00 5.836288221224508488e-06
5.009999999999999787e+00 4.346172079635207832e-06
5.070000000000000284e+00 2.607703247781163070e-06
5.129999999999999893e+00 1.986821522118952345e-06
5.189999999999999503e+00 2.235174212383853999e-06
5.250000000000000000e+00 2.110997867251417784e-06
5.309999999999999609e+00 1.117587106191910483e-06
5.369999999999999218e+00 9.934107610594907840e-07
5.429999999999999716e+00 3.725290353973035648e-07
5.490000000000000213e+00 8.692344159270543566e-07
5.549999999999999822e+00 1.241763451324345216e-07
5.609999999999999432e+00 3.725290353973090705e-07
5.669999999999999929e+00 3.725290353973035648e-07
5.730000000000000426e+00 1.241763451324363480e-07
5.789999999999999147e+00 1.241763451324363480e-07
5.849999999999999645e+00 0.000000000000000000e+00
5.910000000000000142e+00 0.000000000000000000e+00
5.969999999999999751e+00 0.000000000000000000e+00
