2.999999999999999889e-02 9.619270976815220975e-02
8.999999999999999667e-02 1.617647743619555489e-01
1.499999999999999944e-01 2.417990370993597649e-01
2.099999999999999922e-01 3.233348402132927846e-01
2.700000000000000178e-01 4.037032614979380596e-01
3.299999999999999600e-01 4.800548263403113802e-01
3.900000000000000133e-01 5.495473865318458717e-01
4.499999999999999556e-01 6.111651795617903948e-01
5.100000000000000089e-01 6.628255197540656729e-01
5.700000000000000622e-01 7.040767777380626535e-01
6.299999999999998934e-01 7.348547543428666229e-01
6.899999999999999467e-01 7.541084209754455037e-01
7.500000000000000000e-01 7.631991229176318114e-01
8.100000000000000533e-01 7.623486391234846060e-01
8.699999999999998845e-01 7.517280845978683290e-01
9.299999999999999378e-01 7.335818226194285030e-01
9.899999999999999911e-01 7.082392930342589210e-01
1.050000000000000044e+00 6.779960197755792173e-01
1.109999999999999876e+00 6.423055027443922427e-01
1.169999999999999929e+00 6.043076650271037575e-01
1.229999999999999982e+00 5.644772327946993018e-01
1.290000000000000036e+00 5.229982353920358262e-01
1.349999999999999867e+00 4.812168685867181384e-01
1.409999999999999920e+00 4.399784007663663510e-01
1.469999999999999973e+00 3.995690584086413200e-01
1.530000000000000027e+00 3.610969912257611658e-01
1.589999999999999858e+00 3.242198450316463032e-01
1.649999999999999911e+00 2.904096062324602601e-01
1.709999999999999964e+00 2.578396407776988308e-01
1.770000000000000018e+00 2.281472137901315589e-01
1.829999999999999849e+00 2.010587647793909416e-01
1.889999999999999902e+00 1.763194838833691824e-01
1.949999999999999956e+00 1.539211754632257567e-01
2.009999999999999787e+00 1.340732008384137308e-01
2.070000000000000284e+00 1.158931628938476843e-01
2.129999999999999893e+00 1.000944547376286520e-01
2.189999999999999947e+00 8.586769494615366372e-02
2.250000000000000000e+00 7.353152002340469784e-02
2.309999999999999609e+00 6.279684743576149919e-02
2.370000000000000107e+00 5.348896106432038389e-02
2.429999999999999716e+00 4.511376322811805339e-02
2.490000000000000213e+00 3.824532117497890515e-02
2.549999999999999822e+00 3.225306741962232632e-02
2.609999999999999876e+00 2.706771156094837927e-02
2.669999999999999929e+00 2.262642036785129582e-02
2.729999999999999538e+00 1.895216646435233729e-02
2.790000000000000036e+00 1.570756271821275099e-02
2.849999999999999645e+00 1.303193498970918462e-02
2.910000000000000142e+00 1.077341560761316784e-02
2.969999999999999751e+00 8.954728843253247084e-03
3.030000000000000249e+00 7.424131201747004999e-03
3.089999999999999858e+00 6.052851812232693147e-03
3.149999999999999911e+00 4.989529760941318996e-03
3.209999999999999964e+00 4.048273057824512342e-03
3.269999999999999574e+00 3.332644775494440856e-03
3.330000000000000071e+00 2.695620120218843261e-03
3.389999999999999680e+00 2.187242159458941976e-03
3.450000000000000178e+00 1.805151542639640968e-03
3.509999999999999787e+00 1.437217029270909012e-03
3.569999999999999840e+00 1.163159833521747481e-03
3.629999999999999893e+00 9.519358688777249762e-04
3.689999999999999503e+00 7.561097711448561218e-04
3.750000000000000000e+00 5.950530503081213939e-04
3.809999999999999609e+00 4.893789798130855411e-04
3.870000000000000107e+00 3.848224964325684975e-04
3.929999999999999716e+00 3.111859232203990108e-04
3.989999999999999769e+00 2.490977501915902083e-04
4.049999999999999822e+00 2.015382096515179011e-04
4.109999999999999432e+00 1.538544927653939538e-04
4.169999999999999929e+00 1.277774600932913803e-04
4.230000000000000426e+00 9.735425530917583576e-05
4.290000000000000036e+00 7.400910225034175449e-05
4.349999999999999645e+00 6.109476226035013104e-05
4.410000000000000142e+00 4.706283515583882434e-05
4.469999999999999751e+00 3.725290381728611771e-05
4.529999999999999361e+00 2.744297247873451223e-05
4.589999999999999858e+00 2.384185844306311886e-05
4.650000000000000355e+00 1.974403902316193573e-05
4.709999999999999964e+00 1.142422383730107511e-05
4.769999999999999574e+00 1.241763460576222333e-05
4.830000000000000071e+00 8.319815185860689527e-06
4.889999999999999680e+00 7.326404417399603139e-06
4.949999999999999289e+00 5.836288264708245031e-06
5.009999999999999787e+00 4.594524804131954597e-06
5.070000000000000284e+00 2.731879613267689200e-06
5.129999999999999893e+00 3.601114035670991452e-06
5.189999999999999503e+00 1.365939806633844600e-06
5.250000000000000000e+00 1.365939806633844600e-06
5.309999999999999609e+00 9.934107684609631447e-07
5.369999999999999218e+00 7.450580763457334758e-07
5.429999999999999716e+00 7.450580763457224644e-07
5.490000000000000213e+00 3.725290381728667379e-07
5.549999999999999822e+00 7.450580763457224644e-07
5.609999999999999432e+00 1.241763460576222195e-07
5.669999999999999929e+00 3.725290381728612322e-07
5.730000000000000426e+00 1.241763460576222195e-07
5.789999999999999147e+00 1.241763460576222195e-07
5.849999999999999645e+00 4.967053842304815724e-07
5.910000000000000142e+00 2.483526921152444390e-07
5.969999999999999751e+00 1.241763460576203931e-07
