2.999999999999999889e-02 9.625715585741269342e-02
8.999999999999999667e-02 1.615569007512696054e-01
1.499999999999999944e-01 2.413012105323464329e-01
2.099999999999999922e-01 3.231380158896596244e-01
2.700000000000000178e-01 4.040636152331800179e-01
3.299999999999999600e-01 4.799233164384215100e-01
3.900000000000000133e-01 5.495498618698358984e-01
4.499999999999999556e-01 6.112251476289715102e-01
5.100000000000000089e-01 6.628503451460371343e-01
5.700000000000000622e-01 7.041034651605057038e-01
6.299999999999998934e-01 7.349389349540499383e-01
6.899999999999999467e-01 7.535164611055183981e-01
7.500000000000000000e-01 7.630594131578454231e-01
8.100000000000000533e-01 7.620271352084520000e-01
8.699999999999998845e-01 7.528076625327847493e-01
9.299999999999999378e-01 7.334904178988710388e-01
9.899999999999999911e-01 7.083003772420209954e-01
1.050000000000000044e+00 6.773448289236283504e-01
1.109999999999999876e+00 6.433756449076724060e-01
1.169999999999999929e+00 6.044647390976398693e-01
1.229999999999999982e+00 5.641203415700812851e-01
1.290000000000000036e+00 5.230593223601047725e-01
1.349999999999999867e+00 4.815557386593695699e-01
1.409999999999999920e+00 4.399055026961275483e-01
1.469999999999999973e+00 3.998422404118542328e-01
1.530000000000000027e+00 3.610425966062338898e-01
1.589999999999999858e+00 3.247051213535560588e-01
1.649999999999999911e+00 2.897650025022399656e-01
1.709999999999999964e+00 2.579932430733731241e-01
1.770000000000000018e+00 2.284257379305299762e-01
1.829999999999999849e+00 2.011552468028308671e-01
1.889999999999999902e+00 1.763007306280288400e-01
1.949999999999999956e+00 1.540297032944586419e-01
2.009999999999999787e+00 1.337854822510391450e-01
2.070000000000000284e+00 1.159547526336317663e-01
2.129999999999999893e+00 9.994705592553101980e-02
2.189999999999999947e+00 8.569918636753603991e-02
2.250000000000000000e+00 7.343602731900428227e-02
2.309999999999999609e+00 6.283596204844082989e-02
2.370000000000000107e+00 5.340216100267188015e-02
2.429999999999999716e+00 4.536720647439759085e-02
2.490000000000000213e+00 3.824221619647402010e-02
2.549999999999999822e+00 3.222785914114009720e-02
2.609999999999999876e+00 2.712681909745069328e-02
2.669999999999999929e+00 2.255936480481944215e-02
2.729999999999999538e+00 1.888200654746595084e-02
2.790000000000000036e+00 1.562585444966345383e-02
2.849999999999999645e+00 1.305366565575448792e-02
2.910000000000000142e+00 1.080495623850540564e-02
2.969999999999999751e+00 8.901581234496682912e-03
3.030000000000000249e+00 7.359931921163681036e-03
3.089999999999999858e+00 6.043911025255250050e-03
3.149999999999999911e+00 4.948054787626309133e-03
3.209999999999999964e+00 4.077454438389246233e-03
3.269999999999999574e+00 3.305698459141190489e-03
3.330000000000000071e+00 2.695495903706766113e-03
3.389999999999999680e+00 2.180660780623509473e-03
3.450000000000000178e+00 1.794223997450548761e-03
3.509999999999999787e+00 1.441439003557752705e-03
3.569999999999999840e+00 1.144533364558227668e-03
3.629999999999999893e+00 9.396423966162573875e-04
3.689999999999999503e+00 7.305294329712490754e-04
3.750000000000000000e+00 6.084640866155228804e-04
3.809999999999999609e+00 4.855295058503457210e-04
3.870000000000000107e+00 3.788620261763183750e-04
3.929999999999999716e+00 3.010034583583728949e-04
3.989999999999999769e+00 2.319614109791438752e-04
4.049999999999999822e+00 2.006689722389137906e-04
4.109999999999999432e+00 1.621743055346691349e-04
4.169999999999999929e+00 1.298884560407820830e-04
4.230000000000000426e+00 9.909272267738587596e-05
4.290000000000000036e+00 8.046627104629711297e-05
4.349999999999999645e+00 6.134311403838173661e-05
4.410000000000000142e+00 4.644195273351167625e-05
4.469999999999999751e+00 3.961225380211231498e-05
4.529999999999999361e+00 3.154079142864162267e-05
4.589999999999999858e+00 2.384185808779173743e-05
4.650000000000000355e+00 1.862645163108757036e-05
4.709999999999999964e+00 1.341104517438285103e-05
4.769999999999999574e+00 9.685754848165535844e-06
4.830000000000000071e+00 7.202227964020527478e-06
4.889999999999999680e+00 7.202227964020420752e-06
4.949999999999999289e+00 6.084640866155272951e-06
5.009999999999999787e+00 4.221995703046453574e-06
5.070000000000000284e+00 2.731879572559510642e-06
5.129999999999999893e+00 2.359350539937723981e-06
5.189999999999999503e+00 1.117587097865254103e-06
5.250000000000000000e+00 1.986821507316007624e-06
5.309999999999999609e+00 4.967053768289946003e-07
5.369999999999999218e+00 7.450580652435028061e-07
5.429999999999999716e+00 1.241763442072486501e-07
5.490000000000000213e+00 0.000000000000000000e+00
5.549999999999999822e+00 3.725290326217458973e-07
5.609999999999999432e+00 0.000000000000000000e+00
5.669999999999999929e+00 1.241763442072486501e-07
5.730000000000000426e+00 2.483526884145009530e-07
5.789999999999999147e+00 1.241763442072504765e-07
5.849999999999999645e+00 0.000000000000000000e+00
5.910000000000000142e+00 0.000000000000000000e+00
5.969999999999999751e+00 0.000000000000000000e+00
