2.999999999999999889e-02 9.598483713456619493e-02
8.999999999999999667e-02 1.617164673535759489e-01
1.499999999999999944e-01 2.417352068553507705e-01
2.099999999999999922e-01 3.231279576057788372e-01
2.700000000000000178e-01 4.035621911552711438e-01
3.299999999999999600e-01 4.793110028851355620e-01
3.900000000000000133e-01 5.493462126653358979e-01
4.499999999999999556e-01 6.117396102230221455e-01
5.100000000000000089e-01 6.630049446945751601e-01
5.700000000000000622e-01 7.044900261200227609e-01
6.299999999999998934e-01 7.347119405968390859e-01
6.899999999999999467e-01 7.539823707489838878e-01
7.500000000000000000e-01 7.631639696396679273e-01
8.100000000000000533e-01 7.620194362751111505e-01
8.699999999999998845e-01 7.520121888717931080e-01
9.299999999999999378e-01 7.332898731029762196e-01
9.899999999999999911e-01 7.090717606922363192e-01
1.050000000000000044e+00 6.779416204338883922e-01
1.109999999999999876e+00 6.430005081718223048e-01
1.169999999999999929e+00 6.042862976910140516e-01
1.229999999999999982e+00 5.645530961296436612e-01
1.290000000000000036e+00 5.228710710222865821e-01
1.349999999999999867e+00 4.810495958803808203e-01
1.409999999999999920e+00 4.398252847777696650e-01
1.469999999999999973e+00 3.999059428764325519e-01
1.530000000000000027e+00 3.617076851058079190e-01
1.589999999999999858e+00 3.246014341061430053e-01
1.649999999999999911e+00 2.901781371994174852e-01
1.709999999999999964e+00 2.580616642390313187e-01
1.770000000000000018e+00 2.280895925667609792e-01
1.829999999999999849e+00 2.007639671422338234e-01
1.889999999999999902e+00 1.762005203182535895e-01
1.949999999999999956e+00 1.537142953801722001e-01
2.009999999999999787e+00 1.338937640231878667e-01
2.070000000000000284e+00 1.158004014377821550e-01
2.129999999999999893e+00 1.000358420116392033e-01
2.189999999999999947e+00 8.593375548174354839e-02
2.250000000000000000e+00 7.338548754691193166e-02
2.309999999999999609e+00 6.279461132581981575e-02
2.370000000000000107e+00 5.339073677900480625e-02
2.429999999999999716e+00 4.516591662043763916e-02
2.490000000000000213e+00 3.821353146096214543e-02
2.549999999999999822e+00 3.224921747234375108e-02
2.609999999999999876e+00 2.698724488656174467e-02
2.669999999999999929e+00 2.258581436613558632e-02
2.729999999999999538e+00 1.891156051738727625e-02
2.790000000000000036e+00 1.577536276808898588e-02
2.849999999999999645e+00 1.308297127298739884e-02
2.910000000000000142e+00 1.072759437606428910e-02
2.969999999999999751e+00 8.951127595835375525e-03
3.030000000000000249e+00 7.340063706090521091e-03
3.089999999999999858e+00 6.120652005975330337e-03
3.149999999999999911e+00 4.974504348942454177e-03
3.209999999999999964e+00 4.075715969570344738e-03
3.269999999999999574e+00 3.282974188151263802e-03
3.330000000000000071e+00 2.711887181142123068e-03
3.389999999999999680e+00 2.161413447271385777e-03
3.450000000000000178e+00 1.789132767338051525e-03
3.509999999999999787e+00 1.454850048732135668e-03
3.569999999999999840e+00 1.160800465649377373e-03
3.629999999999999893e+00 9.336819320943094041e-04
3.689999999999999503e+00 7.677823362334239721e-04
3.750000000000000000e+00 6.018827403725385402e-04
3.809999999999999609e+00 4.872679746692472162e-04
3.870000000000000107e+00 3.956258326442970786e-04
3.929999999999999716e+00 3.154079142864138550e-04
3.989999999999999769e+00 2.520779787407184821e-04
4.049999999999999822e+00 1.990546797642195722e-04
4.109999999999999432e+00 1.565863700453428461e-04
4.169999999999999929e+00 1.279016345334661156e-04
4.230000000000000426e+00 9.698172482586261826e-05
4.290000000000000036e+00 7.686515706428690006e-05
4.349999999999999645e+00 5.823870543320047488e-05
4.410000000000000142e+00 4.793206886399867890e-05
4.469999999999999751e+00 3.948807745790506533e-05
4.529999999999999361e+00 2.707044303718060457e-05
4.589999999999999858e+00 2.433856346462073266e-05
4.650000000000000355e+00 1.676380646797881197e-05
4.709999999999999964e+00 1.514951399328433266e-05
4.769999999999999574e+00 1.167257635548154559e-05
4.830000000000000071e+00 9.685754848165535844e-06
4.889999999999999680e+00 5.215406456704442351e-06
4.949999999999999289e+00 5.587935489326270940e-06
5.009999999999999787e+00 3.476937637802961991e-06
5.070000000000000284e+00 3.476937637803013236e-06
5.129999999999999893e+00 3.352761293595712758e-06
5.189999999999999503e+00 2.235174195730508206e-06
5.250000000000000000e+00 8.692344094507533090e-07
5.309999999999999609e+00 1.117587097865237586e-06
5.369999999999999218e+00 4.967053768290019060e-07
5.429999999999999716e+00 2.483526884144973002e-07
5.490000000000000213e+00 3.725290326217514030e-07
5.549999999999999822e+00 2.483526884144973002e-07
5.609999999999999432e+00 3.725290326217514030e-07
5.669999999999999929e+00 3.725290326217458973e-07
5.730000000000000426e+00 0.000000000000000000e+00
5.789999999999999147e+00 0.000000000000000000e+00
5.849999999999999645e+00 1.241763442072486501e-07
5.910000000000000142e+00 0.000000000000000000e+00
5.969999999999999751e+00 0.000000000000000000e+00
