2.999999999999999889e-02 9.621878536705265328e-02
8.999999999999999667e-02 1.616756133363317638e-01
1.499999999999999944e-01 2.415694314358340922e-01
2.099999999999999922e-01 3.234530512749134723e-01
2.700000000000000178e-01 4.031407366430317940e-01
3.299999999999999600e-01 4.800719555224375878e-01
3.900000000000000133e-01 5.498855105282280942e-01
4.499999999999999556e-01 6.115982975433144064e-01
5.100000000000000089e-01 6.628494759116276835e-01
5.700000000000000622e-01 7.042365822014957644e-01
6.299999999999998934e-01 7.345780784977835598e-01
6.899999999999999467e-01 7.538501229424031669e-01
7.500000000000000000e-01 7.630343295363155587e-01
8.100000000000000533e-01 7.620817727999031899e-01
8.699999999999998845e-01 7.520320570868662680e-01
9.299999999999999378e-01 7.332117661824699706e-01
9.899999999999999911e-01 7.088118596038106567e-01
1.050000000000000044e+00 6.777551075648891032e-01
1.109999999999999876e+00 6.425040511476817207e-01
1.169999999999999929e+00 6.045276965041529449e-01
1.229999999999999982e+00 5.642193101164145741e-01
1.290000000000000036e+00 5.226677943468193144e-01
1.349999999999999867e+00 4.811912810891212366e-01
1.409999999999999920e+00 4.400351427994799169e-01
1.469999999999999973e+00 4.000866194572541001e-01
1.530000000000000027e+00 3.613984860087318673e-01
1.589999999999999858e+00 3.246483727642533457e-01
1.649999999999999911e+00 2.899970880895633152e-01
1.709999999999999964e+00 2.580129871121020768e-01
1.770000000000000018e+00 2.284376588595738722e-01
1.829999999999999849e+00 2.009693548155526144e-01
1.889999999999999902e+00 1.764102541636196342e-01
1.949999999999999956e+00 1.539451392040535049e-01
2.009999999999999787e+00 1.337910701865284713e-01
2.070000000000000284e+00 1.157636452398968091e-01
2.129999999999999893e+00 1.000955708332028904e-01
2.189999999999999947e+00 8.589749598923503149e-02
2.250000000000000000e+00 7.354194974061306622e-02
2.309999999999999609e+00 6.268682625904793693e-02
2.370000000000000107e+00 5.339458624567523098e-02
2.429999999999999716e+00 4.523098502480223104e-02
2.490000000000000213e+00 3.828915485458436047e-02
2.549999999999999822e+00 3.214267416901393087e-02
2.609999999999999876e+00 2.700760980701173361e-02
2.669999999999999929e+00 2.265609817695688616e-02
2.729999999999999538e+00 1.879880839684709704e-02
2.790000000000000036e+00 1.570036025618780362e-02
2.849999999999999645e+00 1.309526473106391656e-02
2.910000000000000142e+00 1.082954315465844107e-02
2.969999999999999751e+00 8.904809819446073138e-03
3.030000000000000249e+00 7.401903525505731420e-03
3.089999999999999858e+00 6.074582582274440715e-03
3.149999999999999911e+00 4.924585458571138948e-03
3.209999999999999964e+00 4.047155410402677317e-03
3.269999999999999574e+00 3.329167788196360674e-03
3.330000000000000071e+00 2.704809129522309837e-03
3.389999999999999680e+00 2.221142268835072861e-03
3.450000000000000178e+00 1.763304087742943596e-03
3.509999999999999787e+00 1.437092831510499184e-03
3.569999999999999840e+00 1.156454293602123635e-03
3.629999999999999893e+00 9.547919106095417371e-04
3.689999999999999503e+00 7.538745856822120107e-04
3.750000000000000000e+00 5.950530414411399176e-04
3.809999999999999609e+00 4.934767918796096990e-04
3.870000000000000107e+00 3.945082455464318317e-04
3.929999999999999716e+00 3.110617422391601171e-04
3.989999999999999769e+00 2.523263314291329814e-04
4.049999999999999822e+00 1.914799227675773703e-04
4.109999999999999432e+00 1.529852560633325790e-04
4.169999999999999929e+00 1.235554624862124048e-04
4.230000000000000426e+00 9.487072697433936055e-05
4.290000000000000036e+00 7.239480867282595310e-05
4.349999999999999645e+00 6.208817210362524810e-05
4.410000000000000142e+00 4.818042155241318499e-05
4.469999999999999751e+00 3.787378498321083335e-05
4.529999999999999361e+00 2.545615056248634549e-05
4.589999999999999858e+00 2.309680002254824288e-05
4.650000000000000355e+00 1.688798281218606502e-05
4.709999999999999964e+00 1.477698496066258708e-05
4.769999999999999574e+00 1.241763442072504691e-05
4.830000000000000071e+00 1.179675269968879524e-05
4.889999999999999680e+00 7.326404308227669561e-06
4.949999999999999289e+00 4.967053768290019272e-06
5.009999999999999787e+00 3.725290326217458761e-06
5.070000000000000284e+00 2.980232260974011224e-06
5.129999999999999893e+00 2.856055916766718370e-06
5.189999999999999503e+00 2.483526884145009636e-06
5.250000000000000000e+00 1.738468818901506618e-06
5.309999999999999609e+00 1.365939786279734992e-06
5.369999999999999218e+00 1.117587097865254103e-06
5.429999999999999716e+00 4.967053768289946003e-07
5.490000000000000213e+00 4.967053768290019060e-07
5.549999999999999822e+00 6.208817210362431975e-07
5.609999999999999432e+00 3.725290326217514030e-07
5.669999999999999929e+00 1.241763442072486501e-07
5.730000000000000426e+00 3.725290326217514030e-07
5.789999999999999147e+00 1.241763442072504765e-07
5.849999999999999645e+00 1.241763442072486501e-07
5.910000000000000142e+00 0.000000000000000000e+00
5.969999999999999751e+00 0.000000000000000000e+00
