2.999999999999999889e-02 9.631179416644267133e-02
8.999999999999999667e-02 1.620235566599700638e-01
1.499999999999999944e-01 2.416999425744008612e-01
2.099999999999999922e-01 3.233126102384817346e-01
2.700000000000000178e-01 4.035312742521058871e-01
3.299999999999999600e-01 4.799353651196067716e-01
3.900000000000000133e-01 5.493419947625497457e-01
4.499999999999999556e-01 6.110894274377242086e-01
5.100000000000000089e-01 6.630921214286299437e-01
5.700000000000000622e-01 7.046636298993776970e-01
6.299999999999998934e-01 7.348988314702938895e-01
6.899999999999999467e-01 7.540221127970327952e-01
7.500000000000000000e-01 7.629486535432230543e-01
8.100000000000000533e-01 7.616747284185109157e-01
8.699999999999998845e-01 7.512919716729525854e-01
9.299999999999999378e-01 7.340231398844186961e-01
9.899999999999999911e-01 7.088713453541889420e-01
1.050000000000000044e+00 6.777049453711246896e-01
1.109999999999999876e+00 6.428009615759217033e-01
1.169999999999999929e+00 6.044829975239877085e-01
1.229999999999999982e+00 5.641208424784860398e-01
1.290000000000000036e+00 5.225273547946530650e-01
1.349999999999999867e+00 4.810517104623469042e-01
1.409999999999999920e+00 4.397014842386264277e-01
1.469999999999999973e+00 3.996341238364691240e-01
1.530000000000000027e+00 3.612027867814317506e-01
1.589999999999999858e+00 3.248858003549654483e-01
1.649999999999999911e+00 2.899874044952897023e-01
1.709999999999999964e+00 2.579064457303250069e-01
1.770000000000000018e+00 2.284138187033016576e-01
1.829999999999999849e+00 2.012070298374745159e-01
1.889999999999999902e+00 1.762878176016778597e-01
1.949999999999999956e+00 1.542021853854583235e-01
2.009999999999999787e+00 1.337693403229514577e-01
2.070000000000000284e+00 1.157894747821907461e-01
2.129999999999999893e+00 9.993376980126544851e-02
2.189999999999999947e+00 8.606972921991994097e-02
2.250000000000000000e+00 7.363868366140147170e-02
2.309999999999999609e+00 6.268409484650826202e-02
2.370000000000000107e+00 5.334218422585002006e-02
2.429999999999999716e+00 4.523620076829489717e-02
2.490000000000000213e+00 3.830517388838288600e-02
2.549999999999999822e+00 3.206953454121250907e-02
2.609999999999999876e+00 2.691187004613700487e-02
2.669999999999999929e+00 2.264604006180224657e-02
2.729999999999999538e+00 1.894483991878487955e-02
2.790000000000000036e+00 1.576518042532373473e-02
2.849999999999999645e+00 1.308905601137462169e-02
2.910000000000000142e+00 1.084643121828283811e-02
2.969999999999999751e+00 8.933867150553066391e-03
3.030000000000000249e+00 7.361918797521566429e-03
3.089999999999999858e+00 6.068622162967251751e-03
3.149999999999999911e+00 4.981830790368213177e-03
3.209999999999999964e+00 4.086270989273052719e-03
3.269999999999999574e+00 3.337984333504996626e-03
3.330000000000000071e+00 2.737343352099406209e-03
3.389999999999999680e+00 2.206986182038774870e-03
3.450000000000000178e+00 1.800929533455710970e-03
3.509999999999999787e+00 1.450752240182243049e-03
3.569999999999999840e+00 1.161918061404206871e-03
3.629999999999999893e+00 9.268522400684979946e-04
3.689999999999999503e+00 7.477899503875261701e-04
3.750000000000000000e+00 6.062289169365497974e-04
3.809999999999999609e+00 4.805624556625250976e-04
3.870000000000000107e+00 3.885477839193904933e-04
3.929999999999999716e+00 3.116826262824129489e-04
3.989999999999999769e+00 2.472351031586807624e-04
4.049999999999999822e+00 1.971920360703059813e-04
4.109999999999999432e+00 1.568347239022671060e-04
4.169999999999999929e+00 1.230587580262426054e-04
4.230000000000000426e+00 9.983778148647882750e-05
4.290000000000000036e+00 8.021791895555269332e-05
4.349999999999999645e+00 6.270905429188034354e-05
4.410000000000000142e+00 4.917383267244479391e-05
4.469999999999999751e+00 3.377596587602218310e-05
4.529999999999999361e+00 3.104408628310909203e-05
4.589999999999999858e+00 2.197921308844090566e-05
4.650000000000000355e+00 1.912315715039519839e-05
4.709999999999999964e+00 1.440445603536240281e-05
4.769999999999999574e+00 9.809931265462470777e-06
4.830000000000000071e+00 7.947286088475926272e-06
4.889999999999999680e+00 6.829698982283897417e-06
4.949999999999999289e+00 3.973643044237963136e-06
5.009999999999999787e+00 5.463759185827118103e-06
5.070000000000000284e+00 4.097819389370399775e-06
5.129999999999999893e+00 2.235174212383820965e-06
5.189999999999999503e+00 1.986821522118981568e-06
5.250000000000000000e+00 1.365939796456799854e-06
5.309999999999999609e+00 1.614292486721648569e-06
5.369999999999999218e+00 7.450580707946181409e-07
5.429999999999999716e+00 6.208817256621726079e-07
5.490000000000000213e+00 3.725290353973090705e-07
5.549999999999999822e+00 4.967053805297380863e-07
5.609999999999999432e+00 1.241763451324363480e-07
5.669999999999999929e+00 2.483526902648690432e-07
5.730000000000000426e+00 0.000000000000000000e+00
5.789999999999999147e+00 2.483526902648726960e-07
5.849999999999999645e+00 0.000000000000000000e+00
5.910000000000000142e+00 0.000000000000000000e+00
5.969999999999999751e+00 0.000000000000000000e+00
