2.999999999999999889e-02 9.623492900880568912e-02
8.999999999999999667e-02 1.618495856004395217e-01
1.499999999999999944e-01 2.412743902396319862e-01
2.099999999999999922e-01 3.230654993116682250e-01
2.700000000000000178e-01 4.031638364468589919e-01
3.299999999999999600e-01 4.801907958615441729e-01
3.900000000000000133e-01 5.496411355779737828e-01
4.499999999999999556e-01 6.108424406872557944e-01
5.100000000000000089e-01 6.630921214286299437e-01
5.700000000000000622e-01 7.041735058651400481e-01
6.299999999999998934e-01 7.346129775237991710e-01
6.899999999999999467e-01 7.535091403152907041e-01
7.500000000000000000e-01 7.629321380893204774e-01
8.100000000000000533e-01 7.626390819148093358e-01
8.699999999999998845e-01 7.524146500092948608e-01
9.299999999999999378e-01 7.338434567130119879e-01
9.899999999999999911e-01 7.088616595992686120e-01
1.050000000000000044e+00 6.774805587154704156e-01
1.109999999999999876e+00 6.432934449607169425e-01
1.169999999999999929e+00 6.045339098254920440e-01
1.229999999999999982e+00 5.643477126610429995e-01
1.290000000000000036e+00 5.229969897319439731e-01
1.349999999999999867e+00 4.812979521547445239e-01
1.409999999999999920e+00 4.401732301737845687e-01
1.469999999999999973e+00 3.998198916487872845e-01
1.530000000000000027e+00 3.612520847904492904e-01
1.589999999999999858e+00 3.244688161880107669e-01
1.649999999999999911e+00 2.900470091409532714e-01
1.709999999999999964e+00 2.578568993686171651e-01
1.770000000000000018e+00 2.282400959964613896e-01
1.829999999999999849e+00 2.010313203091120826e-01
1.889999999999999902e+00 1.762473361131647043e-01
1.949999999999999956e+00 1.540253582699897261e-01
2.009999999999999787e+00 1.339412003846147392e-01
2.070000000000000284e+00 1.157542087001731251e-01
2.129999999999999893e+00 9.973993052651372593e-02
2.189999999999999947e+00 8.576922246469943778e-02
2.250000000000000000e+00 7.352642824540173150e-02
2.309999999999999609e+00 6.274568631369396854e-02
2.370000000000000107e+00 5.335745791630130963e-02
2.429999999999999716e+00 4.529592959030360327e-02
2.490000000000000213e+00 3.820272840364862671e-02
2.549999999999999822e+00 3.219532517883166162e-02
2.609999999999999876e+00 2.705268602151718674e-02
2.669999999999999929e+00 2.259438270222715803e-02
2.729999999999999538e+00 1.886313188368773930e-02
2.790000000000000036e+00 1.573674404228840931e-02
2.849999999999999645e+00 1.301082491394118731e-02
2.910000000000000142e+00 1.074026044319460575e-02
2.969999999999999751e+00 8.919462694517703294e-03
3.030000000000000249e+00 7.377068311627724140e-03
3.089999999999999858e+00 6.038447311100069922e-03
3.149999999999999911e+00 4.982451672093875933e-03
3.209999999999999964e+00 4.038587272742197483e-03
3.269999999999999574e+00 3.331899692593507430e-03
3.330000000000000071e+00 2.712632259418052121e-03
3.389999999999999680e+00 2.231448922029864376e-03
3.450000000000000178e+00 1.796459185030943291e-03
3.509999999999999787e+00 1.459320407996381099e-03
3.569999999999999840e+00 1.144905902121063279e-03
3.629999999999999893e+00 9.222577152985979168e-04
3.689999999999999503e+00 7.557372364760020066e-04
3.750000000000000000e+00 6.079673857684038223e-04
3.809999999999999609e+00 4.913657976890469870e-04
3.870000000000000107e+00 3.901620764061121188e-04
3.929999999999999716e+00 3.175189145036373998e-04
3.989999999999999769e+00 2.411504622471914044e-04
4.049999999999999822e+00 1.954535672384519294e-04
4.109999999999999432e+00 1.619259540526969980e-04
4.169999999999999929e+00 1.213202891943885128e-04
4.230000000000000426e+00 9.275972981392996278e-05
4.290000000000000036e+00 7.959703722989052029e-05
4.349999999999999645e+00 5.662441338039097194e-05
4.410000000000000142e+00 4.768371653085556102e-05
4.469999999999999751e+00 3.886719602645200060e-05
4.529999999999999361e+00 3.141661531850639856e-05
4.589999999999999858e+00 2.371768192029499151e-05
4.650000000000000355e+00 1.899898080526276175e-05
4.709999999999999964e+00 1.378357430970023147e-05
4.769999999999999574e+00 9.561578575197599193e-06
4.830000000000000071e+00 8.319815123873236190e-06
4.889999999999999680e+00 5.960464566356857036e-06
4.949999999999999289e+00 5.091230150429890347e-06
5.009999999999999787e+00 3.849466699105469746e-06
5.070000000000000284e+00 3.104408628310908356e-06
5.129999999999999893e+00 1.738468831854083090e-06
5.189999999999999503e+00 1.490116141589236282e-06
5.250000000000000000e+00 1.862645176986545141e-06
5.309999999999999609e+00 8.692344159270415452e-07
5.369999999999999218e+00 1.738468831854108713e-06
5.429999999999999716e+00 2.483526902648690432e-07
5.490000000000000213e+00 4.967053805297453920e-07
5.549999999999999822e+00 7.450580707946071295e-07
5.609999999999999432e+00 1.241763451324363480e-07
5.669999999999999929e+00 1.241763451324345216e-07
5.730000000000000426e+00 0.000000000000000000e+00
5.789999999999999147e+00 0.000000000000000000e+00
5.849999999999999645e+00 1.241763451324345216e-07
5.910000000000000142e+00 0.000000000000000000e+00
5.969999999999999751e+00 1.241763451324345216e-07
