2.999999999999999889e-02 9.592287242412567139e-02
8.999999999999999667e-02 1.618390281995137625e-01
1.499999999999999944e-01 2.413363506396611624e-01
2.099999999999999922e-01 3.231402486562728882e-01
2.700000000000000178e-01 4.035808145999908447e-01
3.299999999999999600e-01 4.796821624040603638e-01
3.900000000000000133e-01 5.495573083559672778e-01
4.499999999999999556e-01 6.112869828939437866e-01
5.100000000000000089e-01 6.627731025218958072e-01
5.700000000000000622e-01 7.039067645867672640e-01
6.299999999999998934e-01 7.347478220860170772e-01
6.899999999999999467e-01 7.537609587113055509e-01
7.500000000000000000e-01 7.633452614148451554e-01
8.100000000000000533e-01 7.624691973129915645e-01
8.699999999999998845e-01 7.520691802104321200e-01
9.299999999999999378e-01 7.335743556420001310e-01
9.899999999999999911e-01 7.087261726458861100e-01
1.050000000000000044e+00 6.778569271167113053e-01
1.109999999999999876e+00 6.432168185710924746e-01
1.169999999999999929e+00 6.047690908114109476e-01
1.229999999999999982e+00 5.646167943874990103e-01
1.290000000000000036e+00 5.227714776992812284e-01
1.349999999999999867e+00 4.811193794012065261e-01
1.409999999999999920e+00 4.399374127387996603e-01
1.469999999999999973e+00 4.000005622704820296e-01
1.530000000000000027e+00 3.613228599230445259e-01
1.589999999999999858e+00 3.244130561749149488e-01
1.649999999999999911e+00 2.903182059526440706e-01
1.709999999999999964e+00 2.579844246308006794e-01
1.770000000000000018e+00 2.284759034713115811e-01
1.829999999999999849e+00 2.010015149911242860e-01
1.889999999999999902e+00 1.761617759863534083e-01
1.949999999999999956e+00 1.538111517826714625e-01
2.009999999999999787e+00 1.338753849267958485e-01
2.070000000000000284e+00 1.157920807600020391e-01
2.129999999999999893e+00 9.981381396452576604e-02
2.189999999999999947e+00 8.584521710872705658e-02
2.250000000000000000e+00 7.363247374693546177e-02
2.309999999999999609e+00 6.277697781721745807e-02
2.370000000000000107e+00 5.343755086263016207e-02
2.429999999999999716e+00 4.515945911407466540e-02
2.490000000000000213e+00 3.833596905072526873e-02
2.549999999999999822e+00 3.209871550401049295e-02
2.609999999999999876e+00 2.703939874966956869e-02
2.669999999999999929e+00 2.250373363494870965e-02
2.729999999999999538e+00 1.886971294879911595e-02
2.790000000000000036e+00 1.570930083592731244e-02
2.849999999999999645e+00 1.303205887476602091e-02
2.910000000000000142e+00 1.075714826583861264e-02
2.969999999999999751e+00 8.956839640935253949e-03
3.030000000000000249e+00 7.302314043045037874e-03
3.089999999999999858e+00 6.034349401791884969e-03
3.149999999999999911e+00 4.947806398073864576e-03
3.209999999999999964e+00 4.049142201741532700e-03
3.269999999999999574e+00 3.290548920631405656e-03
3.330000000000000071e+00 2.681960662206011540e-03
3.389999999999999680e+00 2.211953202883400627e-03
3.450000000000000178e+00 1.764794190724689165e-03
3.509999999999999787e+00 1.448144515355426687e-03
3.569999999999999840e+00 1.141677300135302041e-03
3.629999999999999893e+00 9.293357531229646997e-04
3.689999999999999503e+00 7.623185714085889582e-04
3.750000000000000000e+00 6.067256132761631587e-04
3.809999999999999609e+00 4.859020312627152058e-04
3.870000000000000107e+00 3.912796576817826970e-04
3.929999999999999716e+00 3.075848023096717848e-04
3.989999999999999769e+00 2.462416887283341458e-04
4.049999999999999822e+00 1.889963944752995437e-04
4.109999999999999432e+00 1.554687817891448921e-04
4.169999999999999929e+00 1.308818658192941722e-04
4.230000000000000426e+00 9.921689828236962387e-05
4.290000000000000036e+00 7.761021455128923482e-05
4.349999999999999645e+00 5.761782328287798138e-05
4.410000000000000142e+00 5.414088567098017233e-05
4.469999999999999751e+00 3.663202126820851894e-05
4.529999999999999361e+00 3.104408582051615607e-05
4.589999999999999858e+00 2.371768156687399082e-05
4.650000000000000355e+00 1.651545365651459297e-05
4.709999999999999964e+00 1.229345798492421476e-05
4.769999999999999574e+00 1.291433970133471956e-05
4.830000000000000071e+00 8.319814999898329514e-06
4.889999999999999680e+00 5.960464477539013372e-06
4.949999999999999289e+00 4.718701044718455255e-06
5.009999999999999787e+00 3.601113955179820473e-06
5.070000000000000284e+00 3.973642985026067360e-06
5.129999999999999893e+00 1.365939776102690459e-06
5.189999999999999503e+00 1.738468805948904523e-06
5.250000000000000000e+00 1.241763432820646209e-06
5.309999999999999609e+00 9.934107462565022287e-07
5.369999999999999218e+00 6.208817164103231044e-07
5.429999999999999716e+00 7.450580596923766715e-07
5.490000000000000213e+00 4.967053731282584200e-07
5.549999999999999822e+00 3.725290298461883358e-07
5.609999999999999432e+00 3.725290298461938415e-07
5.669999999999999929e+00 4.967053731282511143e-07
5.730000000000000426e+00 2.483526865641292100e-07
5.789999999999999147e+00 4.967053731282584200e-07
5.849999999999999645e+00 0.000000000000000000e+00
5.910000000000000142e+00 0.000000000000000000e+00
5.969999999999999751e+00 0.000000000000000000e+00
