2.999999999999999889e-02 9.645807318234002337e-02
8.999999999999999667e-02 1.620497566614281792e-01
1.499999999999999944e-01 2.417636432381742584e-01
2.099999999999999922e-01 3.234242423630573904e-01
2.700000000000000178e-01 4.036041627596132497e-01
3.299999999999999600e-01 4.799444264169366869e-01
3.900000000000000133e-01 5.494715065966411238e-01
4.499999999999999556e-01 6.110734041363503621e-01
5.100000000000000089e-01 6.632700611894576381e-01
5.700000000000000622e-01 7.043064934832845569e-01
6.299999999999998934e-01 7.343924348631938326e-01
6.899999999999999467e-01 7.538608021080049904e-01
7.500000000000000000e-01 7.631501860654609226e-01
8.100000000000000533e-01 7.620309846751224248e-01
8.699999999999998845e-01 7.516716973359768295e-01
9.299999999999999378e-01 7.334604913999169806e-01
9.899999999999999911e-01 7.082300934311996921e-01
1.050000000000000044e+00 6.777836681240567707e-01
1.109999999999999876e+00 6.429364331782113640e-01
1.169999999999999929e+00 6.043246681813740917e-01
1.229999999999999982e+00 5.642815224648624062e-01
1.290000000000000036e+00 5.226763625145696146e-01
1.349999999999999867e+00 4.811033642374225039e-01
1.409999999999999920e+00 4.402107281501890235e-01
1.469999999999999973e+00 3.999692728119782492e-01
1.530000000000000027e+00 3.609359291265598069e-01
1.589999999999999858e+00 3.244753951167725914e-01
1.649999999999999911e+00 2.902143966919260576e-01
1.709999999999999964e+00 2.579648066905496639e-01
1.770000000000000018e+00 2.279959636032286852e-01
1.829999999999999849e+00 2.010112022435504575e-01
1.889999999999999902e+00 1.762437336860377124e-01
1.949999999999999956e+00 1.539687327094528546e-01
2.009999999999999787e+00 1.337661107413428141e-01
2.070000000000000284e+00 1.159445701734067719e-01
2.129999999999999893e+00 9.997971430405752646e-02
2.189999999999999947e+00 8.610958918514101390e-02
2.250000000000000000e+00 7.354132885889201610e-02
2.309999999999999609e+00 6.286054896459386532e-02
2.370000000000000107e+00 5.342848638764381014e-02
2.429999999999999716e+00 4.526053899472356340e-02
2.490000000000000213e+00 3.828443615350448498e-02
2.549999999999999822e+00 3.215062145504318791e-02
2.609999999999999876e+00 2.711825092970039305e-02
2.669999999999999929e+00 2.267211692535962136e-02
2.729999999999999538e+00 1.888896042274156029e-02
2.790000000000000036e+00 1.571861417878626932e-02
2.849999999999999645e+00 1.310023178483220654e-02
2.910000000000000142e+00 1.087958622137396268e-02
2.969999999999999751e+00 8.953983651752144002e-03
3.030000000000000249e+00 7.365519856653007270e-03
3.089999999999999858e+00 6.050740724186648781e-03
3.149999999999999911e+00 5.010515488762556577e-03
3.209999999999999964e+00 4.078944554519733229e-03
3.269999999999999574e+00 3.304953401075946991e-03
3.330000000000000071e+00 2.694999198329937114e-03
3.389999999999999680e+00 2.188608066652773451e-03
3.450000000000000178e+00 1.795838289925243006e-03
3.509999999999999787e+00 1.422315846549836258e-03
3.569999999999999840e+00 1.164649932319802112e-03
3.629999999999999893e+00 9.403874546815008855e-04
3.689999999999999503e+00 7.466723577181916391e-04
3.750000000000000000e+00 6.097058500575952686e-04
3.809999999999999609e+00 4.939734972564386976e-04
3.870000000000000107e+00 3.974884778074057692e-04
3.929999999999999716e+00 3.078331572897716260e-04
3.989999999999999769e+00 2.476076303492574402e-04
4.049999999999999822e+00 1.899898066370904015e-04
4.109999999999999432e+00 1.541028431611978259e-04
4.169999999999999929e+00 1.182158796853006967e-04
4.230000000000000426e+00 9.424984525330309872e-05
4.290000000000000036e+00 7.972121298105361504e-05
4.349999999999999645e+00 6.854534200240225731e-05
4.410000000000000142e+00 4.842877424082768430e-05
4.469999999999999751e+00 3.837049036003982520e-05
4.529999999999999361e+00 2.967814626553286428e-05
4.589999999999999858e+00 2.396603443199898708e-05
4.650000000000000355e+00 1.651545377956431266e-05
4.709999999999999964e+00 1.601874840273507348e-05
4.769999999999999574e+00 1.142422366706704289e-05
4.830000000000000071e+00 1.092751829023804257e-05
4.889999999999999680e+00 6.953875275605923981e-06
4.949999999999999289e+00 4.346172047253766757e-06
5.009999999999999787e+00 5.463759145118939969e-06
5.070000000000000284e+00 2.856055916766760721e-06
5.129999999999999893e+00 2.359350539937723981e-06
5.189999999999999503e+00 1.241763442072504818e-06
5.250000000000000000e+00 1.614292474694256115e-06
5.309999999999999609e+00 9.934107536579892007e-07
5.369999999999999218e+00 6.208817210362524090e-07
5.429999999999999716e+00 4.967053768289946003e-07
5.490000000000000213e+00 6.208817210362524090e-07
5.549999999999999822e+00 1.241763442072486501e-07
5.609999999999999432e+00 4.967053768290019060e-07
5.669999999999999929e+00 4.967053768289946003e-07
5.730000000000000426e+00 1.241763442072504765e-07
5.789999999999999147e+00 1.241763442072504765e-07
5.849999999999999645e+00 1.241763442072486501e-07
5.910000000000000142e+00 2.483526884145009530e-07
5.969999999999999751e+00 1.241763442072486501e-07
