2.999999999999999889e-02 9.598483784970897326e-02
8.999999999999999667e-02 1.618944132610322939e-01
1.499999999999999944e-01 2.414592888175342011e-01
2.099999999999999922e-01 3.226975648010407816e-01
2.700000000000000178e-01 4.035654227470172883e-01
3.299999999999999600e-01 4.799791993694385028e-01
3.900000000000000133e-01 5.497603448693009209e-01
4.499999999999999556e-01 6.111182363497947856e-01
5.100000000000000089e-01 6.626168985558081870e-01
5.700000000000000622e-01 7.041553761187506755e-01
6.299999999999998934e-01 7.349675009891522004e-01
6.899999999999999467e-01 7.542503489193862487e-01
7.500000000000000000e-01 7.630570594925236705e-01
8.100000000000000533e-01 7.618299488499263861e-01
8.699999999999998845e-01 7.520428660319683489e-01
9.299999999999999378e-01 7.339681297635249901e-01
9.899999999999999911e-01 7.082092370819429439e-01
1.050000000000000044e+00 6.778656295617261351e-01
1.109999999999999876e+00 6.429012960627885631e-01
1.169999999999999929e+00 6.045398702900584009e-01
1.229999999999999982e+00 5.644086832465029513e-01
1.290000000000000036e+00 5.227788118935462469e-01
1.349999999999999867e+00 4.814007701685141805e-01
1.409999999999999920e+00 4.401305135110589739e-01
1.469999999999999973e+00 3.999314020067161746e-01
1.530000000000000027e+00 3.615484937262804510e-01
1.589999999999999858e+00 3.246879874371694785e-01
1.649999999999999911e+00 2.900292519235993516e-01
1.709999999999999964e+00 2.579947351117141685e-01
1.770000000000000018e+00 2.284900629792129823e-01
1.829999999999999849e+00 2.013412644665626416e-01
1.889999999999999902e+00 1.762586361605717744e-01
1.949999999999999956e+00 1.540303253237950143e-01
2.009999999999999787e+00 1.337894568908629123e-01
2.070000000000000284e+00 1.157970495392438154e-01
2.129999999999999893e+00 9.976625591168181151e-02
2.189999999999999947e+00 8.566640445092978118e-02
2.250000000000000000e+00 7.356293609087066754e-02
2.309999999999999609e+00 6.270346635634892196e-02
2.370000000000000107e+00 5.351690034345135683e-02
2.429999999999999716e+00 4.520366656587020832e-02
2.490000000000000213e+00 3.822445926404680061e-02
2.549999999999999822e+00 3.212802159976988620e-02
2.609999999999999876e+00 2.703306615898625961e-02
2.669999999999999929e+00 2.258519365268735549e-02
2.729999999999999538e+00 1.892385411645749679e-02
2.790000000000000036e+00 1.570073290220000070e-02
2.849999999999999645e+00 1.300287762785271028e-02
2.910000000000000142e+00 1.084742462904389644e-02
2.969999999999999751e+00 8.890902135137244283e-03
3.030000000000000249e+00 7.335965941388887697e-03
3.089999999999999858e+00 6.002436171011663914e-03
3.149999999999999911e+00 4.940852596474509459e-03
3.209999999999999964e+00 4.008909126255544818e-03
3.269999999999999574e+00 3.284836857788314517e-03
3.330000000000000071e+00 2.675751884913718775e-03
3.389999999999999680e+00 2.200529012091887934e-03
3.450000000000000178e+00 1.786028372039818709e-03
3.509999999999999787e+00 1.430138966890258682e-03
3.569999999999999840e+00 1.146520194607784796e-03
3.629999999999999893e+00 9.345511734667090323e-04
3.689999999999999503e+00 7.542471203344127805e-04
3.750000000000000000e+00 6.089607965294633425e-04
3.809999999999999609e+00 4.696349372908708089e-04
3.870000000000000107e+00 3.844499645300201215e-04
3.929999999999999716e+00 3.031144584682748987e-04
3.989999999999999769e+00 2.387911116896750845e-04
4.049999999999999822e+00 1.898656317074923585e-04
4.109999999999999432e+00 1.557171367960751593e-04
4.169999999999999929e+00 1.209477601589912198e-04
4.230000000000000426e+00 1.007070159024058806e-04
4.290000000000000036e+00 6.879369520336872581e-05
4.349999999999999645e+00 6.519258119452907632e-05
4.410000000000000142e+00 4.731118749545824772e-05
4.469999999999999751e+00 3.986060678751147338e-05
4.529999999999999361e+00 2.831220669019548597e-05
4.589999999999999858e+00 2.322097653976525511e-05
4.650000000000000355e+00 1.912315715039519839e-05
4.709999999999999964e+00 1.539786679642187898e-05
4.769999999999999574e+00 1.142422375218414370e-05
4.830000000000000071e+00 1.105169471678683548e-05
4.889999999999999680e+00 5.836288221224422091e-06
4.949999999999999289e+00 5.215406495562326140e-06
5.009999999999999787e+00 3.476937663708166181e-06
5.070000000000000284e+00 3.476937663708217426e-06
5.129999999999999893e+00 1.490116141589214259e-06
5.189999999999999503e+00 1.241763451324363639e-06
5.250000000000000000e+00 1.614292486721672498e-06
5.309999999999999609e+00 8.692344159270415452e-07
5.369999999999999218e+00 1.241763451324363639e-06
5.429999999999999716e+00 7.450580707946071295e-07
5.490000000000000213e+00 3.725290353973090705e-07
5.549999999999999822e+00 3.725290353973035648e-07
5.609999999999999432e+00 2.483526902648726960e-07
5.669999999999999929e+00 0.000000000000000000e+00
5.730000000000000426e+00 1.241763451324363480e-07
5.789999999999999147e+00 2.483526902648726960e-07
5.849999999999999645e+00 2.483526902648690432e-07
5.910000000000000142e+00 1.241763451324363480e-07
5.969999999999999751e+00 0.000000000000000000e+00
