2.999999999999999889e-02 9.642951477853997644e-02
8.999999999999999667e-02 1.618257461535656527e-01
1.499999999999999944e-01 2.416079315028965002e-01
2.099999999999999922e-01 3.232332663704932108e-01
2.700000000000000178e-01 4.035592199432617155e-01
3.299999999999999600e-01 4.798705522180761740e-01
3.900000000000000133e-01 5.496584042804957271e-01
4.499999999999999556e-01 6.112449053300889057e-01
5.100000000000000089e-01 6.624611912904532218e-01
5.700000000000000622e-01 7.041524063791561039e-01
6.299999999999998934e-01 7.349897395071316453e-01
6.899999999999999467e-01 7.543575243460387547e-01
7.500000000000000000e-01 7.631483404779926261e-01
8.100000000000000533e-01 7.619211056407628746e-01
8.699999999999998845e-01 7.518126542909745469e-01
9.299999999999999378e-01 7.336908549176901495e-01
9.899999999999999911e-01 7.082727017483914089e-01
1.050000000000000044e+00 6.774159971102866606e-01
1.109999999999999876e+00 6.427976183930341758e-01
1.169999999999999929e+00 6.043727379353658336e-01
1.229999999999999982e+00 5.646129617476347562e-01
1.290000000000000036e+00 5.225783990595276318e-01
1.349999999999999867e+00 4.814519379969017798e-01
1.409999999999999920e+00 4.403816046431141551e-01
1.469999999999999973e+00 3.997424115660508370e-01
1.530000000000000027e+00 3.610217430498718905e-01
1.589999999999999858e+00 3.248081949792770429e-01
1.649999999999999911e+00 2.900553332782385141e-01
1.709999999999999964e+00 2.578868297106073904e-01
1.770000000000000018e+00 2.279924917616202307e-01
1.829999999999999849e+00 2.012627880154882476e-01
1.889999999999999902e+00 1.764369560212974974e-01
1.949999999999999956e+00 1.538215871797476986e-01
2.009999999999999787e+00 1.338382601888454815e-01
2.070000000000000284e+00 1.158673350771466382e-01
2.129999999999999893e+00 9.980425536049164492e-02
2.189999999999999947e+00 8.589687702745882336e-02
2.250000000000000000e+00 7.348768632077229412e-02
2.309999999999999609e+00 6.282714693229829450e-02
2.370000000000000107e+00 5.344388544888944992e-02
2.429999999999999716e+00 4.532424247237765158e-02
2.490000000000000213e+00 3.825215115901281493e-02
2.549999999999999822e+00 3.219631906935527255e-02
2.609999999999999876e+00 2.697942237991377695e-02
2.669999999999999929e+00 2.274761665108648856e-02
2.729999999999999538e+00 1.891826646283067959e-02
2.790000000000000036e+00 1.574208385970443658e-02
2.849999999999999645e+00 1.305937805948786945e-02
2.910000000000000142e+00 1.083289615808613604e-02
2.969999999999999751e+00 8.978694944938858669e-03
3.030000000000000249e+00 7.346272687502874987e-03
3.089999999999999858e+00 6.002560436801918087e-03
3.149999999999999911e+00 4.981085806521382345e-03
3.209999999999999964e+00 4.042933505066237387e-03
3.269999999999999574e+00 3.294771014494823902e-03
3.330000000000000071e+00 2.715612532167011040e-03
3.389999999999999680e+00 2.194941109268100377e-03
3.450000000000000178e+00 1.782923989979146029e-03
3.509999999999999787e+00 1.466150128826004817e-03
3.569999999999999840e+00 1.136089398545711690e-03
3.629999999999999893e+00 9.433677080283864314e-04
3.689999999999999503e+00 7.336338579744250410e-04
3.750000000000000000e+00 5.993992268860104389e-04
3.809999999999999609e+00 4.862745747846730637e-04
3.870000000000000107e+00 3.787378582975620134e-04
3.929999999999999716e+00 3.115584545798633087e-04
3.989999999999999769e+00 2.529472188039801452e-04
4.049999999999999822e+00 1.995513896013697077e-04
4.109999999999999432e+00 1.485149109914385434e-04
4.169999999999999929e+00 1.229345835129782238e-04
4.230000000000000426e+00 9.983778297417774826e-05
4.290000000000000036e+00 7.376075010778694509e-05
4.349999999999999645e+00 5.898376481683386199e-05
4.410000000000000142e+00 4.954636244614044570e-05
4.469999999999999751e+00 3.837049121768714560e-05
4.529999999999999361e+00 3.017485231682237747e-05
4.589999999999999858e+00 2.309680053880196966e-05
4.650000000000000355e+00 1.763304127155875363e-05
4.709999999999999964e+00 1.564621971983359421e-05
4.769999999999999574e+00 9.437402370693417987e-06
4.830000000000000071e+00 8.816520635779376817e-06
4.889999999999999680e+00 7.450580818968377993e-06
4.949999999999999289e+00 5.587935614226366292e-06
5.009999999999999787e+00 3.973643103449801314e-06
5.070000000000000284e+00 2.731879633621779114e-06
5.129999999999999893e+00 1.986821551724900657e-06
5.189999999999999503e+00 2.483526939656162985e-06
5.250000000000000000e+00 1.490116163793697621e-06
5.309999999999999609e+00 8.692344288796441698e-07
5.369999999999999218e+00 3.725290409484244054e-07
5.429999999999999716e+00 6.208817349140315347e-07
5.490000000000000213e+00 2.483526939656162879e-07
5.549999999999999822e+00 1.241763469828062911e-07
5.609999999999999432e+00 2.483526939656162879e-07
5.669999999999999929e+00 1.241763469828062911e-07
5.730000000000000426e+00 1.241763469828081439e-07
5.789999999999999147e+00 3.725290409484244054e-07
5.849999999999999645e+00 1.241763469828062911e-07
5.910000000000000142e+00 0.000000000000000000e+00
5.969999999999999751e+00 0.000000000000000000e+00
