2.999999999999999889e-02 9.627926068135436721e-02
8.999999999999999667e-02 1.620059248259994589e-01
1.499999999999999944e-01 2.417046630763559634e-01
2.099999999999999922e-01 3.234361681116758036e-01
2.700000000000000178e-01 4.036973010333272938e-01
3.299999999999999600e-01 4.798879333312099371e-01
3.900000000000000133e-01 5.495840185539329070e-01
4.499999999999999556e-01 6.107927746999636254e-01
5.100000000000000089e-01 6.627933580804367120e-01
5.700000000000000622e-01 7.036967981191263322e-01
6.299999999999998934e-01 7.346180742272807596e-01
6.899999999999999467e-01 7.542205522159355358e-01
7.500000000000000000e-01 7.632278076535711220e-01
8.100000000000000533e-01 7.618498227413711410e-01
8.699999999999998845e-01 7.516799041755979349e-01
9.299999999999999378e-01 7.331607406299471830e-01
9.899999999999999911e-01 7.087794601396095739e-01
1.050000000000000044e+00 6.780983410847306603e-01
1.109999999999999876e+00 6.430657103349569637e-01
1.169999999999999929e+00 6.044489777089173677e-01
1.229999999999999982e+00 5.645574507142525622e-01
1.290000000000000036e+00 5.229807265272417016e-01
1.349999999999999867e+00 4.813275097110554790e-01
1.409999999999999920e+00 4.396896907617823813e-01
1.469999999999999973e+00 3.998742838672509348e-01
1.530000000000000027e+00 3.615617832890548056e-01
1.589999999999999858e+00 3.247510714400808074e-01
1.649999999999999911e+00 2.902808353615984882e-01
1.709999999999999964e+00 2.581682113893672970e-01
1.770000000000000018e+00 2.282290460021835221e-01
1.829999999999999849e+00 2.010324393940267074e-01
1.889999999999999902e+00 1.757716178445629662e-01
1.949999999999999956e+00 1.537986134096668844e-01
2.009999999999999787e+00 1.337132136111926772e-01
2.070000000000000284e+00 1.158968881842294130e-01
2.129999999999999893e+00 9.982511624302967124e-02
2.189999999999999947e+00 8.593698534725381644e-02
2.250000000000000000e+00 7.356144652280457996e-02
2.309999999999999609e+00 6.254812221460807897e-02
2.370000000000000107e+00 5.333647251136162254e-02
2.429999999999999716e+00 4.528984528682775818e-02
2.490000000000000213e+00 3.829424665532561028e-02
2.549999999999999822e+00 3.223655196559666730e-02
2.609999999999999876e+00 2.703666747443397508e-02
2.669999999999999929e+00 2.272961091142517917e-02
2.729999999999999538e+00 1.892919384033167965e-02
2.790000000000000036e+00 1.568980550072650998e-02
2.849999999999999645e+00 1.309911439292635836e-02
2.910000000000000142e+00 1.083078507949178891e-02
2.969999999999999751e+00 8.905803362906543688e-03
3.030000000000000249e+00 7.361049617949733635e-03
3.089999999999999858e+00 6.047263876660100186e-03
3.149999999999999911e+00 4.983941825368726035e-03
3.209999999999999964e+00 4.046658765325763553e-03
3.269999999999999574e+00 3.289183054374273524e-03
3.330000000000000071e+00 2.726291677695075882e-03
3.389999999999999680e+00 2.210463136171717316e-03
3.450000000000000178e+00 1.798197667260414316e-03
3.509999999999999787e+00 1.435230207733987143e-03
3.569999999999999840e+00 1.173590646590587892e-03
3.629999999999999893e+00 9.470929913814777430e-04
3.689999999999999503e+00 7.619460594095643982e-04
3.750000000000000000e+00 6.216267883644522934e-04
3.809999999999999609e+00 5.012999090346171921e-04
3.870000000000000107e+00 3.842016147022803726e-04
3.929999999999999716e+00 3.132969211033785921e-04
3.989999999999999769e+00 2.356867048173669926e-04
4.049999999999999822e+00 2.001722698448840751e-04
4.109999999999999432e+00 1.469006173861671122e-04
4.169999999999999929e+00 1.252939331721389621e-04
4.230000000000000426e+00 9.176631973658282019e-05
4.290000000000000036e+00 7.624427647937892549e-05
4.349999999999999645e+00 6.519258168025166315e-05
4.410000000000000142e+00 4.619360073343546576e-05
4.469999999999999751e+00 3.675619843305563678e-05
4.529999999999999361e+00 2.918144132354122262e-05
4.589999999999999858e+00 2.222756594431404904e-05
4.650000000000000355e+00 1.800557017835522535e-05
4.709999999999999964e+00 1.390775075845348487e-05
4.769999999999999574e+00 1.018246037672502353e-05
4.830000000000000071e+00 7.823109801630200120e-06
4.889999999999999680e+00 6.457169994996260652e-06
4.949999999999999289e+00 4.842877496247267064e-06
5.009999999999999787e+00 4.097819419901472813e-06
5.070000000000000284e+00 3.352761343555800535e-06
5.129999999999999893e+00 2.359350575094787416e-06
5.189999999999999503e+00 1.738468844806711232e-06
5.250000000000000000e+00 1.241763460576222460e-06
5.309999999999999609e+00 8.692344224033428046e-07
5.369999999999999218e+00 7.450580763457334758e-07
5.429999999999999716e+00 9.934107684609631447e-07
5.490000000000000213e+00 3.725290381728667379e-07
5.549999999999999822e+00 4.967053842304815724e-07
5.609999999999999432e+00 2.483526921152444390e-07
5.669999999999999929e+00 1.241763460576203931e-07
5.730000000000000426e+00 3.725290381728667379e-07
5.789999999999999147e+00 1.241763460576222195e-07
5.849999999999999645e+00 1.241763460576203931e-07
5.910000000000000142e+00 1.241763460576222195e-07
5.969999999999999751e+00 3.725290381728612322e-07
