2.999999999999999889e-02 9.611832670458898831e-02
8.999999999999999667e-02 1.616712671642844823e-01
1.499999999999999944e-01 2.413341172635613818e-01
2.099999999999999922e-01 3.233100001263867207e-01
2.700000000000000178e-01 4.035444339380495626e-01
3.299999999999999600e-01 4.802297836559249467e-01
3.900000000000000133e-01 5.495285035386322514e-01
4.499999999999999556e-01 6.112040376504563888e-01
5.100000000000000089e-01 6.626651982168241251e-01
5.700000000000000622e-01 7.039040379517087498e-01
6.299999999999998934e-01 7.347879365194939227e-01
6.899999999999999467e-01 7.539880828608175323e-01
7.500000000000000000e-01 7.630755560825924766e-01
8.100000000000000533e-01 7.616022037585747917e-01
8.699999999999998845e-01 7.522575613279466333e-01
9.299999999999999378e-01 7.335238213354626780e-01
9.899999999999999911e-01 7.089968823566793477e-01
1.050000000000000044e+00 6.781298717717065827e-01
1.109999999999999876e+00 6.427194971048811878e-01
1.169999999999999929e+00 6.044192905556600159e-01
1.229999999999999982e+00 5.644639375145028559e-01
1.290000000000000036e+00 5.226553767123985894e-01
1.349999999999999867e+00 4.815860376873561388e-01
1.409999999999999920e+00 4.398363364724041658e-01
1.469999999999999973e+00 4.000712215905724012e-01
1.530000000000000027e+00 3.616722948477088528e-01
1.589999999999999858e+00 3.244708005920369787e-01
1.649999999999999911e+00 2.902432056037821395e-01
1.709999999999999964e+00 2.579630682217307625e-01
1.770000000000000018e+00 2.283071495218120806e-01
1.829999999999999849e+00 2.011269345963516142e-01
1.889999999999999902e+00 1.763237032517071812e-01
1.949999999999999956e+00 1.538001012340194096e-01
2.009999999999999787e+00 1.336886247025574903e-01
2.070000000000000284e+00 1.158441115109431069e-01
2.129999999999999893e+00 9.975632106082868433e-02
2.189999999999999947e+00 8.605805600229500529e-02
2.250000000000000000e+00 7.330589051027507075e-02
2.309999999999999609e+00 6.264100518803546180e-02
2.370000000000000107e+00 5.335857510585513552e-02
2.429999999999999716e+00 4.534870419911070372e-02
2.490000000000000213e+00 3.829300432125478520e-02
2.549999999999999822e+00 3.228100661646080005e-02
2.609999999999999876e+00 2.711998939851929802e-02
2.669999999999999929e+00 2.269794560495473276e-02
2.729999999999999538e+00 1.880166445276386378e-02
2.790000000000000036e+00 1.575102420462436148e-02
2.849999999999999645e+00 1.301455010732920428e-02
2.910000000000000142e+00 1.078980672451212118e-02
2.969999999999999751e+00 8.863707449513473502e-03
3.030000000000000249e+00 7.336710944796925350e-03
3.089999999999999858e+00 6.032114272555561332e-03
3.149999999999999911e+00 4.974876877975075926e-03
3.209999999999999964e+00 4.043678472764875194e-03
3.269999999999999574e+00 3.316501801087221209e-03
3.330000000000000071e+00 2.696489314460424110e-03
3.389999999999999680e+00 2.155701335437852292e-03
3.450000000000000178e+00 1.779695365178300551e-03
3.509999999999999787e+00 1.412257562669049036e-03
3.569999999999999840e+00 1.147141067786579911e-03
3.629999999999999893e+00 9.397665729604646372e-04
3.689999999999999503e+00 7.635603405303774838e-04
3.750000000000000000e+00 5.910793984265078202e-04
3.809999999999999609e+00 4.818042155241282314e-04
3.870000000000000107e+00 3.737707960638211391e-04
3.929999999999999716e+00 3.079573336339789299e-04
3.989999999999999769e+00 2.498428045449879883e-04
4.049999999999999822e+00 1.948326840611730839e-04
4.109999999999999432e+00 1.450379700340685739e-04
4.169999999999999929e+00 1.210719356020674117e-04
4.230000000000000426e+00 9.698172482586261826e-05
4.290000000000000036e+00 8.332232696306384151e-05
4.349999999999999645e+00 6.047387962893098224e-05
4.410000000000000142e+00 4.780789251979143602e-05
4.469999999999999751e+00 3.675619788534559323e-05
4.529999999999999361e+00 3.315508390333587498e-05
4.589999999999999858e+00 2.346932905516999185e-05
4.650000000000000355e+00 1.663963012377156570e-05
4.709999999999999964e+00 1.204510538810311837e-05
4.769999999999999574e+00 1.130004732285979323e-05
4.830000000000000071e+00 8.195638717678531502e-06
4.889999999999999680e+00 7.698933340849415988e-06
4.949999999999999289e+00 3.601113982010263739e-06
5.009999999999999787e+00 3.601113982010210376e-06
5.070000000000000284e+00 3.352761293595762733e-06
5.129999999999999893e+00 2.359350539937723981e-06
5.189999999999999503e+00 2.235174195730508206e-06
5.250000000000000000e+00 1.117587097865254103e-06
5.309999999999999609e+00 1.365939786279734992e-06
5.369999999999999218e+00 2.483526884145009530e-07
5.429999999999999716e+00 6.208817210362431975e-07
5.490000000000000213e+00 3.725290326217514030e-07
5.549999999999999822e+00 1.241763442072486501e-07
5.609999999999999432e+00 4.967053768290019060e-07
5.669999999999999929e+00 2.483526884144973002e-07
5.730000000000000426e+00 1.241763442072504765e-07
5.789999999999999147e+00 2.483526884145009530e-07
5.849999999999999645e+00 0.000000000000000000e+00
5.910000000000000142e+00 1.241763442072504765e-07
5.969999999999999751e+00 1.241763442072486501e-07
