2.999999999999999889e-02 9.635947644710540771e-02
8.999999999999999667e-02 1.618963976701100760e-01
1.499999999999999944e-01 2.416218320528666363e-01
2.099999999999999922e-01 3.231666982173919678e-01
2.700000000000000178e-01 4.036970436573028564e-01
3.299999999999999600e-01 4.794606318076451990e-01
3.900000000000000133e-01 5.495999008417129517e-01
4.499999999999999556e-01 6.110065927108129236e-01
5.100000000000000089e-01 6.629391262928638895e-01
5.700000000000000622e-01 7.042157153288529647e-01
6.299999999999998934e-01 7.341347634792334542e-01
6.899999999999999467e-01 7.547338803609205948e-01
7.500000000000000000e-01 7.631869365771605240e-01
8.100000000000000533e-01 7.617476085821794918e-01
8.699999999999998845e-01 7.519520819187172078e-01
9.299999999999999378e-01 7.336031645536416068e-01
9.899999999999999911e-01 7.084729770819340189e-01
1.050000000000000044e+00 6.781903405984236466e-01
1.109999999999999876e+00 6.431163599093773220e-01
1.169999999999999929e+00 6.047443797190978909e-01
1.229999999999999982e+00 5.642391741275781802e-01
1.290000000000000036e+00 5.225865791241343095e-01
1.349999999999999867e+00 4.811350256204600662e-01
1.409999999999999920e+00 4.399762799342469277e-01
1.469999999999999973e+00 3.997555623451864992e-01
1.530000000000000027e+00 3.613694260517752999e-01
1.589999999999999858e+00 3.247397641340900587e-01
1.649999999999999911e+00 2.900949368874229384e-01
1.709999999999999964e+00 2.578442295392351924e-01
1.770000000000000018e+00 2.283210555712388290e-01
1.829999999999999849e+00 2.007952580849327873e-01
1.889999999999999902e+00 1.762400070826211085e-01
1.949999999999999956e+00 1.538854092359541459e-01
2.009999999999999787e+00 1.339058081308999448e-01
2.070000000000000284e+00 1.157470047473906499e-01
2.129999999999999893e+00 9.991787374019614476e-02
2.189999999999999947e+00 8.615218102932031830e-02
2.250000000000000000e+00 7.350941499074294117e-02
2.309999999999999609e+00 6.268632908662154224e-02
2.370000000000000107e+00 5.326879521210983737e-02
2.429999999999999716e+00 4.544941087563828669e-02
2.490000000000000213e+00 3.818708161513006960e-02
2.549999999999999822e+00 3.220786650975542703e-02
2.609999999999999876e+00 2.704200645287849203e-02
2.669999999999999929e+00 2.268676956494647401e-02
2.729999999999999538e+00 1.886971294879911595e-02
2.790000000000000036e+00 1.573165257771808392e-02
2.849999999999999645e+00 1.310072839260100104e-02
2.910000000000000142e+00 1.076261202494302460e-02
2.969999999999999751e+00 8.926788965860995087e-03
3.030000000000000249e+00 7.419660687446587299e-03
3.089999999999999858e+00 6.051858266194655965e-03
3.149999999999999911e+00 4.956498742103608753e-03
3.209999999999999964e+00 4.083539048830664084e-03
3.269999999999999574e+00 3.305822610855099503e-03
3.330000000000000071e+00 2.697358528772987596e-03
3.389999999999999680e+00 2.156446377436318108e-03
3.450000000000000178e+00 1.769140362739561470e-03
3.509999999999999787e+00 1.438582936922707918e-03
3.569999999999999840e+00 1.193707187970487063e-03
3.629999999999999893e+00 9.191532929738354318e-04
3.689999999999999503e+00 7.568548123041781870e-04
3.750000000000000000e+00 6.003926197687779048e-04
3.809999999999999609e+00 4.863987366358434971e-04
3.870000000000000107e+00 3.737707932790117009e-04
3.929999999999999716e+00 3.089507420857744505e-04
3.989999999999999769e+00 2.441306908925390160e-04
4.049999999999999822e+00 1.965711514155053634e-04
4.109999999999999432e+00 1.533577839533497894e-04
4.169999999999999929e+00 1.241763432820627811e-04
4.230000000000000426e+00 9.325643380483052071e-05
4.290000000000000036e+00 7.487833499908384924e-05
4.349999999999999645e+00 6.072223186492959224e-05
4.410000000000000142e+00 4.805624485015900311e-05
4.469999999999999751e+00 3.452102343241345012e-05
4.529999999999999361e+00 3.191332022349060494e-05
4.589999999999999858e+00 2.322097619374574012e-05
4.650000000000000355e+00 1.875062783559175496e-05
4.709999999999999964e+00 1.390775044759103120e-05
4.769999999999999574e+00 1.192092895507820293e-05
4.830000000000000071e+00 8.692344029744522615e-06
4.889999999999999680e+00 7.823109626769955157e-06
4.949999999999999289e+00 5.091230074564649202e-06
5.009999999999999787e+00 3.601113955179820473e-06
5.070000000000000284e+00 3.352761268615744679e-06
5.129999999999999893e+00 2.607703208923318244e-06
5.189999999999999503e+00 1.862645149230969101e-06
5.250000000000000000e+00 1.117587089538581419e-06
5.309999999999999609e+00 1.365939776102690459e-06
5.369999999999999218e+00 8.692344029744522615e-07
5.429999999999999716e+00 6.208817164103138929e-07
5.490000000000000213e+00 2.483526865641292100e-07
5.549999999999999822e+00 2.483526865641255572e-07
5.609999999999999432e+00 1.241763432820646050e-07
5.669999999999999929e+00 2.483526865641255572e-07
5.730000000000000426e+00 2.483526865641292100e-07
5.789999999999999147e+00 1.241763432820646050e-07
5.849999999999999645e+00 1.241763432820627786e-07
5.910000000000000142e+00 0.000000000000000000e+00
5.969999999999999751e+00 1.241763432820627786e-07
