2.999999999999999889e-02 9.587394837350569909e-02
8.999999999999999667e-02 1.614011848181662601e-01
1.499999999999999944e-01 2.411777810431189606e-01
2.099999999999999922e-01 3.235374935995166124e-01
2.700000000000000178e-01 4.035671612158491794e-01
3.299999999999999600e-01 4.795279425312272137e-01
3.900000000000000133e-01 5.497331502497169176e-01
4.499999999999999556e-01 6.114445717848028261e-01
5.100000000000000089e-01 6.630405882454000199e-01
5.700000000000000622e-01 7.039753204183086810e-01
6.299999999999998934e-01 7.341551393392958813e-01
6.899999999999999467e-01 7.536622497488389971e-01
7.500000000000000000e-01 7.634762788336908468e-01
8.100000000000000533e-01 7.624380404120399968e-01
8.699999999999998845e-01 7.519404205472340896e-01
9.299999999999999378e-01 7.342549771207809162e-01
9.899999999999999911e-01 7.092005368451351766e-01
1.050000000000000044e+00 6.777107816593459511e-01
1.109999999999999876e+00 6.428537365226029143e-01
1.169999999999999929e+00 6.044895788702797645e-01
1.229999999999999982e+00 5.641934856403885146e-01
1.290000000000000036e+00 5.230048128416873165e-01
1.349999999999999867e+00 4.814313175494167596e-01
1.409999999999999920e+00 4.399577842149797746e-01
1.469999999999999973e+00 4.000684926917423834e-01
1.530000000000000027e+00 3.614502702372806575e-01
1.589999999999999858e+00 3.248947410518149836e-01
1.649999999999999911e+00 2.900696092357674116e-01
1.709999999999999964e+00 2.579141446637232549e-01
1.770000000000000018e+00 2.283411755413991828e-01
1.829999999999999849e+00 2.010803699654394316e-01
1.889999999999999902e+00 1.763723816927130483e-01
1.949999999999999956e+00 1.539503557575297443e-01
2.009999999999999787e+00 1.334942897184831223e-01
2.070000000000000284e+00 1.156379796411291655e-01
2.129999999999999893e+00 9.988074650189390780e-02
2.189999999999999947e+00 8.575605977211540887e-02
2.250000000000000000e+00 7.359249006101220569e-02
2.309999999999999609e+00 6.261430774054384252e-02
2.370000000000000107e+00 5.322297493452288197e-02
2.429999999999999716e+00 4.519894786475516651e-02
2.490000000000000213e+00 3.831014094218818111e-02
2.549999999999999822e+00 3.209064451988501848e-02
2.609999999999999876e+00 2.706361353988883875e-02
2.669999999999999929e+00 2.264777853063410298e-02
2.729999999999999538e+00 1.883730320390018809e-02
2.790000000000000036e+00 1.573835833477512866e-02
2.849999999999999645e+00 1.302696783880840335e-02
2.910000000000000142e+00 1.080582555342453170e-02
2.969999999999999751e+00 8.958454066889288622e-03
3.030000000000000249e+00 7.357448449096798751e-03
3.089999999999999858e+00 6.044283599321294970e-03
3.149999999999999911e+00 4.954636170784209800e-03
3.209999999999999964e+00 4.041940034060773242e-03
3.269999999999999574e+00 3.294646789053776777e-03
3.330000000000000071e+00 2.676248590294248372e-03
3.389999999999999680e+00 2.208227945490099080e-03
3.450000000000000178e+00 1.774976677323031804e-03
3.509999999999999787e+00 1.435230197040688683e-03
3.569999999999999840e+00 1.170486229218344922e-03
3.629999999999999893e+00 9.339302917410468186e-04
3.689999999999999503e+00 7.516394170866316348e-04
3.750000000000000000e+00 5.924453426268494558e-04
3.809999999999999609e+00 4.904965632731198661e-04
3.870000000000000107e+00 3.962467173176014226e-04
3.929999999999999716e+00 3.132969187691345744e-04
3.989999999999999769e+00 2.430131074241779370e-04
4.049999999999999822e+00 1.876304574951085464e-04
4.109999999999999432e+00 1.573314292827968390e-04
4.169999999999999929e+00 1.283983408669372691e-04
4.230000000000000426e+00 1.050531879820411460e-04
4.290000000000000036e+00 6.891787154850115228e-05
4.349999999999999645e+00 5.637606069012610543e-05
4.410000000000000142e+00 4.768371653085556102e-05
4.469999999999999751e+00 3.799796161052496106e-05
4.529999999999999361e+00 2.942979379638741572e-05
4.589999999999999858e+00 2.173086039817603916e-05
4.650000000000000355e+00 1.961986253092494155e-05
4.709999999999999964e+00 1.428027969022996956e-05
4.769999999999999574e+00 8.692344159270544413e-06
4.830000000000000071e+00 8.568167814138107774e-06
4.889999999999999680e+00 5.463759185827118103e-06
4.949999999999999289e+00 5.215406495562326140e-06
5.009999999999999787e+00 3.601114008840600703e-06
5.070000000000000284e+00 2.980232283178472564e-06
5.129999999999999893e+00 2.110997867251386443e-06
5.189999999999999503e+00 3.601114008840654066e-06
5.250000000000000000e+00 1.614292486721672498e-06
5.309999999999999609e+00 1.490116141589214259e-06
5.369999999999999218e+00 7.450580707946181409e-07
5.429999999999999716e+00 6.208817256621726079e-07
5.490000000000000213e+00 1.241763451324363480e-07
5.549999999999999822e+00 4.967053805297380863e-07
5.609999999999999432e+00 1.241763451324363480e-07
5.669999999999999929e+00 2.483526902648690432e-07
5.730000000000000426e+00 3.725290353973090705e-07
5.789999999999999147e+00 0.000000000000000000e+00
5.849999999999999645e+00 1.241763451324345216e-07
5.910000000000000142e+00 1.241763451324363480e-07
5.969999999999999751e+00 0.000000000000000000e+00
