2.999999999999999889e-02 9.610379807231674010e-02
8.999999999999999667e-02 1.617252838740146359e-01
1.499999999999999944e-01 2.418103335435961843e-01
2.099999999999999922e-01 3.231515511111782701e-01
2.700000000000000178e-01 4.037679513576226120e-01
3.299999999999999600e-01 4.796688791091408555e-01
3.900000000000000133e-01 5.493951381449536653e-01
4.499999999999999556e-01 6.112587994182517859e-01
5.100000000000000089e-01 6.631890982130345114e-01
5.700000000000000622e-01 7.037043623902234923e-01
6.299999999999998934e-01 7.343996370911577420e-01
6.899999999999999467e-01 7.543349073901883806e-01
7.500000000000000000e-01 7.629778292997012601e-01
8.100000000000000533e-01 7.618088331953356551e-01
8.699999999999998845e-01 7.519067631555611531e-01
9.299999999999999378e-01 7.335275466257888954e-01
9.899999999999999911e-01 7.085730684939001156e-01
1.050000000000000044e+00 6.782175402707169010e-01
1.109999999999999876e+00 6.430443424213273529e-01
1.169999999999999929e+00 6.045019920009020442e-01
1.229999999999999982e+00 5.643323105896430603e-01
1.290000000000000036e+00 5.232948848850658141e-01
1.349999999999999867e+00 4.816291268787960544e-01
1.409999999999999920e+00 4.398958169412793828e-01
1.469999999999999973e+00 3.998370250053975283e-01
1.530000000000000027e+00 3.612225281289901946e-01
1.589999999999999858e+00 3.246588035771667546e-01
1.649999999999999911e+00 2.901328128337818946e-01
1.709999999999999964e+00 2.581868339939922263e-01
1.770000000000000018e+00 2.282491591690672672e-01
1.829999999999999849e+00 2.010694409489836576e-01
1.889999999999999902e+00 1.761013034192319970e-01
1.949999999999999956e+00 1.537402482361115430e-01
2.009999999999999787e+00 1.335692912357743234e-01
2.070000000000000284e+00 1.157080142376919613e-01
2.129999999999999893e+00 9.990731949538469991e-02
2.189999999999999947e+00 8.593648736131609400e-02
2.250000000000000000e+00 7.363135670844228597e-02
2.309999999999999609e+00 6.275661336449239736e-02
2.370000000000000107e+00 5.338142355318926946e-02
2.429999999999999716e+00 4.524675542051655869e-02
2.490000000000000213e+00 3.818186649318929676e-02
2.549999999999999822e+00 3.212404771738284343e-02
2.609999999999999876e+00 2.696129203062242949e-02
2.669999999999999929e+00 2.255452192739535941e-02
2.729999999999999538e+00 1.892248803567751769e-02
2.790000000000000036e+00 1.570110531425304712e-02
2.849999999999999645e+00 1.317188153543978786e-02
2.910000000000000142e+00 1.084928719338739377e-02
2.969999999999999751e+00 8.951996830244828007e-03
3.030000000000000249e+00 7.360304450196302785e-03
3.089999999999999858e+00 6.028264805885136593e-03
3.149999999999999911e+00 4.944329497300091643e-03
3.209999999999999964e+00 4.131967853496228832e-03
3.269999999999999574e+00 3.327677672065873678e-03
3.330000000000000071e+00 2.687672794021709385e-03
3.389999999999999680e+00 2.193450944076856188e-03
3.450000000000000178e+00 1.780316246899336799e-03
3.509999999999999787e+00 1.422688375582458007e-03
3.569999999999999840e+00 1.158441115109439630e-03
3.629999999999999893e+00 9.261071750976670666e-04
3.689999999999999503e+00 7.664163964471442259e-04
3.750000000000000000e+00 6.066014414524141356e-04
3.809999999999999609e+00 4.827976262777862286e-04
3.870000000000000107e+00 3.765026756363806315e-04
3.929999999999999716e+00 3.245969637577503296e-04
3.989999999999999769e+00 2.488493937913299368e-04
4.049999999999999822e+00 1.969436819126963280e-04
4.109999999999999432e+00 1.495083184255295886e-04
4.169999999999999929e+00 1.204510538810311769e-04
4.230000000000000426e+00 1.012037205289091337e-04
4.290000000000000036e+00 8.046627104629711297e-05
4.349999999999999645e+00 5.861123446582222385e-05
4.410000000000000142e+00 4.731118714296242384e-05
4.469999999999999751e+00 3.874301939266157417e-05
4.529999999999999361e+00 3.166496777284886555e-05
4.589999999999999858e+00 2.086162582681776940e-05
4.650000000000000355e+00 1.999239141736732674e-05
4.709999999999999964e+00 1.341104517438285103e-05
4.769999999999999574e+00 9.561578503958286188e-06
4.830000000000000071e+00 9.561578503958286188e-06
4.889999999999999680e+00 6.705522587191425516e-06
4.949999999999999289e+00 4.967053768290019272e-06
5.009999999999999787e+00 2.856055916766718370e-06
5.070000000000000284e+00 2.856055916766760721e-06
5.129999999999999893e+00 2.483526884144972790e-06
5.189999999999999503e+00 1.490116130487005612e-06
5.250000000000000000e+00 1.365939786279755321e-06
5.309999999999999609e+00 1.117587097865237586e-06
5.369999999999999218e+00 8.692344094507533090e-07
5.429999999999999716e+00 6.208817210362431975e-07
5.490000000000000213e+00 3.725290326217514030e-07
5.549999999999999822e+00 7.450580652434917946e-07
5.609999999999999432e+00 4.967053768290019060e-07
5.669999999999999929e+00 3.725290326217458973e-07
5.730000000000000426e+00 0.000000000000000000e+00
5.789999999999999147e+00 2.483526884145009530e-07
5.849999999999999645e+00 0.000000000000000000e+00
5.910000000000000142e+00 0.000000000000000000e+00
5.969999999999999751e+00 1.241763442072486501e-07
