2.999999999999999889e-02 9.600420864426252587e-02
8.999999999999999667e-02 1.617228003471305187e-01
1.499999999999999944e-01 2.413353590270034543e-01
2.099999999999999922e-01 3.229024533646985273e-01
2.700000000000000178e-01 4.033397913227959597e-01
3.299999999999999600e-01 4.798121786103559661e-01
3.900000000000000133e-01 5.495651355601733901e-01
4.499999999999999556e-01 6.109520838480597682e-01
5.100000000000000089e-01 6.626171419716159194e-01
5.700000000000000622e-01 7.043170484725420621e-01
6.299999999999998934e-01 7.346795305710009938e-01
6.899999999999999467e-01 7.543452140267574713e-01
7.500000000000000000e-01 7.626419322886207608e-01
8.100000000000000533e-01 7.621418741504994987e-01
8.699999999999998845e-01 7.523709343302078523e-01
9.299999999999999378e-01 7.340348069918755103e-01
9.899999999999999911e-01 7.094559623012136607e-01
1.050000000000000044e+00 6.780580978447547924e-01
1.109999999999999876e+00 6.432967929291008025e-01
1.169999999999999929e+00 6.044972732998221687e-01
1.229999999999999982e+00 5.642919532777758151e-01
1.290000000000000036e+00 5.230424343772925866e-01
1.349999999999999867e+00 4.809546009770622743e-01
1.409999999999999920e+00 4.399641139305934256e-01
1.469999999999999973e+00 4.000985403862979961e-01
1.530000000000000027e+00 3.611835367569091182e-01
1.589999999999999858e+00 3.248667989537138978e-01
1.649999999999999911e+00 2.902963530791028424e-01
1.709999999999999964e+00 2.576583394730461718e-01
1.770000000000000018e+00 2.284328159821497894e-01
1.829999999999999849e+00 2.008703862692194364e-01
1.889999999999999902e+00 1.763114097936306635e-01
1.949999999999999956e+00 1.536672325457176802e-01
2.009999999999999787e+00 1.335881660400938253e-01
2.070000000000000284e+00 1.158016432012242275e-01
2.129999999999999893e+00 9.995587244596973453e-02
2.189999999999999947e+00 8.596529627317218980e-02
2.250000000000000000e+00 7.350010231261522309e-02
2.309999999999999609e+00 6.242456582008221178e-02
2.370000000000000107e+00 5.346188982423556030e-02
2.429999999999999716e+00 4.520875745918914029e-02
2.490000000000000213e+00 3.822681832979232808e-02
2.549999999999999822e+00 3.226349775192757785e-02
2.609999999999999876e+00 2.702338020272605432e-02
2.669999999999999929e+00 2.255551533814901394e-02
2.729999999999999538e+00 1.887281749799461783e-02
2.790000000000000036e+00 1.574258021321827197e-02
2.849999999999999645e+00 1.303566008584443672e-02
2.910000000000000142e+00 1.077701656105877447e-02
2.969999999999999751e+00 8.894627359221078666e-03
3.030000000000000249e+00 7.387871598610312208e-03
3.089999999999999858e+00 6.018082345660142989e-03
3.149999999999999911e+00 4.992385742508298127e-03
3.209999999999999964e+00 4.040946593192314834e-03
3.269999999999999574e+00 3.317867740873500955e-03
3.330000000000000071e+00 2.705430011243346086e-03
3.389999999999999680e+00 2.213070806461601633e-03
3.450000000000000178e+00 1.791740470566403768e-03
3.509999999999999787e+00 1.425544431499224966e-03
3.569999999999999840e+00 1.149003712949688656e-03
3.629999999999999893e+00 9.367863406994906455e-04
3.689999999999999503e+00 7.321437254459434293e-04
3.750000000000000000e+00 5.873541081002904389e-04
3.809999999999999609e+00 4.789481596073615435e-04
3.870000000000000107e+00 3.925214240391158372e-04
3.929999999999999716e+00 3.098199787970876747e-04
3.989999999999999769e+00 2.344449378632888954e-04
4.049999999999999822e+00 1.961986238474528301e-04
4.109999999999999432e+00 1.508742582118093077e-04
4.169999999999999929e+00 1.290192216313313354e-04
4.230000000000000426e+00 9.449819794171761158e-05
4.290000000000000036e+00 7.860362588318838169e-05
4.349999999999999645e+00 6.382664092252674328e-05
4.410000000000000142e+00 4.594524735668267763e-05
4.469999999999999751e+00 3.923972476949057279e-05
4.529999999999999361e+00 2.682209034876610187e-05
4.589999999999999858e+00 2.346932905516999185e-05
4.650000000000000355e+00 1.552204302590631202e-05
4.709999999999999964e+00 1.465280861645533912e-05
4.769999999999999574e+00 1.254181076493229826e-05
4.830000000000000071e+00 7.698933340849529490e-06
4.889999999999999680e+00 6.457169898776928746e-06
4.949999999999999289e+00 3.476937637803013236e-06
5.009999999999999787e+00 3.849466670424707994e-06
5.070000000000000284e+00 2.235174195730508206e-06
5.129999999999999893e+00 2.235174195730475172e-06
5.189999999999999503e+00 1.490116130487005612e-06
5.250000000000000000e+00 1.614292474694256115e-06
5.309999999999999609e+00 1.490116130486983589e-06
5.369999999999999218e+00 6.208817210362524090e-07
5.429999999999999716e+00 7.450580652434917946e-07
5.490000000000000213e+00 7.450580652435028061e-07
5.549999999999999822e+00 3.725290326217458973e-07
5.609999999999999432e+00 2.483526884145009530e-07
5.669999999999999929e+00 2.483526884144973002e-07
5.730000000000000426e+00 2.483526884145009530e-07
5.789999999999999147e+00 1.241763442072504765e-07
5.849999999999999645e+00 0.000000000000000000e+00
5.910000000000000142e+00 0.000000000000000000e+00
5.969999999999999751e+00 2.483526884144973002e-07
