2.999999999999999889e-02 9.597105427539927291e-02
8.999999999999999667e-02 1.616012329101746137e-01
1.499999999999999944e-01 2.416318939372682773e-01
2.099999999999999922e-01 3.229757198141374741e-01
2.700000000000000178e-01 4.034108231973274061e-01
3.299999999999999600e-01 4.796721112679259713e-01
3.900000000000000133e-01 5.498911025607253755e-01
4.499999999999999556e-01 6.109859885422287418e-01
5.100000000000000089e-01 6.624121317626847638e-01
5.700000000000000622e-01 7.043539340946174399e-01
6.299999999999998934e-01 7.347090900149316761e-01
6.899999999999999467e-01 7.543155415005807773e-01
7.500000000000000000e-01 7.635877891916197369e-01
8.100000000000000533e-01 7.623786841190666186e-01
8.699999999999998845e-01 7.517128053066063353e-01
9.299999999999999378e-01 7.339820375141797859e-01
9.899999999999999911e-01 7.084769612820484008e-01
1.050000000000000044e+00 6.783350161463267414e-01
1.109999999999999876e+00 6.428616838086914642e-01
1.169999999999999929e+00 6.040328582728826667e-01
1.229999999999999982e+00 5.641458019238576593e-01
1.290000000000000036e+00 5.227511205685817508e-01
1.349999999999999867e+00 4.814225010289123752e-01
1.409999999999999920e+00 4.403161571470319835e-01
1.469999999999999973e+00 4.000655124594592049e-01
1.530000000000000027e+00 3.611515019508920177e-01
1.589999999999999858e+00 3.246432839529218017e-01
1.649999999999999911e+00 2.904122117719877827e-01
1.709999999999999964e+00 2.581952799091031259e-01
1.770000000000000018e+00 2.285659347260889096e-01
1.829999999999999849e+00 2.010093410960236415e-01
1.889999999999999902e+00 1.759727822140768894e-01
1.949999999999999956e+00 1.537419878503974990e-01
2.009999999999999787e+00 1.335298041531909896e-01
2.070000000000000284e+00 1.158573992429781790e-01
2.129999999999999893e+00 9.998840739312372938e-02
2.189999999999999947e+00 8.578325439169941224e-02
2.250000000000000000e+00 7.351786007758759345e-02
2.309999999999999609e+00 6.267950032173837116e-02
2.370000000000000107e+00 5.337186237233667446e-02
2.429999999999999716e+00 4.526513385671076389e-02
2.490000000000000213e+00 3.820930974994064810e-02
2.549999999999999822e+00 3.216005909681405456e-02
2.609999999999999876e+00 2.697619339291560184e-02
2.669999999999999929e+00 2.266007198880221410e-02
2.729999999999999538e+00 1.891677606478494797e-02
2.790000000000000036e+00 1.567763610200536770e-02
2.849999999999999645e+00 1.309750000284362614e-02
2.910000000000000142e+00 1.078993098124757764e-02
2.969999999999999751e+00 8.904313180411547318e-03
3.030000000000000249e+00 7.347265988795939617e-03
3.089999999999999858e+00 6.012742807657655772e-03
3.149999999999999911e+00 4.920860204908187631e-03
3.209999999999999964e+00 4.085029225821728074e-03
3.269999999999999574e+00 3.325442522646620928e-03
3.330000000000000071e+00 2.702077270081794814e-03
3.389999999999999680e+00 2.170602512914971121e-03
3.450000000000000178e+00 1.791864660261043322e-03
3.509999999999999787e+00 1.426537852881418125e-03
3.569999999999999840e+00 1.157199360289174394e-03
3.629999999999999893e+00 9.349237025021063388e-04
3.689999999999999503e+00 7.607042902812994993e-04
3.750000000000000000e+00 5.980332781578090538e-04
3.809999999999999609e+00 4.809349846979224042e-04
3.870000000000000107e+00 3.845741408751525208e-04
3.929999999999999716e+00 3.099441574505588156e-04
3.989999999999999769e+00 2.507120408223889748e-04
4.049999999999999822e+00 1.960744489641140888e-04
4.109999999999999432e+00 1.608083669465050784e-04
4.169999999999999929e+00 1.246730505129642309e-04
4.230000000000000426e+00 1.012037212829356136e-04
4.290000000000000036e+00 7.475415976972557607e-05
4.349999999999999645e+00 6.010135104409919106e-05
4.410000000000000142e+00 4.644195307953119463e-05
4.469999999999999751e+00 3.911554871671686710e-05
4.529999999999999361e+00 3.017485186718203217e-05
4.589999999999999858e+00 2.334515288489768836e-05
4.650000000000000355e+00 1.539786679642210599e-05
4.709999999999999964e+00 1.328686892917049169e-05
4.769999999999999574e+00 1.105169471678683548e-05
4.830000000000000071e+00 6.581346292019125782e-06
4.889999999999999680e+00 6.705522637151463319e-06
4.949999999999999289e+00 4.346172079635272207e-06
5.009999999999999787e+00 3.352761318575731659e-06
5.070000000000000284e+00 2.980232283178472564e-06
5.129999999999999893e+00 2.607703247781124530e-06
5.189999999999999503e+00 1.986821522118981568e-06
5.250000000000000000e+00 1.738468831854108713e-06
5.309999999999999609e+00 8.692344159270415452e-07
5.369999999999999218e+00 6.208817256621818194e-07
5.429999999999999716e+00 4.967053805297380863e-07
5.490000000000000213e+00 2.483526902648726960e-07
5.549999999999999822e+00 4.967053805297380863e-07
5.609999999999999432e+00 2.483526902648726960e-07
5.669999999999999929e+00 1.241763451324345216e-07
5.730000000000000426e+00 0.000000000000000000e+00
5.789999999999999147e+00 1.241763451324363480e-07
5.849999999999999645e+00 1.241763451324345216e-07
5.910000000000000142e+00 1.241763451324363480e-07
5.969999999999999751e+00 1.241763451324345216e-07
