2.999999999999999889e-02 9.632818472629922635e-02
8.999999999999999667e-02 1.619237176720578486e-01
1.499999999999999944e-01 2.419306604211330092e-01
2.099999999999999922e-01 3.232295338553404229e-01
2.700000000000000178e-01 4.035952220628303277e-01
3.299999999999999600e-01 4.796509977155750115e-01
3.900000000000000133e-01 5.498009464378229572e-01
4.499999999999999556e-01 6.112087563515361532e-01
5.100000000000000089e-01 6.631513486043955075e-01
5.700000000000000622e-01 7.043251199349156444e-01
6.299999999999998934e-01 7.340818698263313902e-01
6.899999999999999467e-01 7.539666003532695671e-01
7.500000000000000000e-01 7.627329535489245638e-01
8.100000000000000533e-01 7.616195884467638066e-01
8.699999999999998845e-01 7.516088641058079611e-01
9.299999999999999378e-01 7.337701872023699723e-01
9.899999999999999911e-01 7.083622170614362057e-01
1.050000000000000044e+00 6.778582981069253277e-01
1.109999999999999876e+00 6.430273302621710707e-01
1.169999999999999929e+00 6.047338292355369793e-01
1.229999999999999982e+00 5.641431900174155301e-01
1.290000000000000036e+00 5.228801358954137113e-01
1.349999999999999867e+00 4.811196313385137091e-01
1.409999999999999920e+00 4.401144914834283495e-01
1.469999999999999973e+00 4.001657197885141182e-01
1.530000000000000027e+00 3.610961166105871589e-01
1.589999999999999858e+00 3.250678404549854350e-01
1.649999999999999911e+00 2.901747844381238894e-01
1.709999999999999964e+00 2.577291199892443041e-01
1.770000000000000018e+00 2.284792579348833286e-01
1.829999999999999849e+00 2.010912959855641335e-01
1.889999999999999902e+00 1.764969292518762944e-01
1.949999999999999956e+00 1.538295310275965277e-01
2.009999999999999787e+00 1.338580012360561788e-01
2.070000000000000284e+00 1.157330978592218257e-01
2.129999999999999893e+00 9.995264386102034604e-02
2.189999999999999947e+00 8.582373524077592519e-02
2.250000000000000000e+00 7.346992746097286142e-02
2.309999999999999609e+00 6.278082775161281104e-02
2.370000000000000107e+00 5.323948999176038310e-02
2.429999999999999716e+00 4.526687198827813313e-02
2.490000000000000213e+00 3.817354667812741797e-02
2.549999999999999822e+00 3.217880948517824052e-02
2.609999999999999876e+00 2.714470049101653723e-02
2.669999999999999929e+00 2.268292026730565208e-02
2.729999999999999538e+00 1.894521230666744438e-02
2.790000000000000036e+00 1.568372062606403564e-02
2.849999999999999645e+00 1.303926119982644523e-02
2.910000000000000142e+00 1.079936830301607940e-02
2.969999999999999751e+00 8.969257342089635709e-03
3.030000000000000249e+00 7.348880226529234949e-03
3.089999999999999858e+00 6.059433068281156257e-03
3.149999999999999911e+00 4.924461282226931698e-03
3.209999999999999964e+00 4.054854343743527663e-03
3.269999999999999574e+00 3.282353306430227120e-03
3.330000000000000071e+00 2.706175069308589583e-03
3.389999999999999680e+00 2.215181804313124878e-03
3.450000000000000178e+00 1.787270122174942780e-03
3.509999999999999787e+00 1.454725872387928418e-03
3.569999999999999840e+00 1.150618005424382901e-03
3.629999999999999893e+00 9.453545084497908717e-04
3.689999999999999503e+00 7.543712910590410093e-04
3.750000000000000000e+00 5.931903962780311727e-04
3.809999999999999609e+00 4.856536821945530249e-04
3.870000000000000107e+00 3.822147874699141157e-04
3.929999999999999716e+00 3.044803959961758853e-04
3.989999999999999769e+00 2.541889765922417262e-04
4.049999999999999822e+00 1.980612690105615749e-04
4.109999999999999432e+00 1.567105463895500958e-04
4.169999999999999929e+00 1.223136990441399082e-04
4.230000000000000426e+00 9.673337213744811894e-05
4.290000000000000036e+00 7.264316136124045241e-05
4.349999999999999645e+00 6.109476134996722374e-05
4.410000000000000142e+00 4.743536348716968028e-05
4.469999999999999751e+00 3.737707960638184151e-05
4.529999999999999361e+00 2.955396992132561124e-05
4.589999999999999858e+00 2.396603443199898708e-05
4.650000000000000355e+00 1.775721722163681938e-05
4.709999999999999964e+00 1.465280861645533912e-05
4.769999999999999574e+00 1.005828388078728820e-05
4.830000000000000071e+00 8.692344094507533514e-06
4.889999999999999680e+00 6.208817210362431975e-06
4.949999999999999289e+00 5.960464521948022449e-06
5.009999999999999787e+00 4.470348391460950344e-06
5.070000000000000284e+00 3.973643014632015248e-06
5.129999999999999893e+00 1.862645163108729381e-06
5.189999999999999503e+00 2.607703228352259715e-06
5.250000000000000000e+00 1.738468818901506618e-06
5.309999999999999609e+00 7.450580652434917946e-07
5.369999999999999218e+00 9.934107536580038120e-07
5.429999999999999716e+00 8.692344094507404977e-07
5.490000000000000213e+00 2.483526884145009530e-07
5.549999999999999822e+00 3.725290326217458973e-07
5.609999999999999432e+00 1.241763442072504765e-07
5.669999999999999929e+00 2.483526884144973002e-07
5.730000000000000426e+00 1.241763442072504765e-07
5.789999999999999147e+00 0.000000000000000000e+00
5.849999999999999645e+00 0.000000000000000000e+00
5.910000000000000142e+00 0.000000000000000000e+00
5.969999999999999751e+00 0.000000000000000000e+00
