2.999999999999999889e-02 9.636680285135905411e-02
8.999999999999999667e-02 1.620860149463017874e-01
1.499999999999999944e-01 2.418616165717442923e-01
2.099999999999999922e-01 3.234907984733581543e-01
2.700000000000000178e-01 4.037090887626012536e-01
3.299999999999999600e-01 4.798243443171183453e-01
3.900000000000000133e-01 5.500718951225280762e-01
4.499999999999999556e-01 6.110787391662597656e-01
5.100000000000000089e-01 6.627403199672693423e-01
5.700000000000000622e-01 7.045260320107148422e-01
6.299999999999998934e-01 7.343755414088574129e-01
6.899999999999999467e-01 7.542594025532397550e-01
7.500000000000000000e-01 7.632164905468615812e-01
8.100000000000000533e-01 7.617879658937461995e-01
8.699999999999998845e-01 7.516512026389446932e-01
9.299999999999999378e-01 7.331633319457365738e-01
9.899999999999999911e-01 7.083242138226820694e-01
1.050000000000000044e+00 6.774084021647764908e-01
1.109999999999999876e+00 6.422127286593137807e-01
1.169999999999999929e+00 6.045161436001453836e-01
1.229999999999999982e+00 5.643387635548904324e-01
1.290000000000000036e+00 5.223916222651814323e-01
1.349999999999999867e+00 4.815169920523957314e-01
1.409999999999999920e+00 4.400530209143952431e-01
1.469999999999999973e+00 3.999094168345129763e-01
1.530000000000000027e+00 3.612370540698366383e-01
1.589999999999999858e+00 3.246407955884942353e-01
1.649999999999999911e+00 2.899398406346636592e-01
1.709999999999999964e+00 2.580836415290830299e-01
1.770000000000000018e+00 2.282039572795238613e-01
1.829999999999999849e+00 2.009899665911990541e-01
1.889999999999999902e+00 1.763956000407535252e-01
1.949999999999999956e+00 1.539784173170724024e-01
2.009999999999999787e+00 1.341108232736586414e-01
2.070000000000000284e+00 1.157605399688083903e-01
2.129999999999999893e+00 9.989303847153972737e-02
2.189999999999999947e+00 8.604563772678430755e-02
2.250000000000000000e+00 7.350916663805637241e-02
2.309999999999999609e+00 6.270085771878554370e-02
2.370000000000000107e+00 5.340538918972010524e-02
2.429999999999999716e+00 4.521099229653672419e-02
2.490000000000000213e+00 3.825550278027849138e-02
2.549999999999999822e+00 3.226337333520250955e-02
2.609999999999999876e+00 2.713563541571317045e-02
2.669999999999999929e+00 2.270688613255816835e-02
2.729999999999999538e+00 1.894906163215635472e-02
2.790000000000000036e+00 1.569216450055438764e-02
2.849999999999999645e+00 1.308657228946684577e-02
2.910000000000000142e+00 1.080383857091266921e-02
2.969999999999999751e+00 8.937468131383251996e-03
3.030000000000000249e+00 7.402524352073662495e-03
3.089999999999999858e+00 6.043538451194757979e-03
3.149999999999999911e+00 4.989405473073356238e-03
3.209999999999999964e+00 4.094466567039486277e-03
3.269999999999999574e+00 3.321965535481767942e-03
3.330000000000000071e+00 2.706795930862424156e-03
3.389999999999999680e+00 2.202515800793963634e-03
3.450000000000000178e+00 1.794844865798948677e-03
3.509999999999999787e+00 1.454104979832965749e-03
3.569999999999999840e+00 1.174211502075202902e-03
3.629999999999999893e+00 9.347995122273754709e-04
3.689999999999999503e+00 7.623185714085889582e-04
3.750000000000000000e+00 6.079673767089838329e-04
3.809999999999999609e+00 4.770855108896887120e-04
3.870000000000000107e+00 4.005928834279374822e-04
3.929999999999999716e+00 3.017485141754147680e-04
3.989999999999999769e+00 2.409021059672053391e-04
4.049999999999999822e+00 1.984337965647363204e-04
4.109999999999999432e+00 1.569588979085296578e-04
4.169999999999999929e+00 1.267840464909860939e-04
4.230000000000000426e+00 9.400149186452291708e-05
4.290000000000000036e+00 7.972121238708429686e-05
4.349999999999999645e+00 5.972882111867307731e-05
4.410000000000000142e+00 4.880130290985139270e-05
4.469999999999999751e+00 4.048148790995246518e-05
4.529999999999999361e+00 3.054738044738789182e-05
4.589999999999999858e+00 2.471109231313049220e-05
4.650000000000000355e+00 1.924733320872001581e-05
4.709999999999999964e+00 1.291433970133452813e-05
4.769999999999999574e+00 1.204510529836026729e-05
4.830000000000000071e+00 8.071462313334199087e-06
4.889999999999999680e+00 5.712111790974887180e-06
4.949999999999999289e+00 4.594524701436390888e-06
5.009999999999999787e+00 3.973642985026008915e-06
5.070000000000000284e+00 2.731879552205421575e-06
5.129999999999999893e+00 2.856055895487443590e-06
5.189999999999999503e+00 1.490116119384775366e-06
5.250000000000000000e+00 1.738468805948904523e-06
5.309999999999999609e+00 1.117587089538564901e-06
5.369999999999999218e+00 3.725290298461938415e-07
5.429999999999999716e+00 7.450580596923766715e-07
5.490000000000000213e+00 3.725290298461938415e-07
5.549999999999999822e+00 9.934107462565022287e-07
5.609999999999999432e+00 3.725290298461938415e-07
5.669999999999999929e+00 1.241763432820627786e-07
5.730000000000000426e+00 0.000000000000000000e+00
5.789999999999999147e+00 0.000000000000000000e+00
5.849999999999999645e+00 0.000000000000000000e+00
5.910000000000000142e+00 0.000000000000000000e+00
5.969999999999999751e+00 1.241763432820627786e-07
