2.999999999999999889e-02 9.614291290442149307e-02
8.999999999999999667e-02 1.616289218266805106e-01
1.499999999999999944e-01 2.414391686518987112e-01
2.099999999999999922e-01 3.229856491088867188e-01
2.700000000000000178e-01 4.035619397958120080e-01
3.299999999999999600e-01 4.798983534177144739e-01
3.900000000000000133e-01 5.496909221013387414e-01
4.499999999999999556e-01 6.114913771549861377e-01
5.100000000000000089e-01 6.630882620811456851e-01
5.700000000000000622e-01 7.039173195759461654e-01
6.299999999999998934e-01 7.342866311470674923e-01
6.899999999999999467e-01 7.539853453636162772e-01
7.500000000000000000e-01 7.633088777462634367e-01
8.100000000000000533e-01 7.622985790173220089e-01
8.699999999999998845e-01 7.521210859219240596e-01
9.299999999999999378e-01 7.333934307098382011e-01
9.899999999999999911e-01 7.084372142950687845e-01
1.050000000000000044e+00 6.779203812281284769e-01
1.109999999999999876e+00 6.429053843021410586e-01
1.169999999999999929e+00 6.048382570346191311e-01
1.229999999999999982e+00 5.640568832556401846e-01
1.290000000000000036e+00 5.226559937000289091e-01
1.349999999999999867e+00 4.810458670059835629e-01
1.409999999999999920e+00 4.407042016585663857e-01
1.469999999999999973e+00 4.003213097651796004e-01
1.530000000000000027e+00 3.615299860636390084e-01
1.589999999999999858e+00 3.243014216423043550e-01
1.649999999999999911e+00 2.898860722780224886e-01
1.709999999999999964e+00 2.579141408205030128e-01
1.770000000000000018e+00 2.281031260887788070e-01
1.829999999999999849e+00 2.011530101299284223e-01
1.889999999999999902e+00 1.764239122470218357e-01
1.949999999999999956e+00 1.538665344317752814e-01
2.009999999999999787e+00 1.336283981800078235e-01
2.070000000000000284e+00 1.161245008309681193e-01
2.129999999999999893e+00 9.982747336228679769e-02
2.189999999999999947e+00 8.591736356417394027e-02
2.250000000000000000e+00 7.357547680536899448e-02
2.309999999999999609e+00 6.278057893117262867e-02
2.370000000000000107e+00 5.338837703069046481e-02
2.429999999999999716e+00 4.529816408952073298e-02
2.490000000000000213e+00 3.815839687983191286e-02
2.549999999999999822e+00 3.221780061721798982e-02
2.609999999999999876e+00 2.700736125310279623e-02
2.669999999999999929e+00 2.258345484733579461e-02
2.729999999999999538e+00 1.882401605447131879e-02
2.790000000000000036e+00 1.574978232383726640e-02
2.849999999999999645e+00 1.307614147663115241e-02
2.910000000000000142e+00 1.081004738807677182e-02
2.969999999999999751e+00 8.853028217951449189e-03
3.030000000000000249e+00 7.306784391403192171e-03
3.089999999999999858e+00 6.010507543881728719e-03
3.149999999999999911e+00 4.946440458297761585e-03
3.209999999999999964e+00 4.079068700472509787e-03
3.269999999999999574e+00 3.313769896825151731e-03
3.330000000000000071e+00 2.676372726758318669e-03
3.389999999999999680e+00 2.186621228853859612e-03
3.450000000000000178e+00 1.790250341097512172e-03
3.509999999999999787e+00 1.441811521848041433e-03
3.569999999999999840e+00 1.165519158045458508e-03
3.629999999999999893e+00 9.125719467798860864e-04
3.689999999999999503e+00 7.573515176773064784e-04
3.750000000000000000e+00 5.990266799926752391e-04
3.809999999999999609e+00 5.004306634267167249e-04
3.870000000000000107e+00 3.861884276072180631e-04
3.929999999999999716e+00 3.191332022349036642e-04
3.989999999999999769e+00 2.356866995493586323e-04
4.049999999999999822e+00 1.942118008931461692e-04
4.109999999999999432e+00 1.498808463414519939e-04
4.169999999999999929e+00 1.182158788045237593e-04
4.230000000000000426e+00 9.040037790934303519e-05
4.290000000000000036e+00 8.096297581990493037e-05
4.349999999999999645e+00 5.972882111867307731e-05
4.410000000000000142e+00 4.793206850687693705e-05
4.469999999999999751e+00 3.998478253682421449e-05
4.529999999999999361e+00 2.657373746236182531e-05
4.589999999999999858e+00 2.359350522359192814e-05
4.650000000000000355e+00 1.899898052215588708e-05
4.709999999999999964e+00 1.328686873118071614e-05
4.769999999999999574e+00 9.809931119283103610e-06
4.830000000000000071e+00 8.568167686462458248e-06
4.889999999999999680e+00 9.561578432718834269e-06
4.949999999999999289e+00 5.712111790974971883e-06
5.009999999999999787e+00 3.973642985026008915e-06
5.070000000000000284e+00 3.973642985026067360e-06
5.129999999999999893e+00 2.110997835795067130e-06
5.189999999999999503e+00 2.483526865641292418e-06
5.250000000000000000e+00 1.614292462666839944e-06
5.309999999999999609e+00 1.738468805948878900e-06
5.369999999999999218e+00 7.450580596923876829e-07
5.429999999999999716e+00 7.450580596923766715e-07
5.490000000000000213e+00 1.241763432820646050e-07
5.549999999999999822e+00 3.725290298461883358e-07
5.609999999999999432e+00 1.241763432820646050e-07
5.669999999999999929e+00 7.450580596923766715e-07
5.730000000000000426e+00 0.000000000000000000e+00
5.789999999999999147e+00 0.000000000000000000e+00
5.849999999999999645e+00 1.241763432820627786e-07
5.910000000000000142e+00 0.000000000000000000e+00
5.969999999999999751e+00 0.000000000000000000e+00
