2.999999999999999889e-02 9.642069610273364122e-02
8.999999999999999667e-02 1.619817080248026342e-01
1.499999999999999944e-01 2.415609874444280269e-01
2.099999999999999922e-01 3.228745136872518962e-01
2.700000000000000178e-01 4.033656200023911231e-01
3.299999999999999600e-01 4.802338814752837859e-01
3.900000000000000133e-01 5.497754902872604710e-01
4.499999999999999556e-01 6.111109053923009515e-01
5.100000000000000089e-01 6.630264272021230143e-01
5.700000000000000622e-01 7.044743799006526475e-01
6.299999999999998934e-01 7.344084536115965678e-01
6.899999999999999467e-01 7.540509160909862896e-01
7.500000000000000000e-01 7.624012785335471110e-01
8.100000000000000533e-01 7.620429056041663207e-01
8.699999999999998845e-01 7.517820901059770744e-01
9.299999999999999378e-01 7.335392192021444879e-01
9.899999999999999911e-01 7.085743102573421881e-01
1.050000000000000044e+00 6.777205865411994878e-01
1.109999999999999876e+00 6.427871732124742499e-01
1.169999999999999929e+00 6.048417384786530793e-01
1.229999999999999982e+00 5.645568214199698787e-01
1.290000000000000036e+00 5.228832403040187815e-01
1.349999999999999867e+00 4.809726065469722700e-01
1.409999999999999920e+00 4.403597397632377231e-01
1.469999999999999973e+00 4.000934491561854989e-01
1.530000000000000027e+00 3.613177713849970996e-01
1.589999999999999858e+00 3.245340063512384687e-01
1.649999999999999911e+00 2.900102507820493392e-01
1.709999999999999964e+00 2.581248699982328643e-01
1.770000000000000018e+00 2.281172838915191681e-01
1.829999999999999849e+00 2.010345473962614204e-01
1.889999999999999902e+00 1.762726667742380016e-01
1.949999999999999956e+00 1.537950100039069401e-01
2.009999999999999787e+00 1.336502542121974502e-01
2.070000000000000284e+00 1.159425833518994559e-01
2.129999999999999893e+00 9.986671383082892928e-02
2.189999999999999947e+00 8.588358823868380565e-02
2.250000000000000000e+00 7.354952449760969457e-02
2.309999999999999609e+00 6.285309838394143034e-02
2.370000000000000107e+00 5.326059997027561554e-02
2.429999999999999716e+00 4.531070623778328532e-02
2.490000000000000213e+00 3.829735049330203894e-02
2.549999999999999822e+00 3.213733458621301220e-02
2.609999999999999876e+00 2.699829658119618989e-02
2.669999999999999929e+00 2.260630346292978252e-02
2.729999999999999538e+00 1.892820014751104771e-02
2.790000000000000036e+00 1.581758272511944730e-02
2.849999999999999645e+00 1.312394946657579123e-02
2.910000000000000142e+00 1.083947726219501931e-02
2.969999999999999751e+00 8.971616692629571718e-03
3.030000000000000249e+00 7.315352613593278409e-03
3.089999999999999858e+00 6.045649494074151545e-03
3.149999999999999911e+00 4.958858129572340720e-03
3.209999999999999964e+00 4.088630309367898702e-03
3.269999999999999574e+00 3.295515998916196017e-03
3.330000000000000071e+00 2.697358548869874858e-03
3.389999999999999680e+00 2.195810294616793931e-03
3.450000000000000178e+00 1.766408496348124838e-03
3.509999999999999787e+00 1.425171902466603217e-03
3.569999999999999840e+00 1.159558702207304877e-03
3.629999999999999893e+00 9.413808654351587743e-04
3.689999999999999503e+00 7.593383448273309955e-04
3.750000000000000000e+00 5.929420435896165650e-04
3.809999999999999609e+00 4.714975789549265641e-04
3.870000000000000107e+00 3.917763659738723392e-04
3.929999999999999716e+00 3.096958024528803709e-04
3.989999999999999769e+00 2.514570970196821796e-04
4.049999999999999822e+00 1.891205722276396539e-04
4.109999999999999432e+00 1.573314281105863441e-04
4.169999999999999929e+00 1.224378753883471579e-04
4.230000000000000426e+00 9.549160869537560883e-05
4.290000000000000036e+00 7.475415921276368301e-05
4.349999999999999645e+00 5.861123446582222385e-05
4.410000000000000142e+00 4.842877424082768430e-05
4.469999999999999751e+00 3.923972476949057279e-05
4.529999999999999361e+00 2.967814626553286428e-05
4.589999999999999858e+00 2.110997851523226871e-05
4.650000000000000355e+00 1.552204302590631202e-05
4.709999999999999964e+00 1.527369033749158232e-05
4.769999999999999574e+00 1.018246022499453955e-05
4.830000000000000071e+00 1.055498925761629021e-05
4.889999999999999680e+00 5.960464521947934357e-06
4.949999999999999289e+00 4.594524735668267763e-06
5.009999999999999787e+00 4.097819358839204765e-06
5.070000000000000284e+00 3.725290326217513819e-06
5.129999999999999893e+00 3.104408605181215987e-06
5.189999999999999503e+00 1.738468818901506618e-06
5.250000000000000000e+00 9.934107536580038120e-07
5.309999999999999609e+00 1.862645163108729381e-06
5.369999999999999218e+00 1.117587097865254103e-06
5.429999999999999716e+00 2.483526884144973002e-07
5.490000000000000213e+00 7.450580652435028061e-07
5.549999999999999822e+00 4.967053768289946003e-07
5.609999999999999432e+00 2.483526884145009530e-07
5.669999999999999929e+00 4.967053768289946003e-07
5.730000000000000426e+00 2.483526884145009530e-07
5.789999999999999147e+00 1.241763442072504765e-07
5.849999999999999645e+00 0.000000000000000000e+00
5.910000000000000142e+00 0.000000000000000000e+00
5.969999999999999751e+00 0.000000000000000000e+00
