2.999999999999999889e-02 9.622064801221576202e-02
8.999999999999999667e-02 1.621436339776488600e-01
1.499999999999999944e-01 2.416876473155194216e-01
2.099999999999999922e-01 3.233416650941595694e-01
2.700000000000000178e-01 4.032116413355740780e-01
3.299999999999999600e-01 4.798526600985675850e-01
3.900000000000000133e-01 5.494188558266971389e-01
4.499999999999999556e-01 6.107201224370807369e-01
5.100000000000000089e-01 6.626584926942369336e-01
5.700000000000000622e-01 7.042528493025870251e-01
6.299999999999998934e-01 7.347106988333969024e-01
6.899999999999999467e-01 7.541557209254973193e-01
7.500000000000000000e-01 7.638381230123691967e-01
8.100000000000000533e-01 7.618535366792502650e-01
8.699999999999998845e-01 7.517989780887892604e-01
9.299999999999999378e-01 7.338572348196591433e-01
9.899999999999999911e-01 7.087346219177136364e-01
1.050000000000000044e+00 6.778261364337756500e-01
1.109999999999999876e+00 6.427598544167486549e-01
1.169999999999999929e+00 6.045876736784050465e-01
1.229999999999999982e+00 5.640180202624546224e-01
1.290000000000000036e+00 5.227041780156720385e-01
1.349999999999999867e+00 4.810418969470399153e-01
1.409999999999999920e+00 4.396761489883768137e-01
1.469999999999999973e+00 4.003177116338237918e-01
1.530000000000000027e+00 3.612488535139620760e-01
1.589999999999999858e+00 3.247972602009577825e-01
1.649999999999999911e+00 2.902177494532196533e-01
1.709999999999999964e+00 2.577539552580857540e-01
1.770000000000000018e+00 2.283016857626669338e-01
1.829999999999999849e+00 2.011554951555192816e-01
1.889999999999999902e+00 1.764004442324272615e-01
1.949999999999999956e+00 1.538885147910949991e-01
2.009999999999999787e+00 1.338334143199031434e-01
2.070000000000000284e+00 1.159961033562527805e-01
2.129999999999999893e+00 9.983914668241491985e-02
2.189999999999999947e+00 8.601943715924655065e-02
2.250000000000000000e+00 7.354045962448257923e-02
2.309999999999999609e+00 6.260809845682052677e-02
2.370000000000000107e+00 5.323638558315520186e-02
2.429999999999999716e+00 4.522018168285620032e-02
2.490000000000000213e+00 3.826792069972492077e-02
2.549999999999999822e+00 3.216899955398586086e-02
2.609999999999999876e+00 2.700078010808033488e-02
2.669999999999999929e+00 2.258780118764290232e-02
2.729999999999999538e+00 1.884164923559859817e-02
2.790000000000000036e+00 1.568421733144086117e-02
2.849999999999999645e+00 1.308843503213251609e-02
2.910000000000000142e+00 1.089274891385992941e-02
2.969999999999999751e+00 8.913750516228995113e-03
3.030000000000000249e+00 7.381538605055742476e-03
3.089999999999999858e+00 6.073464995176575468e-03
3.149999999999999911e+00 4.960969127423863097e-03
3.209999999999999964e+00 4.087885251302655204e-03
3.269999999999999574e+00 3.318240269906122704e-03
3.330000000000000071e+00 2.703194837047615592e-03
3.389999999999999680e+00 2.199659761287218671e-03
3.450000000000000178e+00 1.778081072703606305e-03
3.509999999999999787e+00 1.453111579913234390e-03
3.569999999999999840e+00 1.169865338776506598e-03
3.629999999999999893e+00 9.462237428592415109e-04
3.689999999999999503e+00 7.481624738486786349e-04
3.750000000000000000e+00 6.080915575829011314e-04
3.809999999999999609e+00 4.932284391911951997e-04
3.870000000000000107e+00 3.860642541403388550e-04
3.929999999999999716e+00 3.106892132065383681e-04
3.989999999999999769e+00 2.463658669071849437e-04
4.049999999999999822e+00 1.934667442748933648e-04
4.109999999999999432e+00 1.503775528349803091e-04
4.169999999999999929e+00 1.243005205514558756e-04
4.230000000000000426e+00 9.809931192372786516e-05
4.290000000000000036e+00 7.922450760422462997e-05
4.349999999999999645e+00 5.650023661429896615e-05
4.410000000000000142e+00 4.445513122619566821e-05
4.469999999999999751e+00 3.452102368961511975e-05
4.529999999999999361e+00 3.017485164236186290e-05
4.589999999999999858e+00 2.371768174358449116e-05
4.650000000000000355e+00 1.614292474694256030e-05
4.709999999999999964e+00 1.291433979755385749e-05
4.769999999999999574e+00 8.319815061885782852e-06
4.830000000000000071e+00 8.071462373471280152e-06
4.889999999999999680e+00 7.450580652434917523e-06
4.949999999999999289e+00 3.973643014632015248e-06
5.009999999999999787e+00 3.228584949388464373e-06
5.070000000000000284e+00 2.980232260974011224e-06
5.129999999999999893e+00 2.359350539937723981e-06
5.189999999999999503e+00 2.235174195730508206e-06
5.250000000000000000e+00 1.490116130487005612e-06
5.309999999999999609e+00 8.692344094507404977e-07
5.369999999999999218e+00 1.365939786279755321e-06
5.429999999999999716e+00 1.365939786279734992e-06
5.490000000000000213e+00 2.483526884145009530e-07
5.549999999999999822e+00 2.483526884144973002e-07
5.609999999999999432e+00 2.483526884145009530e-07
5.669999999999999929e+00 1.241763442072486501e-07
5.730000000000000426e+00 1.241763442072504765e-07
5.789999999999999147e+00 0.000000000000000000e+00
5.849999999999999645e+00 3.725290326217458973e-07
5.910000000000000142e+00 6.208817210362524090e-07
5.969999999999999751e+00 0.000000000000000000e+00
