2.999999999999999889e-02 9.581496460956780148e-02
8.999999999999999667e-02 1.616936201109531457e-01
1.499999999999999944e-01 2.413943445890299189e-01
2.099999999999999922e-01 3.234519360977203273e-01
2.700000000000000178e-01 4.033739428228230728e-01
3.299999999999999600e-01 4.800107401611021229e-01
3.900000000000000133e-01 5.502370578582643779e-01
4.499999999999999556e-01 6.110313129082022288e-01
5.100000000000000089e-01 6.625363081078171623e-01
5.700000000000000622e-01 7.044009969294225959e-01
6.299999999999998934e-01 7.349919637291432162e-01
6.899999999999999467e-01 7.536499562906708860e-01
7.500000000000000000e-01 7.628967478309577332e-01
8.100000000000000533e-01 7.620857521208991292e-01
8.699999999999998845e-01 7.522266470227644275e-01
9.299999999999999378e-01 7.336707274169328441e-01
9.899999999999999911e-01 7.088441507346049386e-01
1.050000000000000044e+00 6.781604242050705000e-01
1.109999999999999876e+00 6.428361034815940345e-01
1.169999999999999929e+00 6.046968291903057624e-01
1.229999999999999982e+00 5.641075556095568322e-01
1.290000000000000036e+00 5.224645215640160156e-01
1.349999999999999867e+00 4.813199313678329649e-01
1.409999999999999920e+00 4.398830300552100669e-01
1.469999999999999973e+00 3.999178667850967761e-01
1.530000000000000027e+00 3.615363244444574353e-01
1.589999999999999858e+00 3.241508005681265625e-01
1.649999999999999911e+00 2.901333117008203510e-01
1.709999999999999964e+00 2.580747046779794940e-01
1.770000000000000018e+00 2.282562389213285969e-01
1.829999999999999849e+00 2.008790801099797352e-01
1.889999999999999902e+00 1.764275159899518497e-01
1.949999999999999956e+00 1.540170384548658622e-01
2.009999999999999787e+00 1.336630453715181022e-01
2.070000000000000284e+00 1.159312841683319828e-01
2.129999999999999893e+00 1.001945401260435631e-01
2.189999999999999947e+00 8.589017022485843922e-02
2.250000000000000000e+00 7.359882305461395990e-02
2.309999999999999609e+00 6.259394281994211384e-02
2.370000000000000107e+00 5.333423693976154650e-02
2.429999999999999716e+00 4.526873497071959990e-02
2.490000000000000213e+00 3.822868125978130804e-02
2.549999999999999822e+00 3.214739310961054614e-02
2.609999999999999876e+00 2.708050152282685114e-02
2.669999999999999929e+00 2.258457277096169100e-02
2.729999999999999538e+00 1.888486274408591320e-02
2.790000000000000036e+00 1.573550227883708727e-02
2.849999999999999645e+00 1.295482138228645774e-02
2.910000000000000142e+00 1.082122342022095139e-02
2.969999999999999751e+00 8.930638565579622490e-03
3.030000000000000249e+00 7.338076939256138811e-03
3.089999999999999858e+00 5.993619650507261282e-03
3.149999999999999911e+00 5.002692416350463210e-03
3.209999999999999964e+00 4.098688623786295691e-03
3.269999999999999574e+00 3.283470917991857582e-03
3.330000000000000071e+00 2.681091467754413357e-03
3.389999999999999680e+00 2.214933468127250598e-03
3.450000000000000178e+00 1.769264565446939915e-03
3.509999999999999787e+00 1.452366532668964783e-03
3.569999999999999840e+00 1.176446693784701826e-03
3.629999999999999893e+00 9.011477366260839525e-04
3.689999999999999503e+00 7.573515289627237405e-04
3.750000000000000000e+00 5.856156436445654305e-04
3.809999999999999609e+00 4.947185590076227458e-04
3.870000000000000107e+00 3.832082010786956941e-04
3.929999999999999716e+00 3.160287983620481737e-04
3.989999999999999769e+00 2.436339891498401236e-04
4.049999999999999822e+00 2.052634985039142443e-04
4.109999999999999432e+00 1.596907798403131588e-04
4.169999999999999929e+00 1.283983408669372691e-04
4.230000000000000426e+00 1.039356008758492264e-04
4.290000000000000036e+00 8.145968240687703938e-05
4.349999999999999645e+00 5.811452952198021161e-05
4.410000000000000142e+00 4.569689500873657479e-05
4.469999999999999751e+00 3.750125622999522128e-05
4.529999999999999361e+00 2.992649917691715889e-05
4.589999999999999858e+00 2.607703247781124699e-05
4.650000000000000355e+00 1.924733349552763503e-05
4.709999999999999964e+00 1.415610334509753461e-05
4.769999999999999574e+00 1.142422375218414370e-05
4.830000000000000071e+00 9.437402230065162554e-06
4.889999999999999680e+00 6.705522637151463319e-06
4.949999999999999289e+00 4.594524769900145485e-06
5.009999999999999787e+00 4.842877460164945918e-06
5.070000000000000284e+00 2.110997867251417784e-06
5.129999999999999893e+00 2.110997867251386443e-06
5.189999999999999503e+00 2.607703247781163070e-06
5.250000000000000000e+00 1.365939796456799854e-06
5.309999999999999609e+00 7.450580707946071295e-07
5.369999999999999218e+00 8.692344159270543566e-07
5.429999999999999716e+00 3.725290353973035648e-07
5.490000000000000213e+00 2.483526902648726960e-07
5.549999999999999822e+00 3.725290353973035648e-07
5.609999999999999432e+00 2.483526902648726960e-07
5.669999999999999929e+00 3.725290353973035648e-07
5.730000000000000426e+00 1.241763451324363480e-07
5.789999999999999147e+00 2.483526902648726960e-07
5.849999999999999645e+00 4.967053805297380863e-07
5.910000000000000142e+00 1.241763451324363480e-07
5.969999999999999751e+00 0.000000000000000000e+00
