2.999999999999999889e-02 9.617221852143606475e-02
8.999999999999999667e-02 1.622293144464492798e-01
1.499999999999999944e-01 2.416459222634633475e-01
2.099999999999999922e-01 3.233770529429118024e-01
2.700000000000000178e-01 4.035934805870056152e-01
3.299999999999999600e-01 4.795376211404800415e-01
3.900000000000000133e-01 5.496360361576080322e-01
4.499999999999999556e-01 6.116762757301330566e-01
5.100000000000000089e-01 6.626959890127176456e-01
5.700000000000000622e-01 7.038097828626639352e-01
6.299999999999998934e-01 7.346323380867647579e-01
6.899999999999999467e-01 7.540681709845854508e-01
7.500000000000000000e-01 7.632253070672346817e-01
8.100000000000000533e-01 7.620984067519512850e-01
8.699999999999998845e-01 7.521729916334159993e-01
9.299999999999999378e-01 7.333248853683465018e-01
9.899999999999999911e-01 7.085985193649921854e-01
1.050000000000000044e+00 6.775205334027601944e-01
1.109999999999999876e+00 6.430886685848253848e-01
1.169999999999999929e+00 6.048669417699172879e-01
1.229999999999999982e+00 5.639361838499700186e-01
1.290000000000000036e+00 5.227353423833861479e-01
1.349999999999999867e+00 4.811295618613556924e-01
1.409999999999999920e+00 4.398949444293971944e-01
1.469999999999999973e+00 3.993400683005647323e-01
1.530000000000000027e+00 3.610478093226747731e-01
1.589999999999999858e+00 3.245782107114800752e-01
1.649999999999999911e+00 2.900404234727221309e-01
1.709999999999999964e+00 2.581533044576642677e-01
1.770000000000000018e+00 2.285305410623556799e-01
1.829999999999999849e+00 2.010513097047804121e-01
1.889999999999999902e+00 1.764458914597827610e-01
1.949999999999999956e+00 1.539173225561776270e-01
2.009999999999999787e+00 1.337500909964242368e-01
2.070000000000000284e+00 1.158084720373152715e-01
2.129999999999999893e+00 9.994655847549430150e-02
2.189999999999999947e+00 8.596256375312860687e-02
2.250000000000000000e+00 7.352357109387709644e-02
2.309999999999999609e+00 6.283447146415704898e-02
2.370000000000000107e+00 5.323849618434901149e-02
2.429999999999999716e+00 4.534795880317683825e-02
2.490000000000000213e+00 3.822247187296545778e-02
2.549999999999999822e+00 3.232570985953010095e-02
2.609999999999999876e+00 2.704461415608741537e-02
2.669999999999999929e+00 2.260766923427579705e-02
2.729999999999999538e+00 1.890460650126137704e-02
2.790000000000000036e+00 1.578703522682188554e-02
2.849999999999999645e+00 1.309600969155628319e-02
2.910000000000000142e+00 1.090144117673237135e-02
2.969999999999999751e+00 8.911763628323864789e-03
3.030000000000000249e+00 7.317587733268731721e-03
3.089999999999999858e+00 6.068622072537734578e-03
3.149999999999999911e+00 4.948675632476838733e-03
3.209999999999999964e+00 4.095708330472306626e-03
3.269999999999999574e+00 3.291666507720944230e-03
3.330000000000000071e+00 2.702449758847552067e-03
3.389999999999999680e+00 2.192581693331398674e-03
3.450000000000000178e+00 1.799439390500384966e-03
3.509999999999999787e+00 1.431008179982501882e-03
3.569999999999999840e+00 1.155088345209764932e-03
3.629999999999999893e+00 9.377797444661450021e-04
3.689999999999999503e+00 7.566064596176140956e-04
3.750000000000000000e+00 6.105750799179071727e-04
3.809999999999999609e+00 4.940976699193314709e-04
3.870000000000000107e+00 3.937631845474239911e-04
3.929999999999999716e+00 3.067155679066973020e-04
3.989999999999999769e+00 2.500911553700781056e-04
4.049999999999999822e+00 1.949568589528385520e-04
4.109999999999999432e+00 1.577039559682220677e-04
4.169999999999999929e+00 1.220653454462677055e-04
4.230000000000000426e+00 1.019487778345750501e-04
4.290000000000000036e+00 7.723768552144304341e-05
4.349999999999999645e+00 6.283322970072469495e-05
4.410000000000000142e+00 4.557271798451770900e-05
4.469999999999999751e+00 4.085401693979864981e-05
4.529999999999999361e+00 2.719461917877214884e-05
4.589999999999999858e+00 1.986821492513004457e-05
4.650000000000000355e+00 1.899898052215588708e-05
4.709999999999999964e+00 1.328686873118071614e-05
4.769999999999999574e+00 1.154839992523200813e-05
4.830000000000000071e+00 7.326404253641812039e-06
4.889999999999999680e+00 6.829698880513452081e-06
4.949999999999999289e+00 4.097819328308132574e-06
5.009999999999999787e+00 3.104408582051569359e-06
5.070000000000000284e+00 3.476937611897809046e-06
5.129999999999999893e+00 2.731879552205380917e-06
5.189999999999999503e+00 2.607703208923356784e-06
5.250000000000000000e+00 8.692344029744522615e-07
5.309999999999999609e+00 1.490116119384753343e-06
5.369999999999999218e+00 6.208817164103231044e-07
5.429999999999999716e+00 7.450580596923766715e-07
5.490000000000000213e+00 2.483526865641292100e-07
5.549999999999999822e+00 4.967053731282511143e-07
5.609999999999999432e+00 1.241763432820646050e-07
5.669999999999999929e+00 0.000000000000000000e+00
5.730000000000000426e+00 1.241763432820646050e-07
5.789999999999999147e+00 2.483526865641292100e-07
5.849999999999999645e+00 1.241763432820627786e-07
5.910000000000000142e+00 0.000000000000000000e+00
5.969999999999999751e+00 0.000000000000000000e+00
