2.999999999999999889e-02 9.658907922547867175e-02
8.999999999999999667e-02 1.619386188333627186e-01
1.499999999999999944e-01 2.417154628166218178e-01
2.099999999999999922e-01 3.232384745521233449e-01
2.700000000000000178e-01 4.038017273232469284e-01
3.299999999999999600e-01 4.799672748642708764e-01
3.900000000000000133e-01 5.497121603517147737e-01
4.499999999999999556e-01 6.110531633922445804e-01
5.100000000000000089e-01 6.625101019629092702e-01
5.700000000000000622e-01 7.040863288250051033e-01
6.299999999999998934e-01 7.347828452893814255e-01
6.899999999999999467e-01 7.541877584223027897e-01
7.500000000000000000e-01 7.632136401773508272e-01
8.100000000000000533e-01 7.620122340471471301e-01
8.699999999999998845e-01 7.517870571597453644e-01
9.299999999999999378e-01 7.334116900966435315e-01
9.899999999999999911e-01 7.083347740893664035e-01
1.050000000000000044e+00 6.778189342058116296e-01
1.109999999999999876e+00 6.427339015608093398e-01
1.169999999999999929e+00 6.046778257042995097e-01
1.229999999999999982e+00 5.643038742068197111e-01
1.290000000000000036e+00 5.224627792025331452e-01
1.349999999999999867e+00 4.811704194632944187e-01
1.409999999999999920e+00 4.398434145240239790e-01
1.469999999999999973e+00 3.998686899731703770e-01
1.530000000000000027e+00 3.609401511222629089e-01
1.589999999999999858e+00 3.242541128713952725e-01
1.649999999999999911e+00 2.902418396639958043e-01
1.709999999999999964e+00 2.580386916153529775e-01
1.770000000000000018e+00 2.283588068810022687e-01
1.829999999999999849e+00 2.012113745104125440e-01
1.889999999999999902e+00 1.764987918970394032e-01
1.949999999999999956e+00 1.538783323308699769e-01
2.009999999999999787e+00 1.338812222124229345e-01
2.070000000000000284e+00 1.157326011538449967e-01
2.129999999999999893e+00 9.991029972764567391e-02
2.189999999999999947e+00 8.592816754625422215e-02
2.250000000000000000e+00 7.360006426970205906e-02
2.309999999999999609e+00 6.279833661614603324e-02
2.370000000000000107e+00 5.333659589293045233e-02
2.429999999999999716e+00 4.521297945489218678e-02
2.490000000000000213e+00 3.827959327608040224e-02
2.549999999999999822e+00 3.225641970030776462e-02
2.609999999999999876e+00 2.706994633180377294e-02
2.669999999999999929e+00 2.274550514478610591e-02
2.729999999999999538e+00 1.887368673240406858e-02
2.790000000000000036e+00 1.579759033370208010e-02
2.849999999999999645e+00 1.311823735474225601e-02
2.910000000000000142e+00 1.078260449654810070e-02
2.969999999999999751e+00 8.950382537770132027e-03
3.030000000000000249e+00 7.340312058778934723e-03
3.089999999999999858e+00 6.068622117752492731e-03
3.149999999999999911e+00 4.976739523138184670e-03
3.209999999999999964e+00 4.055226872776149412e-03
3.269999999999999574e+00 3.335252429062515473e-03
3.330000000000000071e+00 2.684568385416528143e-03
3.389999999999999680e+00 2.200032290319840420e-03
3.450000000000000178e+00 1.794348173794756010e-03
3.509999999999999787e+00 1.442680766999825418e-03
3.569999999999999840e+00 1.162414758124071619e-03
3.629999999999999893e+00 9.530534417906403504e-04
3.689999999999999503e+00 7.525086458959322645e-04
3.750000000000000000e+00 6.207575446920405964e-04
3.809999999999999609e+00 4.914899703722938129e-04
3.870000000000000107e+00 3.817180820930851171e-04
3.929999999999999716e+00 3.072122755687354319e-04
3.989999999999999769e+00 2.368042884032266389e-04
4.049999999999999822e+00 1.997997378294630701e-04
4.109999999999999432e+00 1.544753721938195749e-04
4.169999999999999929e+00 1.208235829136529123e-04
4.230000000000000426e+00 1.000861334310438868e-04
4.290000000000000036e+00 7.612009899904341567e-05
4.349999999999999645e+00 6.345411188990499431e-05
4.410000000000000142e+00 4.917383230607118224e-05
4.469999999999999751e+00 3.725290326217458507e-05
4.529999999999999361e+00 3.029902798656911595e-05
4.589999999999999858e+00 2.297262367834099661e-05
4.650000000000000355e+00 2.011656776157457640e-05
4.709999999999999964e+00 1.378357420700459831e-05
4.769999999999999574e+00 1.316269248596854993e-05
4.830000000000000071e+00 9.561578503958286188e-06
4.889999999999999680e+00 9.561578503958145580e-06
4.949999999999999289e+00 4.594524735668267763e-06
5.009999999999999787e+00 5.215406456704442351e-06
5.070000000000000284e+00 2.980232260974011224e-06
5.129999999999999893e+00 2.731879572559469984e-06
5.189999999999999503e+00 2.110997851523258127e-06
5.250000000000000000e+00 1.117587097865254103e-06
5.309999999999999609e+00 1.241763442072486395e-06
5.369999999999999218e+00 8.692344094507533090e-07
5.429999999999999716e+00 1.117587097865237586e-06
5.490000000000000213e+00 3.725290326217514030e-07
5.549999999999999822e+00 2.483526884144973002e-07
5.609999999999999432e+00 3.725290326217514030e-07
5.669999999999999929e+00 3.725290326217458973e-07
5.730000000000000426e+00 1.241763442072504765e-07
5.789999999999999147e+00 1.241763442072504765e-07
5.849999999999999645e+00 0.000000000000000000e+00
5.910000000000000142e+00 1.241763442072504765e-07
5.969999999999999751e+00 0.000000000000000000e+00
