2.999999999999999889e-02 9.613434616924841636e-02
8.999999999999999667e-02 1.615632349485640884e-01
1.499999999999999944e-01 2.416995700453654639e-01
2.099999999999999922e-01 3.232117790462341600e-01
2.700000000000000178e-01 4.037547916733442710e-01
3.299999999999999600e-01 4.803769362028976753e-01
3.900000000000000133e-01 5.493673267369567625e-01
4.499999999999999556e-01 6.111861608105823018e-01
5.100000000000000089e-01 6.625726917769410029e-01
5.700000000000000622e-01 7.037044918095748391e-01
6.299999999999998934e-01 7.345502684695072171e-01
6.899999999999999467e-01 7.543212536124568324e-01
7.500000000000000000e-01 7.633218034603460600e-01
8.100000000000000533e-01 7.621576502247308094e-01
8.699999999999998845e-01 7.514157754890494756e-01
9.299999999999999378e-01 7.336937000407822707e-01
9.899999999999999911e-01 7.083553926401636724e-01
1.050000000000000044e+00 6.781122437831591521e-01
1.109999999999999876e+00 6.431777126070533646e-01
1.169999999999999929e+00 6.045293153007220699e-01
1.229999999999999982e+00 5.645229254840248290e-01
1.290000000000000036e+00 5.228517034081390236e-01
1.349999999999999867e+00 4.812140089454349789e-01
1.409999999999999920e+00 4.403516715817398786e-01
1.469999999999999973e+00 3.998963842773888278e-01
1.530000000000000027e+00 3.610587422210780884e-01
1.589999999999999858e+00 3.244590062567452304e-01
1.649999999999999911e+00 2.901693228409087388e-01
1.709999999999999964e+00 2.578862049860684569e-01
1.770000000000000018e+00 2.284182890517264253e-01
1.829999999999999849e+00 2.011037151183243110e-01
1.889999999999999902e+00 1.762970066512176970e-01
1.949999999999999956e+00 1.539734525577243773e-01
2.009999999999999787e+00 1.338521659451547829e-01
2.070000000000000284e+00 1.157378174226156436e-01
2.129999999999999893e+00 9.991402576238939126e-02
2.189999999999999947e+00 8.575270701079683311e-02
2.250000000000000000e+00 7.352617989271148513e-02
2.309999999999999609e+00 6.258438124136693481e-02
2.370000000000000107e+00 5.347890238184083156e-02
2.429999999999999716e+00 4.532995390886989523e-02
2.490000000000000213e+00 3.830964423680765368e-02
2.549999999999999822e+00 3.215546457204414982e-02
2.609999999999999876e+00 2.695483506155282524e-02
2.669999999999999929e+00 2.262604767023592908e-02
2.729999999999999538e+00 1.889802543666994905e-02
2.790000000000000036e+00 1.572556817122649012e-02
2.849999999999999645e+00 1.298685887933062610e-02
2.910000000000000142e+00 1.081215854702628591e-02
2.969999999999999751e+00 8.913998935331877288e-03
3.030000000000000249e+00 7.346645107070276862e-03
3.089999999999999858e+00 6.030003319631063730e-03
3.149999999999999911e+00 4.966432923571791752e-03
3.209999999999999964e+00 4.063919247149214327e-03
3.269999999999999574e+00 3.329043636655461269e-03
3.330000000000000071e+00 2.713128964798581285e-03
3.389999999999999680e+00 2.212698293914866759e-03
3.450000000000000178e+00 1.769016212756674899e-03
3.509999999999999787e+00 1.416107039890293759e-03
3.569999999999999840e+00 1.167257644244901671e-03
3.629999999999999893e+00 9.374072294047550852e-04
3.689999999999999503e+00 7.383525481574611075e-04
3.750000000000000000e+00 6.259729558126070435e-04
3.809999999999999609e+00 4.851569804324251754e-04
3.870000000000000107e+00 4.035731216804151538e-04
3.929999999999999716e+00 3.069639251673803634e-04
3.989999999999999769e+00 2.519538042737133480e-04
4.049999999999999822e+00 1.984337995216303545e-04
4.109999999999999432e+00 1.558413131412076129e-04
4.169999999999999929e+00 1.192092913271371272e-04
4.230000000000000426e+00 1.062949514333655056e-04
4.290000000000000036e+00 7.934868453962564024e-05
4.349999999999999645e+00 5.948046931843701125e-05
4.410000000000000142e+00 4.569689500873657479e-05
4.469999999999999751e+00 3.998478313264391341e-05
4.529999999999999361e+00 3.017485186718203217e-05
4.589999999999999858e+00 1.862645176986517400e-05
4.650000000000000355e+00 1.800557004420327202e-05
4.709999999999999964e+00 1.403192699996509967e-05
4.769999999999999574e+00 1.279016354864094334e-05
4.830000000000000071e+00 7.947286088475926272e-06
4.889999999999999680e+00 6.084640911489291134e-06
4.949999999999999289e+00 4.718701115032581277e-06
5.009999999999999787e+00 4.470348424767641930e-06
5.070000000000000284e+00 3.228584973443344995e-06
5.129999999999999893e+00 2.731879592913559051e-06
5.189999999999999503e+00 2.110997867251417784e-06
5.250000000000000000e+00 7.450580707946181409e-07
5.309999999999999609e+00 9.934107610594761727e-07
5.369999999999999218e+00 9.934107610594907840e-07
5.429999999999999716e+00 1.365939796456779526e-06
5.490000000000000213e+00 3.725290353973090705e-07
5.549999999999999822e+00 3.725290353973035648e-07
5.609999999999999432e+00 4.967053805297453920e-07
5.669999999999999929e+00 3.725290353973035648e-07
5.730000000000000426e+00 1.241763451324363480e-07
5.789999999999999147e+00 1.241763451324363480e-07
5.849999999999999645e+00 0.000000000000000000e+00
5.910000000000000142e+00 1.241763451324363480e-07
5.969999999999999751e+00 1.241763451324345216e-07
