2.999999999999999889e-02 9.616402431573507770e-02
8.999999999999999667e-02 1.617765699095016496e-01
1.499999999999999944e-01 2.413615620339149559e-01
2.099999999999999922e-01 3.229433097880579084e-01
2.700000000000000178e-01 4.037134409504151700e-01
3.299999999999999600e-01 4.799271694808280309e-01
3.900000000000000133e-01 5.497256996690089714e-01
4.499999999999999556e-01 6.111558617823699135e-01
5.100000000000000089e-01 6.630602081079309817e-01
5.700000000000000622e-01 7.039828951753617226e-01
6.299999999999998934e-01 7.347364088108606639e-01
6.899999999999999467e-01 7.545492413821199840e-01
7.500000000000000000e-01 7.630282505804529825e-01
8.100000000000000533e-01 7.626420621470925143e-01
8.699999999999998845e-01 7.516709578782966306e-01
9.299999999999999378e-01 7.335881501474197375e-01
9.899999999999999911e-01 7.086022552142871023e-01
1.050000000000000044e+00 6.778626493294429567e-01
1.109999999999999876e+00 6.429099884069479076e-01
1.169999999999999929e+00 6.046369761919518915e-01
1.229999999999999982e+00 5.642328495417954226e-01
1.290000000000000036e+00 5.231430211138197173e-01
1.349999999999999867e+00 4.808637074758164154e-01
1.409999999999999920e+00 4.398487573839535147e-01
1.469999999999999973e+00 3.999787131942116325e-01
1.530000000000000027e+00 3.608803008131227785e-01
1.589999999999999858e+00 3.245044547990637018e-01
1.649999999999999911e+00 2.902148955595723612e-01
1.709999999999999964e+00 2.577756880389005523e-01
1.770000000000000018e+00 2.281228735266563612e-01
1.829999999999999849e+00 2.008754789959709131e-01
1.889999999999999902e+00 1.764497435557305927e-01
1.949999999999999956e+00 1.539127303249546164e-01
2.009999999999999787e+00 1.336759597114118570e-01
2.070000000000000284e+00 1.156926172329874464e-01
2.129999999999999893e+00 9.991166641183188424e-02
2.189999999999999947e+00 8.604675659607043114e-02
2.250000000000000000e+00 7.363955289581738950e-02
2.309999999999999609e+00 6.276518199987975166e-02
2.370000000000000107e+00 5.341954608886752970e-02
2.429999999999999716e+00 4.523545571022410255e-02
2.490000000000000213e+00 3.825475829225911950e-02
2.549999999999999822e+00 3.233601697786672030e-02
2.609999999999999876e+00 2.708459934221622151e-02
2.669999999999999929e+00 2.264032794992615685e-02
2.729999999999999538e+00 1.890609689910355967e-02
2.790000000000000036e+00 1.572221540990791436e-02
2.849999999999999645e+00 1.303056895281724456e-02
2.910000000000000142e+00 1.078806833607059111e-02
2.969999999999999751e+00 8.917724225685850353e-03
3.030000000000000249e+00 7.394577176291397547e-03
3.089999999999999858e+00 6.045277010082353297e-03
3.149999999999999911e+00 4.991019839908013983e-03
3.209999999999999964e+00 4.089996279627025784e-03
3.269999999999999574e+00 3.335252453912083189e-03
3.330000000000000071e+00 2.664824366542064161e-03
3.389999999999999680e+00 2.171844276366295765e-03
3.450000000000000178e+00 1.784910784933626789e-03
3.509999999999999787e+00 1.434236786279629054e-03
3.569999999999999840e+00 1.176322517439569535e-03
3.629999999999999893e+00 9.372830530596225774e-04
3.689999999999999503e+00 7.649262860158021621e-04
3.750000000000000000e+00 5.997717469896630786e-04
3.809999999999999609e+00 4.835426879457035499e-04
3.870000000000000107e+00 3.916521925477013449e-04
3.929999999999999716e+00 3.243486134859213167e-04
3.989999999999999769e+00 2.479801612294753755e-04
4.049999999999999822e+00 1.968195070349086748e-04
4.109999999999999432e+00 1.519918464421020940e-04
4.169999999999999929e+00 1.190851149820047007e-04
4.230000000000000426e+00 9.958942879621394744e-05
4.290000000000000036e+00 7.227063286707688394e-05
4.349999999999999645e+00 6.171564353082086398e-05
4.410000000000000142e+00 4.221995734502835567e-05
4.469999999999999751e+00 3.874301968131956735e-05
4.529999999999999361e+00 3.216167338930101839e-05
4.589999999999999858e+00 2.173086039817603916e-05
4.650000000000000355e+00 1.924733349552763503e-05
4.709999999999999964e+00 1.328686892917049169e-05
4.769999999999999574e+00 1.216928182297876184e-05
4.830000000000000071e+00 9.561578575197599193e-06
4.889999999999999680e+00 5.960464566356857036e-06
4.949999999999999289e+00 5.215406495562326140e-06
5.009999999999999787e+00 4.470348424767641930e-06
5.070000000000000284e+00 3.725290353973090281e-06
5.129999999999999893e+00 2.235174212383820965e-06
5.189999999999999503e+00 2.607703247781163070e-06
5.250000000000000000e+00 1.738468831854108713e-06
5.309999999999999609e+00 1.117587106191910483e-06
5.369999999999999218e+00 8.692344159270543566e-07
5.429999999999999716e+00 6.208817256621726079e-07
5.490000000000000213e+00 2.483526902648726960e-07
5.549999999999999822e+00 2.483526902648690432e-07
5.609999999999999432e+00 4.967053805297453920e-07
5.669999999999999929e+00 1.241763451324345216e-07
5.730000000000000426e+00 1.241763451324363480e-07
5.789999999999999147e+00 3.725290353973090705e-07
5.849999999999999645e+00 0.000000000000000000e+00
5.910000000000000142e+00 0.000000000000000000e+00
5.969999999999999751e+00 1.241763451324345216e-07
