2.999999999999999889e-02 9.612577728524142329e-02
8.999999999999999667e-02 1.618814977150273837e-01
1.499999999999999944e-01 2.416525054101087422e-01
2.099999999999999922e-01 3.233108693607961159e-01
2.700000000000000178e-01 4.035984506477797162e-01
3.299999999999999600e-01 4.797815070533368309e-01
3.900000000000000133e-01 5.498660148421875560e-01
4.499999999999999556e-01 6.109704619470025522e-01
5.100000000000000089e-01 6.633328944196265065e-01
5.700000000000000622e-01 7.043446156209560716e-01
6.299999999999998934e-01 7.343998854438462676e-01
6.899999999999999467e-01 7.539453661984101274e-01
7.500000000000000000e-01 7.629770842416360166e-01
8.100000000000000533e-01 7.618868159394978079e-01
8.699999999999998845e-01 7.518885092329626874e-01
9.299999999999999378e-01 7.335040772967337253e-01
9.899999999999999911e-01 7.084401998055983585e-01
1.050000000000000044e+00 6.776197553497032011e-01
1.109999999999999876e+00 6.432595400258386276e-01
1.169999999999999929e+00 6.043245440050299955e-01
1.229999999999999982e+00 5.640232356689113269e-01
1.290000000000000036e+00 5.228438764029051944e-01
1.349999999999999867e+00 4.814077204570744728e-01
1.409999999999999920e+00 4.398965619993446263e-01
1.469999999999999973e+00 4.000963052121022656e-01
1.530000000000000027e+00 3.612318413548057383e-01
1.589999999999999858e+00 3.248340163988431839e-01
1.649999999999999911e+00 2.901442370574489060e-01
1.709999999999999964e+00 2.580001969486487301e-01
1.770000000000000018e+00 2.282676614443541752e-01
1.829999999999999849e+00 2.010216330564638665e-01
1.889999999999999902e+00 1.761885993892096935e-01
1.949999999999999956e+00 1.540369055224226347e-01
2.009999999999999787e+00 1.337951680058873105e-01
2.070000000000000284e+00 1.160198210379963651e-01
2.129999999999999893e+00 1.000627882783321765e-01
2.189999999999999947e+00 8.585291668166462886e-02
2.250000000000000000e+00 7.349811549110789322e-02
2.309999999999999609e+00 6.265267776439092939e-02
2.370000000000000107e+00 5.332678596173807267e-02
2.429999999999999716e+00 4.520254864197877781e-02
2.490000000000000213e+00 3.820955781794751344e-02
2.549999999999999822e+00 3.217880948517824052e-02
2.609999999999999876e+00 2.697731077902516469e-02
2.669999999999999929e+00 2.261437492530325027e-02
2.729999999999999538e+00 1.885158334313517814e-02
2.790000000000000036e+00 1.571935923685151282e-02
2.849999999999999645e+00 1.305242389231241543e-02
2.910000000000000142e+00 1.084469266865172379e-02
2.969999999999999751e+00 8.900215294710404901e-03
3.030000000000000249e+00 7.386505658824031595e-03
3.089999999999999858e+00 6.049374784400369034e-03
3.149999999999999911e+00 4.973635114533002562e-03
3.209999999999999964e+00 4.074846735160893990e-03
3.269999999999999574e+00 3.338481014011903964e-03
3.330000000000000071e+00 2.701704720917128596e-03
3.389999999999999680e+00 2.193450944076856188e-03
3.450000000000000178e+00 1.801177872726154741e-03
3.509999999999999787e+00 1.441314827213545455e-03
3.569999999999999840e+00 1.176943390396320045e-03
3.629999999999999893e+00 9.197741815430973342e-04
3.689999999999999503e+00 7.715076265596414618e-04
3.750000000000000000e+00 6.151696092027143618e-04
3.809999999999999609e+00 4.799415703610194865e-04
3.870000000000000107e+00 3.994752993147218179e-04
3.929999999999999716e+00 3.121793293370253640e-04
3.989999999999999769e+00 2.472351013166356913e-04
4.049999999999999822e+00 1.996755614852557933e-04
4.109999999999999432e+00 1.532336087517470783e-04
4.169999999999999929e+00 1.157323528011557307e-04
4.230000000000000426e+00 8.977949686184208400e-05
4.290000000000000036e+00 7.860362588318838169e-05
4.349999999999999645e+00 6.208817210362524810e-05
4.410000000000000142e+00 4.656612907771892591e-05
4.469999999999999751e+00 3.663202154113835035e-05
4.529999999999999361e+00 3.166496777284886555e-05
4.589999999999999858e+00 2.421438712041348301e-05
4.650000000000000355e+00 1.837809894267307105e-05
4.709999999999999964e+00 1.415610323962634389e-05
4.769999999999999574e+00 1.067916560182353987e-05
4.830000000000000071e+00 8.816520438714783170e-06
4.889999999999999680e+00 7.078051619813171943e-06
4.949999999999999289e+00 7.574756996642278987e-06
5.009999999999999787e+00 3.228584949388464373e-06
5.070000000000000284e+00 2.607703228352259715e-06
5.129999999999999893e+00 2.359350539937723981e-06
5.189999999999999503e+00 1.986821507316007624e-06
5.250000000000000000e+00 1.614292474694256115e-06
5.309999999999999609e+00 1.241763442072486395e-06
5.369999999999999218e+00 8.692344094507533090e-07
5.429999999999999716e+00 6.208817210362431975e-07
5.490000000000000213e+00 2.483526884145009530e-07
5.549999999999999822e+00 2.483526884144973002e-07
5.609999999999999432e+00 2.483526884145009530e-07
5.669999999999999929e+00 2.483526884144973002e-07
5.730000000000000426e+00 2.483526884145009530e-07
5.789999999999999147e+00 1.241763442072504765e-07
5.849999999999999645e+00 4.967053768289946003e-07
5.910000000000000142e+00 2.483526884145009530e-07
5.969999999999999751e+00 1.241763442072486501e-07
