2.999999999999999889e-02 9.627876254130475486e-02
8.999999999999999667e-02 1.619016142827889582e-01
1.499999999999999944e-01 2.417167045800639180e-01
2.099999999999999922e-01 3.233642651888052888e-01
2.700000000000000178e-01 4.037922899210872330e-01
3.299999999999999600e-01 4.796223129800631368e-01
3.900000000000000133e-01 5.497261922786100818e-01
4.499999999999999556e-01 6.108598208243138927e-01
5.100000000000000089e-01 6.621468861561030650e-01
5.700000000000000622e-01 7.042615416466814215e-01
6.299999999999998934e-01 7.347855771689538740e-01
6.899999999999999467e-01 7.543655789472074602e-01
7.500000000000000000e-01 7.630736934374293678e-01
8.100000000000000533e-01 7.619417018836374123e-01
8.699999999999998845e-01 7.516952908413762069e-01
9.299999999999999378e-01 7.334991102429654353e-01
9.899999999999999911e-01 7.082500858226170593e-01
1.050000000000000044e+00 6.778370639520658880e-01
1.109999999999999876e+00 6.428811747050390268e-01
1.169999999999999929e+00 6.046517486720159873e-01
1.229999999999999982e+00 5.640822194324097705e-01
1.290000000000000036e+00 5.230182199901721729e-01
1.349999999999999867e+00 4.815304066851512910e-01
1.409999999999999920e+00 4.402253809588054234e-01
1.469999999999999973e+00 4.000276356937556566e-01
1.530000000000000027e+00 3.613884277248510801e-01
1.589999999999999858e+00 3.247150554610926387e-01
1.649999999999999911e+00 2.900576861455365085e-01
1.709999999999999964e+00 2.579427033012808290e-01
1.770000000000000018e+00 2.285327779392366254e-01
1.829999999999999849e+00 2.010859564027632218e-01
1.889999999999999902e+00 1.761970433806157865e-01
1.949999999999999956e+00 1.539391787395315569e-01
2.009999999999999787e+00 1.337853580746949378e-01
2.070000000000000284e+00 1.158673324873098626e-01
2.129999999999999893e+00 9.979419484581189548e-02
2.189999999999999947e+00 8.570551936109060964e-02
2.250000000000000000e+00 7.349290008465118873e-02
2.309999999999999609e+00 6.284763462479631135e-02
2.370000000000000107e+00 5.340116759191821522e-02
2.429999999999999716e+00 4.520379040542084337e-02
2.490000000000000213e+00 3.830678789546178992e-02
2.549999999999999822e+00 3.218551500776543201e-02
2.609999999999999876e+00 2.705752869738304797e-02
2.669999999999999929e+00 2.260146058550569978e-02
2.729999999999999538e+00 1.895266288731987936e-02
2.790000000000000036e+00 1.572606475943870430e-02
2.849999999999999645e+00 1.305428653747552417e-02
2.910000000000000142e+00 1.081563540410722737e-02
2.969999999999999751e+00 8.974224395857923961e-03
3.030000000000000249e+00 7.376447374943244373e-03
3.089999999999999858e+00 6.024539515558919103e-03
3.149999999999999911e+00 4.949793256445210628e-03
3.209999999999999964e+00 4.026914666296896490e-03
3.269999999999999574e+00 3.287568712886931605e-03
3.330000000000000071e+00 2.698848665000361854e-03
3.389999999999999680e+00 2.173210199971074494e-03
3.450000000000000178e+00 1.788636061961222526e-03
3.509999999999999787e+00 1.415486147618437744e-03
3.569999999999999840e+00 1.175080745233211300e-03
3.629999999999999893e+00 9.159247148726727033e-04
3.689999999999999503e+00 7.340063706090521741e-04
3.750000000000000000e+00 5.960464521947978064e-04
3.809999999999999609e+00 4.763404563790093007e-04
3.870000000000000107e+00 3.820906111257068661e-04
3.929999999999999716e+00 3.063430411592846301e-04
3.989999999999999769e+00 2.433856346462109248e-04
4.049999999999999822e+00 1.984337980431833239e-04
4.109999999999999432e+00 1.503775528349803091e-04
4.169999999999999929e+00 1.188367614063369314e-04
4.230000000000000426e+00 9.611249041641185711e-05
4.290000000000000036e+00 7.910033126001738031e-05
4.349999999999999645e+00 6.134311403838173661e-05
4.410000000000000142e+00 5.501012048381195672e-05
4.469999999999999751e+00 3.861884304845432451e-05
4.529999999999999361e+00 2.868473551187485687e-05
4.589999999999999858e+00 2.135833120364676464e-05
4.650000000000000355e+00 1.875062797529482002e-05
4.709999999999999964e+00 1.440445592804084150e-05
4.769999999999999574e+00 1.216928173231054590e-05
4.830000000000000071e+00 8.443991406093032508e-06
4.889999999999999680e+00 6.829698931398674325e-06
4.949999999999999289e+00 4.967053768290019272e-06
5.009999999999999787e+00 3.104408605181215987e-06
5.070000000000000284e+00 2.856055916766760721e-06
5.129999999999999893e+00 3.104408605181215987e-06
5.189999999999999503e+00 1.738468818901506618e-06
5.250000000000000000e+00 9.934107536580038120e-07
5.309999999999999609e+00 1.117587097865237586e-06
5.369999999999999218e+00 9.934107536580038120e-07
5.429999999999999716e+00 7.450580652434917946e-07
5.490000000000000213e+00 3.725290326217514030e-07
5.549999999999999822e+00 4.967053768289946003e-07
5.609999999999999432e+00 4.967053768290019060e-07
5.669999999999999929e+00 1.241763442072486501e-07
5.730000000000000426e+00 2.483526884145009530e-07
5.789999999999999147e+00 0.000000000000000000e+00
5.849999999999999645e+00 0.000000000000000000e+00
5.910000000000000142e+00 0.000000000000000000e+00
5.969999999999999751e+00 0.000000000000000000e+00
