2.999999999999999889e-02 9.591455475298313327e-02
8.999999999999999667e-02 1.618464823976614730e-01
1.499999999999999944e-01 2.413438066147125249e-01
2.099999999999999922e-01 3.229243132132262883e-01
2.700000000000000178e-01 4.036295007483798325e-01
3.299999999999999600e-01 4.797209161457623994e-01
3.900000000000000133e-01 5.497022344353797996e-01
4.499999999999999556e-01 6.111969687063811829e-01
5.100000000000000089e-01 6.625539460852376550e-01
5.700000000000000622e-01 7.042703686615665593e-01
6.299999999999998934e-01 7.344088370841737046e-01
6.899999999999999467e-01 7.541760970840468703e-01
7.500000000000000000e-01 7.633781852086468644e-01
8.100000000000000533e-01 7.626197160869283564e-01
8.699999999999998845e-01 7.520021417936174624e-01
9.299999999999999378e-01 7.335186168592852107e-01
9.899999999999999911e-01 7.088579395903179536e-01
1.050000000000000044e+00 6.782421372934653858e-01
1.109999999999999876e+00 6.430197650869156067e-01
1.169999999999999929e+00 6.046631819058667645e-01
1.229999999999999982e+00 5.640279627746628277e-01
1.290000000000000036e+00 5.229483165009206624e-01
1.349999999999999867e+00 4.814085968650311242e-01
1.409999999999999920e+00 4.400647033268764163e-01
1.469999999999999973e+00 3.998670816391796112e-01
1.530000000000000027e+00 3.613893023443807695e-01
1.589999999999999858e+00 3.248073233248449099e-01
1.649999999999999911e+00 2.899054502674662803e-01
1.709999999999999964e+00 2.579244532220562047e-01
1.770000000000000018e+00 2.279588382731621565e-01
1.829999999999999849e+00 2.011711443725730797e-01
1.889999999999999902e+00 1.760523805629992389e-01
1.949999999999999956e+00 1.537707979081499865e-01
2.009999999999999787e+00 1.339038243023911168e-01
2.070000000000000284e+00 1.157640194939477535e-01
2.129999999999999893e+00 9.989142641182444105e-02
2.189999999999999947e+00 8.575630876373997735e-02
2.250000000000000000e+00 7.365221943177270580e-02
2.309999999999999609e+00 6.284093003861195015e-02
2.370000000000000107e+00 5.325861394238349394e-02
2.429999999999999716e+00 4.521136583611934379e-02
2.490000000000000213e+00 3.816386149196510785e-02
2.549999999999999822e+00 3.207735788995079440e-02
2.609999999999999876e+00 2.704262793904474091e-02
2.669999999999999929e+00 2.256892671962661481e-02
2.729999999999999538e+00 1.890286845496746276e-02
2.790000000000000036e+00 1.576555307182165785e-02
2.849999999999999645e+00 1.312531560194451531e-02
2.910000000000000142e+00 1.087809626733974265e-02
2.969999999999999751e+00 8.927037518082396941e-03
3.030000000000000249e+00 7.392590409848369751e-03
3.089999999999999858e+00 6.073589262024315337e-03
3.149999999999999911e+00 4.963328551923161178e-03
3.209999999999999964e+00 4.035979599564807827e-03
3.269999999999999574e+00 3.304332568593303186e-03
3.330000000000000071e+00 2.707665225786432678e-03
3.389999999999999680e+00 2.185131161575962558e-03
3.450000000000000178e+00 1.766781051707835967e-03
3.509999999999999787e+00 1.421819162359764036e-03
3.569999999999999840e+00 1.174956586397221583e-03
3.629999999999999893e+00 9.269764233201430821e-04
3.689999999999999503e+00 7.445613709614973350e-04
3.750000000000000000e+00 6.108234462574392348e-04
3.809999999999999609e+00 4.768371688612658196e-04
3.870000000000000107e+00 3.878027287379514102e-04
3.929999999999999716e+00 3.123035103349176031e-04
3.989999999999999769e+00 2.428889328887090678e-04
4.049999999999999822e+00 1.901139858142168531e-04
4.109999999999999432e+00 1.549720798799125460e-04
4.169999999999999929e+00 1.174708233705088839e-04
4.230000000000000426e+00 9.983778223032828110e-05
4.290000000000000036e+00 7.835527436235846608e-05
4.349999999999999645e+00 5.463759226535378399e-05
4.410000000000000142e+00 5.078812553756749236e-05
4.469999999999999751e+00 3.923972535420804824e-05
4.529999999999999361e+00 3.042320478411744529e-05
4.589999999999999858e+00 2.123415517585308717e-05
4.650000000000000355e+00 1.875062825470095692e-05
4.709999999999999964e+00 1.452863248874158604e-05
4.769999999999999574e+00 1.005828403066740161e-05
4.830000000000000071e+00 8.443991531918311456e-06
4.889999999999999680e+00 7.450580763457223374e-06
4.949999999999999289e+00 4.718701150189645135e-06
5.009999999999999787e+00 6.705522687111501121e-06
5.070000000000000284e+00 2.980232305382933903e-06
5.129999999999999893e+00 3.104408651440510092e-06
5.189999999999999503e+00 2.235174229037200216e-06
5.250000000000000000e+00 1.365939806633844600e-06
5.309999999999999609e+00 1.117587114518583591e-06
5.369999999999999218e+00 6.208817302881112299e-07
5.429999999999999716e+00 9.934107684609631447e-07
5.490000000000000213e+00 6.208817302881112299e-07
5.549999999999999822e+00 3.725290381728612322e-07
5.609999999999999432e+00 0.000000000000000000e+00
5.669999999999999929e+00 1.241763460576203931e-07
5.730000000000000426e+00 1.241763460576222195e-07
5.789999999999999147e+00 1.241763460576222195e-07
5.849999999999999645e+00 1.241763460576203931e-07
5.910000000000000142e+00 2.483526921152444390e-07
5.969999999999999751e+00 0.000000000000000000e+00
