2.999999999999999889e-02 9.607101623323087425e-02
8.999999999999999667e-02 1.620270335976337350e-01
1.499999999999999944e-01 2.415509309602419385e-01
2.099999999999999922e-01 3.233756918218089749e-01
2.700000000000000178e-01 4.039208154467863188e-01
3.299999999999999600e-01 4.802717588385705394e-01
3.900000000000000133e-01 5.494730008066645022e-01
4.499999999999999556e-01 6.111862849869275083e-01
5.100000000000000089e-01 6.629232415992498684e-01
5.700000000000000622e-01 7.042596842486619213e-01
6.299999999999998934e-01 7.345300277252505561e-01
6.899999999999999467e-01 7.542761775991737583e-01
7.500000000000000000e-01 7.627268745908165615e-01
8.100000000000000533e-01 7.618324323768289608e-01
8.699999999999998845e-01 7.517458362144114892e-01
9.299999999999999378e-01 7.336441536790744289e-01
9.899999999999999911e-01 7.076668348064044656e-01
1.050000000000000044e+00 6.776546539513460532e-01
1.109999999999999876e+00 6.429635084116999133e-01
1.169999999999999929e+00 6.046595762867660317e-01
1.229999999999999982e+00 5.644590988426267941e-01
1.290000000000000036e+00 5.228867211374663704e-01
1.349999999999999867e+00 4.811301899124705850e-01
1.409999999999999920e+00 4.398550903775552690e-01
1.469999999999999973e+00 3.999449372283356841e-01
1.530000000000000027e+00 3.608112587652291814e-01
1.589999999999999858e+00 3.247602580700365560e-01
1.649999999999999911e+00 2.901037577306788129e-01
1.709999999999999964e+00 2.583603102717841327e-01
1.770000000000000018e+00 2.283457700661691014e-01
1.829999999999999849e+00 2.011137734022800383e-01
1.889999999999999902e+00 1.763564871205361151e-01
1.949999999999999956e+00 1.539807789620871725e-01
2.009999999999999787e+00 1.341735343263575353e-01
2.070000000000000284e+00 1.159610864911637673e-01
2.129999999999999893e+00 9.974638769646060332e-02
2.189999999999999947e+00 8.584236233198246080e-02
2.250000000000000000e+00 7.349401821932216583e-02
2.309999999999999609e+00 6.274531378465857123e-02
2.370000000000000107e+00 5.338738441547822428e-02
2.429999999999999716e+00 4.514219927502965274e-02
2.490000000000000213e+00 3.828667161295815080e-02
2.549999999999999822e+00 3.219706364766352497e-02
2.609999999999999876e+00 2.701232870934914057e-02
2.669999999999999929e+00 2.265026205753675401e-02
2.729999999999999538e+00 1.897104112760782113e-02
2.790000000000000036e+00 1.564187331460722627e-02
2.849999999999999645e+00 1.310966928466660540e-02
2.910000000000000142e+00 1.079688485657499634e-02
2.969999999999999751e+00 8.991112445659119740e-03
3.030000000000000249e+00 7.368872672848983396e-03
3.089999999999999858e+00 6.088862907223838161e-03
3.149999999999999911e+00 5.001823181934535872e-03
3.209999999999999964e+00 4.034489453352827111e-03
3.269999999999999574e+00 3.281608272814871049e-03
3.330000000000000071e+00 2.687300285011035277e-03
3.389999999999999680e+00 2.186993790472452608e-03
3.450000000000000178e+00 1.761193103013331462e-03
3.509999999999999787e+00 1.448020360589329395e-03
3.569999999999999840e+00 1.131867385882157117e-03
3.629999999999999893e+00 9.393940509268740172e-04
3.689999999999999503e+00 7.500251245999100093e-04
3.750000000000000000e+00 6.106992653613174758e-04
3.809999999999999609e+00 4.890064471315306400e-04
3.870000000000000107e+00 3.865609623972714529e-04
3.929999999999999716e+00 3.037353401939370582e-04
3.989999999999999769e+00 2.422680493533833240e-04
4.049999999999999822e+00 2.020349135304709391e-04
4.109999999999999432e+00 1.455346764952154023e-04
4.169999999999999929e+00 1.322478075660427608e-04
4.230000000000000426e+00 9.437402230065162893e-05
4.290000000000000036e+00 8.493662007058519752e-05
4.349999999999999645e+00 5.935629297330457800e-05
4.410000000000000142e+00 4.743536384059068097e-05
4.469999999999999751e+00 3.489355298221409591e-05
4.529999999999999361e+00 2.744297227426842949e-05
4.589999999999999858e+00 2.371768192029499151e-05
4.650000000000000355e+00 2.086162598224930456e-05
4.709999999999999964e+00 1.601874852208405201e-05
4.769999999999999574e+00 1.067916568138952556e-05
4.830000000000000071e+00 7.078051672548871492e-06
4.889999999999999680e+00 7.574757053078504546e-06
4.949999999999999289e+00 4.221995734502835567e-06
5.009999999999999787e+00 4.346172079635207832e-06
5.070000000000000284e+00 3.973643044237963136e-06
5.129999999999999893e+00 2.359350557516255487e-06
5.189999999999999503e+00 1.862645176986545141e-06
5.250000000000000000e+00 1.614292486721672498e-06
5.309999999999999609e+00 1.117587106191910483e-06
5.369999999999999218e+00 4.967053805297453920e-07
5.429999999999999716e+00 7.450580707946071295e-07
5.490000000000000213e+00 2.483526902648726960e-07
5.549999999999999822e+00 3.725290353973035648e-07
5.609999999999999432e+00 2.483526902648726960e-07
5.669999999999999929e+00 3.725290353973035648e-07
5.730000000000000426e+00 0.000000000000000000e+00
5.789999999999999147e+00 2.483526902648726960e-07
5.849999999999999645e+00 3.725290353973035648e-07
5.910000000000000142e+00 0.000000000000000000e+00
5.969999999999999751e+00 0.000000000000000000e+00
