2.999999999999999889e-02 9.584066839894157808e-02
8.999999999999999667e-02 1.616233350954205117e-01
1.499999999999999944e-01 2.412804730828638500e-01
2.099999999999999922e-01 3.234467182813589026e-01
2.700000000000000178e-01 4.031688004968225769e-01
3.299999999999999600e-01 4.799429363008061999e-01
3.900000000000000133e-01 5.497476747861580471e-01
4.499999999999999556e-01 6.109220331727617248e-01
5.100000000000000089e-01 6.629016299761947284e-01
5.700000000000000622e-01 7.042218052165351017e-01
6.299999999999998934e-01 7.342505013017649462e-01
6.899999999999999467e-01 7.537646896175885791e-01
7.500000000000000000e-01 7.631098287535936775e-01
8.100000000000000533e-01 7.623832729636383920e-01
8.699999999999998845e-01 7.521491553794537044e-01
9.299999999999999378e-01 7.345007166353412220e-01
9.899999999999999911e-01 7.084271612894565973e-01
1.050000000000000044e+00 6.778609058101536800e-01
1.109999999999999876e+00 6.432165750107429192e-01
1.169999999999999929e+00 6.048742726808353787e-01
1.229999999999999982e+00 5.644992035962576038e-01
1.290000000000000036e+00 5.229309240201943654e-01
1.349999999999999867e+00 4.815725024658375486e-01
1.409999999999999920e+00 4.400325350962515647e-01
1.469999999999999973e+00 3.999495287732492965e-01
1.530000000000000027e+00 3.614209619270333240e-01
1.589999999999999858e+00 3.246715937406201014e-01
1.649999999999999911e+00 2.900845082358852745e-01
1.709999999999999964e+00 2.579885243722933041e-01
1.770000000000000018e+00 2.280697243516877915e-01
1.829999999999999849e+00 2.009344612628303772e-01
1.889999999999999902e+00 1.759946359395579418e-01
1.949999999999999956e+00 1.539904635696891233e-01
2.009999999999999787e+00 1.336624234939297606e-01
2.070000000000000284e+00 1.158210147109205584e-01
2.129999999999999893e+00 9.999908581375385741e-02
2.189999999999999947e+00 8.580374284935855800e-02
2.250000000000000000e+00 7.345788235558474433e-02
2.309999999999999609e+00 6.267353939021774734e-02
2.370000000000000107e+00 5.332293649506765487e-02
2.429999999999999716e+00 4.518044525270988737e-02
2.490000000000000213e+00 3.821626334053470492e-02
2.549999999999999822e+00 3.212429607007125099e-02
2.609999999999999876e+00 2.701828897261355708e-02
2.669999999999999929e+00 2.263250467155751219e-02
2.729999999999999538e+00 1.890882863781471676e-02
2.790000000000000036e+00 1.572047682394937806e-02
2.849999999999999645e+00 1.302349080411212626e-02
2.910000000000000142e+00 1.075391976103622603e-02
2.969999999999999751e+00 8.954356180784765751e-03
3.030000000000000249e+00 7.330005422209733869e-03
3.089999999999999858e+00 6.010631765007708009e-03
3.149999999999999911e+00 4.990026391968359516e-03
3.209999999999999964e+00 4.054605991055112296e-03
3.269999999999999574e+00 3.323828205395448938e-03
3.330000000000000071e+00 2.666935344539098692e-03
3.389999999999999680e+00 2.211208161298492889e-03
3.450000000000000178e+00 1.792858057664269015e-03
3.509999999999999787e+00 1.460437984221461902e-03
3.569999999999999840e+00 1.155833411881087387e-03
3.629999999999999893e+00 9.261071750976670666e-04
3.689999999999999503e+00 7.433195964245958983e-04
3.750000000000000000e+00 6.087124393039372713e-04
3.809999999999999609e+00 4.810591574588847334e-04
3.870000000000000107e+00 3.843257853214373599e-04
3.929999999999999716e+00 3.053496304056266871e-04
3.989999999999999769e+00 2.462416905629776940e-04
4.049999999999999822e+00 1.968195055684890784e-04
4.109999999999999432e+00 1.533577850959543280e-04
4.169999999999999929e+00 1.257906366819428715e-04
4.230000000000000426e+00 9.499490331854661021e-05
4.290000000000000036e+00 7.450580652434917015e-05
4.349999999999999645e+00 6.171564307100348558e-05
4.410000000000000142e+00 4.904965596186393258e-05
4.469999999999999751e+00 3.725290326217458507e-05
4.529999999999999361e+00 3.017485164236186290e-05
4.589999999999999858e+00 2.371768174358449116e-05
4.650000000000000355e+00 1.812974625425857174e-05
4.709999999999999964e+00 1.378357420700459831e-05
4.769999999999999574e+00 1.067916560182353987e-05
4.830000000000000071e+00 9.064873127129285870e-06
4.889999999999999680e+00 6.581346242984177555e-06
4.949999999999999289e+00 5.463759145119021284e-06
5.009999999999999787e+00 4.842877424082696771e-06
5.070000000000000284e+00 2.731879572559510642e-06
5.129999999999999893e+00 2.483526884144972790e-06
5.189999999999999503e+00 1.986821507316007624e-06
5.250000000000000000e+00 1.986821507316007624e-06
5.309999999999999609e+00 9.934107536579892007e-07
5.369999999999999218e+00 8.692344094507533090e-07
5.429999999999999716e+00 4.967053768289946003e-07
5.490000000000000213e+00 4.967053768290019060e-07
5.549999999999999822e+00 4.967053768289946003e-07
5.609999999999999432e+00 0.000000000000000000e+00
5.669999999999999929e+00 1.241763442072486501e-07
5.730000000000000426e+00 2.483526884145009530e-07
5.789999999999999147e+00 1.241763442072504765e-07
5.849999999999999645e+00 0.000000000000000000e+00
5.910000000000000142e+00 0.000000000000000000e+00
5.969999999999999751e+00 0.000000000000000000e+00
