2.999999999999999889e-02 9.610280466156306822e-02
8.999999999999999667e-02 1.619556309925191118e-01
1.499999999999999944e-01 2.410616743643706483e-01
2.099999999999999922e-01 3.232398404919096246e-01
2.700000000000000178e-01 4.038836837104237132e-01
3.299999999999999600e-01 4.799538638190964934e-01
3.900000000000000133e-01 5.495949378827831300e-01
4.499999999999999556e-01 6.111419494783527639e-01
5.100000000000000089e-01 6.630286623763187448e-01
5.700000000000000622e-01 7.038203430957131745e-01
6.299999999999998934e-01 7.344992265192120673e-01
6.899999999999999467e-01 7.541385845899967189e-01
7.500000000000000000e-01 7.629826721771253428e-01
8.100000000000000533e-01 7.618246035910499758e-01
8.699999999999998845e-01 7.521811928762591748e-01
9.299999999999999378e-01 7.336741988882976573e-01
9.899999999999999911e-01 7.081945789967564187e-01
1.050000000000000044e+00 6.780818155264983771e-01
1.109999999999999876e+00 6.431840408085605088e-01
1.169999999999999929e+00 6.044251268438378677e-01
1.229999999999999982e+00 5.645579390070677439e-01
1.290000000000000036e+00 5.230765828719494692e-01
1.349999999999999867e+00 4.811330423836880921e-01
1.409999999999999920e+00 4.398929608853626716e-01
1.469999999999999973e+00 4.000362038615059568e-01
1.530000000000000027e+00 3.613628473979443312e-01
1.589999999999999858e+00 3.246478760588764612e-01
1.649999999999999911e+00 2.901711833241419347e-01
1.709999999999999964e+00 2.580973028498188548e-01
1.770000000000000018e+00 2.282219645496858795e-01
1.829999999999999849e+00 2.011274313017284432e-01
1.889999999999999902e+00 1.762580139656215183e-01
1.949999999999999956e+00 1.540155471912190155e-01
2.009999999999999787e+00 1.337454974682044107e-01
2.070000000000000284e+00 1.159429558809320776e-01
2.129999999999999893e+00 9.985591048888289856e-02
2.189999999999999947e+00 8.582795723647897168e-02
2.250000000000000000e+00 7.349476272981429747e-02
2.309999999999999609e+00 6.271178570423359411e-02
2.370000000000000107e+00 5.334181129938715682e-02
2.429999999999999716e+00 4.518330130862664717e-02
2.490000000000000213e+00 3.826307782230083804e-02
2.549999999999999822e+00 3.210951908511059522e-02
2.609999999999999876e+00 2.700202187152240738e-02
2.669999999999999929e+00 2.251205361767648003e-02
2.729999999999999538e+00 1.893974854752232193e-02
2.790000000000000036e+00 1.573686810138473502e-02
2.849999999999999645e+00 1.301889627937645802e-02
2.910000000000000142e+00 1.083662120627825430e-02
2.969999999999999751e+00 8.943180309806113282e-03
3.030000000000000249e+00 7.390106772806042702e-03
3.089999999999999858e+00 6.047760491925674789e-03
3.149999999999999911e+00 4.939859148908630655e-03
3.209999999999999964e+00 4.045541117927983939e-03
3.269999999999999574e+00 3.311534747318931222e-03
3.330000000000000071e+00 2.685189267137564392e-03
3.389999999999999680e+00 2.162034328992422025e-03
3.450000000000000178e+00 1.780316246899336799e-03
3.509999999999999787e+00 1.455346754108964883e-03
3.569999999999999840e+00 1.168002693613397853e-03
3.629999999999999893e+00 9.201467105757190831e-04
3.689999999999999503e+00 7.619460480556832383e-04
3.750000000000000000e+00 5.981574500463210506e-04
3.809999999999999609e+00 4.932284391911951997e-04
3.870000000000000107e+00 3.927697767275303365e-04
3.929999999999999716e+00 3.108133895507456178e-04
3.989999999999999769e+00 2.510845679870604306e-04
4.049999999999999822e+00 1.968195055684890784e-04
4.109999999999999432e+00 1.555929592916848489e-04
4.169999999999999929e+00 1.241763442072486531e-04
4.230000000000000426e+00 1.003344861194583861e-04
4.290000000000000036e+00 6.842116565819400477e-05
4.349999999999999645e+00 6.121893769417448695e-05
4.410000000000000142e+00 4.619360004509717016e-05
4.469999999999999751e+00 3.625949250851660138e-05
4.529999999999999361e+00 2.843638282346035756e-05
4.589999999999999858e+00 2.284844733413374696e-05
4.650000000000000355e+00 1.688798281218606502e-05
4.709999999999999964e+00 1.477698496066258708e-05
4.769999999999999574e+00 1.167257635548154559e-05
4.830000000000000071e+00 7.947286029264030496e-06
4.889999999999999680e+00 5.836288177740686395e-06
4.949999999999999289e+00 5.091230112497269775e-06
5.009999999999999787e+00 3.476937637802961991e-06
5.070000000000000284e+00 2.483526884145009636e-06
5.129999999999999893e+00 2.980232260973967179e-06
5.189999999999999503e+00 1.614292474694256115e-06
5.250000000000000000e+00 1.365939786279755321e-06
5.309999999999999609e+00 9.934107536579892007e-07
5.369999999999999218e+00 6.208817210362524090e-07
5.429999999999999716e+00 4.967053768289946003e-07
5.490000000000000213e+00 4.967053768290019060e-07
5.549999999999999822e+00 3.725290326217458973e-07
5.609999999999999432e+00 3.725290326217514030e-07
5.669999999999999929e+00 3.725290326217458973e-07
5.730000000000000426e+00 1.241763442072504765e-07
5.789999999999999147e+00 0.000000000000000000e+00
5.849999999999999645e+00 0.000000000000000000e+00
5.910000000000000142e+00 2.483526884145009530e-07
5.969999999999999751e+00 0.000000000000000000e+00
