2.999999999999999889e-02 9.627801676591238311e-02
8.999999999999999667e-02 1.619902749856313162e-01
1.499999999999999944e-01 2.416633069515228271e-01
2.099999999999999922e-01 3.235181172688802453e-01
2.700000000000000178e-01 4.036996513605117798e-01
3.299999999999999600e-01 4.799701273441314697e-01
3.900000000000000133e-01 5.496265987555186694e-01
4.499999999999999556e-01 6.110011289517085498e-01
5.100000000000000089e-01 6.628508369127903421e-01
5.700000000000000622e-01 7.044269392887757553e-01
6.299999999999998934e-01 7.344911495844530513e-01
6.899999999999999467e-01 7.537708928187681900e-01
7.500000000000000000e-01 7.631109406550719010e-01
8.100000000000000533e-01 7.618937641382225179e-01
8.699999999999998845e-01 7.519539445638664388e-01
9.299999999999999378e-01 7.331142822901400846e-01
9.899999999999999911e-01 7.079642266035073295e-01
1.050000000000000044e+00 6.775834908088042008e-01
1.109999999999999876e+00 6.430902828772880886e-01
1.169999999999999929e+00 6.048686802387231998e-01
1.229999999999999982e+00 5.637556314468378238e-01
1.290000000000000036e+00 5.229846884806965690e-01
1.349999999999999867e+00 4.813642551501587930e-01
1.409999999999999920e+00 4.403496781984961306e-01
1.469999999999999973e+00 3.998527924219763552e-01
1.530000000000000027e+00 3.615617752075191982e-01
1.589999999999999858e+00 3.242348631223052058e-01
1.649999999999999911e+00 2.901914219061531020e-01
1.709999999999999964e+00 2.583177139361697017e-01
1.770000000000000018e+00 2.285752445459372229e-01
1.829999999999999849e+00 2.008950958649315666e-01
1.889999999999999902e+00 1.761866112550098118e-01
1.949999999999999956e+00 1.537403712670006861e-01
2.009999999999999787e+00 1.339321335156757331e-01
2.070000000000000284e+00 1.159533858299254400e-01
2.129999999999999893e+00 1.000343511501947114e-01
2.189999999999999947e+00 8.571756382783310424e-02
2.250000000000000000e+00 7.352406779925022007e-02
2.309999999999999609e+00 6.282354394594823199e-02
2.370000000000000107e+00 5.332243939240768893e-02
2.429999999999999716e+00 4.519112408161159167e-02
2.490000000000000213e+00 3.823166092236833513e-02
2.549999999999999822e+00 3.219259281953173318e-02
2.609999999999999876e+00 2.697333693504351190e-02
2.669999999999999929e+00 2.267037828763324159e-02
2.729999999999999538e+00 1.883308092753090829e-02
2.790000000000000036e+00 1.576642195383706410e-02
2.849999999999999645e+00 1.307316124439238288e-02
2.910000000000000142e+00 1.080830891927082350e-02
2.969999999999999751e+00 8.940448363622021527e-03
3.030000000000000249e+00 7.389858365058891987e-03
3.089999999999999858e+00 6.059308846791579793e-03
3.149999999999999911e+00 4.991516470909150745e-03
3.209999999999999964e+00 4.104028145472204611e-03
3.269999999999999574e+00 3.343075513839718644e-03
3.330000000000000071e+00 2.673144141832985154e-03
3.389999999999999680e+00 2.164145310719805919e-03
3.450000000000000178e+00 1.798942685127256783e-03
3.509999999999999787e+00 1.447771986325580495e-03
3.569999999999999840e+00 1.163656512896227551e-03
3.629999999999999893e+00 9.525567293167105584e-04
3.689999999999999503e+00 7.609526316324862925e-04
3.750000000000000000e+00 5.964189767837518993e-04
3.809999999999999609e+00 4.839152097702022030e-04
3.870000000000000107e+00 3.941357135772701826e-04
3.929999999999999716e+00 3.145386775334673216e-04
3.989999999999999769e+00 2.395361661911026463e-04
4.049999999999999822e+00 2.038975556691470644e-04
4.109999999999999432e+00 1.480182011922210098e-04
4.169999999999999929e+00 1.115103562672923682e-04
4.230000000000000426e+00 9.412566820780497636e-05
4.290000000000000036e+00 7.872780164082779548e-05
4.349999999999999645e+00 6.444752216339153341e-05
4.410000000000000142e+00 5.128482977549268681e-05
4.469999999999999751e+00 3.886719544728564705e-05
4.529999999999999361e+00 2.632538477579769658e-05
4.589999999999999858e+00 2.396603425343811616e-05
4.650000000000000355e+00 1.812974611918143482e-05
4.709999999999999964e+00 1.750886440277085040e-05
4.769999999999999574e+00 9.313225746154846143e-06
4.830000000000000071e+00 7.823109626770070353e-06
4.889999999999999680e+00 8.195638656616143175e-06
4.949999999999999289e+00 5.215406417846713569e-06
5.009999999999999787e+00 5.091230074564573816e-06
5.070000000000000284e+00 2.731879552205421575e-06
5.129999999999999893e+00 2.235174179077129803e-06
5.189999999999999503e+00 8.692344029744522615e-07
5.250000000000000000e+00 1.490116119384775366e-06
5.309999999999999609e+00 1.117587089538564901e-06
5.369999999999999218e+00 3.725290298461938415e-07
5.429999999999999716e+00 4.967053731282511143e-07
5.490000000000000213e+00 8.692344029744522615e-07
5.549999999999999822e+00 7.450580596923766715e-07
5.609999999999999432e+00 1.241763432820646050e-07
5.669999999999999929e+00 2.483526865641255572e-07
5.730000000000000426e+00 2.483526865641292100e-07
5.789999999999999147e+00 0.000000000000000000e+00
5.849999999999999645e+00 3.725290298461883358e-07
5.910000000000000142e+00 0.000000000000000000e+00
5.969999999999999751e+00 0.000000000000000000e+00
