2.999999999999999889e-02 9.596012604206893837e-02
8.999999999999999667e-02 1.616970958438796180e-01
1.499999999999999944e-01 2.415575105067901962e-01
2.099999999999999922e-01 3.231494401133267469e-01
2.700000000000000178e-01 4.036384354306144506e-01
3.299999999999999600e-01 4.797101056554176068e-01
3.900000000000000133e-01 5.493386379083393667e-01
4.499999999999999556e-01 6.108640428200169392e-01
5.100000000000000089e-01 6.627949624965207009e-01
5.700000000000000622e-01 7.037929001236432613e-01
6.299999999999998934e-01 7.349672471605291912e-01
6.899999999999999467e-01 7.541462835233374573e-01
7.500000000000000000e-01 7.634164201474413769e-01
8.100000000000000533e-01 7.616293983779561794e-01
8.699999999999998845e-01 7.523085978054158129e-01
9.299999999999999378e-01 7.344254657707516287e-01
9.899999999999999911e-01 7.084392063948445895e-01
1.050000000000000044e+00 6.779069752338545696e-01
1.109999999999999876e+00 6.434927432002598424e-01
1.169999999999999929e+00 6.045101876396197227e-01
1.229999999999999982e+00 5.645363323231756825e-01
1.290000000000000036e+00 5.226783493360768196e-01
1.349999999999999867e+00 4.813388025860394492e-01
1.409999999999999920e+00 4.400755001113473286e-01
1.469999999999999973e+00 3.999787102141380002e-01
1.530000000000000027e+00 3.616672036175963001e-01
1.589999999999999858e+00 3.248418395085282406e-01
1.649999999999999911e+00 2.898966294270997057e-01
1.709999999999999964e+00 2.577833850516628722e-01
1.770000000000000018e+00 2.280887233323515007e-01
1.829999999999999849e+00 2.009548261832803662e-01
1.889999999999999902e+00 1.762628568430456011e-01
1.949999999999999956e+00 1.537383855909484343e-01
2.009999999999999787e+00 1.338952541393183537e-01
2.070000000000000284e+00 1.156461744182767509e-01
2.129999999999999893e+00 9.996034279436119552e-02
2.189999999999999947e+00 8.578002516761495944e-02
2.250000000000000000e+00 7.357212459225542789e-02
2.309999999999999609e+00 6.270110653863175676e-02
2.370000000000000107e+00 5.330443421978076773e-02
2.429999999999999716e+00 4.507626129992000491e-02
2.490000000000000213e+00 3.821117211042221462e-02
2.549999999999999822e+00 3.218775018196116250e-02
2.609999999999999876e+00 2.705417593608945223e-02
2.669999999999999929e+00 2.254359440910511797e-02
2.729999999999999538e+00 1.886859550229156787e-02
2.790000000000000036e+00 1.575338355516430269e-02
2.849999999999999645e+00 1.308011521707063210e-02
2.910000000000000142e+00 1.077863085353346871e-02
2.969999999999999751e+00 8.890902068894861177e-03
3.030000000000000249e+00 7.421026682513647867e-03
3.089999999999999858e+00 6.036460444602815070e-03
3.149999999999999911e+00 4.984935161855863148e-03
3.209999999999999964e+00 4.060318102888645780e-03
3.269999999999999574e+00 3.310913865597894974e-03
3.330000000000000071e+00 2.714619060714682126e-03
3.389999999999999680e+00 2.216671920443611873e-03
3.450000000000000178e+00 1.770382139362756827e-03
3.509999999999999787e+00 1.428524663760198958e-03
3.569999999999999840e+00 1.188119261374972514e-03
3.629999999999999893e+00 9.295841127354701654e-04
3.689999999999999503e+00 7.485350028813003839e-04
3.750000000000000000e+00 6.010135059630879011e-04
3.809999999999999609e+00 4.811833338030920373e-04
3.870000000000000107e+00 3.981093595284420717e-04
3.929999999999999716e+00 3.173947357937298495e-04
3.989999999999999769e+00 2.428889292693818991e-04
4.049999999999999822e+00 1.873821034087381858e-04
4.109999999999999432e+00 1.573314281105863441e-04
4.169999999999999929e+00 1.224378753883471579e-04
4.230000000000000426e+00 9.934107536580037527e-05
4.290000000000000036e+00 7.487833555697091911e-05
4.349999999999999645e+00 6.084640866155273121e-05
4.410000000000000142e+00 4.904965596186393258e-05
4.469999999999999751e+00 3.861884304845432451e-05
4.529999999999999361e+00 3.141661508443437302e-05
4.589999999999999858e+00 2.247591830151200138e-05
4.650000000000000355e+00 1.850227528688032071e-05
4.709999999999999964e+00 1.254181076493211191e-05
4.769999999999999574e+00 9.561578503958286188e-06
4.830000000000000071e+00 8.071462373471280152e-06
4.889999999999999680e+00 5.836288177740686395e-06
4.949999999999999289e+00 5.836288177740772793e-06
5.009999999999999787e+00 5.339582800911691160e-06
5.070000000000000284e+00 3.973643014632015248e-06
5.129999999999999893e+00 3.601113982010210376e-06
5.189999999999999503e+00 1.614292474694256115e-06
5.250000000000000000e+00 1.986821507316007624e-06
5.309999999999999609e+00 7.450580652434917946e-07
5.369999999999999218e+00 3.725290326217514030e-07
5.429999999999999716e+00 6.208817210362431975e-07
5.490000000000000213e+00 6.208817210362524090e-07
5.549999999999999822e+00 3.725290326217458973e-07
5.609999999999999432e+00 4.967053768290019060e-07
5.669999999999999929e+00 0.000000000000000000e+00
5.730000000000000426e+00 1.241763442072504765e-07
5.789999999999999147e+00 3.725290326217514030e-07
5.849999999999999645e+00 1.241763442072486501e-07
5.910000000000000142e+00 0.000000000000000000e+00
5.969999999999999751e+00 1.241763442072486501e-07
