2.999999999999999889e-02 9.599663388726586977e-02
8.999999999999999667e-02 1.617712291213713460e-01
1.499999999999999944e-01 2.413829185668348309e-01
2.099999999999999922e-01 3.232974583156217330e-01
2.700000000000000178e-01 4.035459240541800496e-01
3.299999999999999600e-01 4.801287041117403009e-01
3.900000000000000133e-01 5.496061137537617824e-01
4.499999999999999556e-01 6.107797270823002167e-01
5.100000000000000089e-01 6.625237613607720677e-01
5.700000000000000622e-01 7.038079254612923386e-01
6.299999999999998934e-01 7.351089323692695521e-01
6.899999999999999467e-01 7.546406295496265182e-01
7.500000000000000000e-01 7.630322185384640354e-01
8.100000000000000533e-01 7.625766155315690797e-01
8.699999999999998845e-01 7.521248168159890835e-01
9.299999999999999378e-01 7.336563174947318133e-01
9.899999999999999911e-01 7.082882079602886849e-01
1.050000000000000044e+00 6.777517548035955075e-01
1.109999999999999876e+00 6.426385341284581720e-01
1.169999999999999929e+00 6.049520070723091170e-01
1.229999999999999982e+00 5.645365806758640970e-01
1.290000000000000036e+00 5.228361774695643449e-01
1.349999999999999867e+00 4.811914052654654994e-01
1.409999999999999920e+00 4.396145575216499624e-01
1.469999999999999973e+00 3.996645440632936586e-01
1.530000000000000027e+00 3.613208757936023363e-01
1.589999999999999858e+00 3.245374832888762717e-01
1.649999999999999911e+00 2.901269765456041538e-01
1.709999999999999964e+00 2.582478045789980414e-01
1.770000000000000018e+00 2.284159279993376312e-01
1.829999999999999849e+00 2.010071044241916183e-01
1.889999999999999902e+00 1.762801173548904365e-01
1.949999999999999956e+00 1.542275162107807907e-01
2.009999999999999787e+00 1.337107280918263807e-01
2.070000000000000284e+00 1.157805332227089951e-01
2.129999999999999893e+00 9.990632608463104192e-02
2.189999999999999947e+00 8.585279250532042161e-02
2.250000000000000000e+00 7.352245405457252803e-02
2.309999999999999609e+00 6.265888658160130575e-02
2.370000000000000107e+00 5.333349148432526415e-02
2.429999999999999716e+00 4.524936312374491093e-02
2.490000000000000213e+00 3.811046509527012821e-02
2.549999999999999822e+00 3.213708623352460464e-02
2.609999999999999876e+00 2.700686474894649011e-02
2.669999999999999929e+00 2.265125529953280342e-02
2.729999999999999538e+00 1.890659346361898627e-02
2.790000000000000036e+00 1.575772972721155296e-02
2.849999999999999645e+00 1.301032811162615779e-02
2.910000000000000142e+00 1.081290352453466962e-02
2.969999999999999751e+00 8.948768245295439516e-03
3.030000000000000249e+00 7.339939529746312974e-03
3.089999999999999858e+00 6.063903416672617244e-03
3.149999999999999911e+00 5.007535256501582585e-03
3.209999999999999964e+00 4.051004877073102056e-03
3.269999999999999574e+00 3.324573263460692436e-03
3.330000000000000071e+00 2.720579525236630110e-03
3.389999999999999680e+00 2.149492518227489810e-03
3.450000000000000178e+00 1.776963485605741059e-03
3.509999999999999787e+00 1.419211437944655234e-03
3.569999999999999840e+00 1.156826822634745384e-03
3.629999999999999893e+00 9.503215622180807495e-04
3.689999999999999503e+00 7.706383921501907142e-04
3.750000000000000000e+00 6.095816737133881273e-04
3.809999999999999609e+00 4.865229166040037183e-04
3.870000000000000107e+00 3.971159487747840202e-04
3.929999999999999716e+00 3.130485637464761116e-04
3.989999999999999769e+00 2.356867013053613920e-04
4.049999999999999822e+00 1.916040991117846470e-04
4.109999999999999432e+00 1.570830754221718448e-04
4.169999999999999929e+00 1.215686409788964103e-04
4.230000000000000426e+00 9.449819794171761158e-05
4.290000000000000036e+00 7.612009899904341567e-05
4.349999999999999645e+00 5.699694199112796477e-05
4.410000000000000142e+00 5.116065381338719706e-05
4.469999999999999751e+00 3.986060649052680752e-05
4.529999999999999361e+00 2.719461938138785083e-05
4.589999999999999858e+00 2.483526884144972790e-05
4.650000000000000355e+00 1.651545377956431266e-05
4.709999999999999964e+00 1.092751829023787994e-05
4.769999999999999574e+00 1.142422366706704289e-05
4.830000000000000071e+00 8.195638717678531502e-06
4.889999999999999680e+00 7.823109685056663950e-06
4.949999999999999289e+00 5.712111833533521443e-06
5.009999999999999787e+00 2.980232260973967179e-06
5.070000000000000284e+00 3.849466670424764745e-06
5.129999999999999893e+00 1.986821507315978401e-06
5.189999999999999503e+00 1.986821507316007624e-06
5.250000000000000000e+00 1.614292474694256115e-06
5.309999999999999609e+00 1.490116130486983589e-06
5.369999999999999218e+00 1.117587097865254103e-06
5.429999999999999716e+00 3.725290326217458973e-07
5.490000000000000213e+00 6.208817210362524090e-07
5.549999999999999822e+00 3.725290326217458973e-07
5.609999999999999432e+00 6.208817210362524090e-07
5.669999999999999929e+00 6.208817210362431975e-07
5.730000000000000426e+00 1.241763442072504765e-07
5.789999999999999147e+00 0.000000000000000000e+00
5.849999999999999645e+00 1.241763442072486501e-07
5.910000000000000142e+00 2.483526884145009530e-07
5.969999999999999751e+00 0.000000000000000000e+00
