2.999999999999999889e-02 9.618438923633679249e-02
8.999999999999999667e-02 1.617313697198734246e-01
1.499999999999999944e-01 2.413778291351273142e-01
2.099999999999999922e-01 3.232713836918977290e-01
2.700000000000000178e-01 4.033496042591771524e-01
3.299999999999999600e-01 4.798414878026866504e-01
3.900000000000000133e-01 5.495472582610536616e-01
4.499999999999999556e-01 6.108998101587069796e-01
5.100000000000000089e-01 6.629051118528604958e-01
5.700000000000000622e-01 7.041622058177329224e-01
6.299999999999998934e-01 7.347256054688341420e-01
6.899999999999999467e-01 7.543455921761028637e-01
7.500000000000000000e-01 7.629070544676037624e-01
8.100000000000000533e-01 7.623647763684117118e-01
8.699999999999998845e-01 7.518338772431104600e-01
9.299999999999999378e-01 7.340836137644981552e-01
9.899999999999999911e-01 7.087186084496760463e-01
1.050000000000000044e+00 6.781062833185927952e-01
1.109999999999999876e+00 6.424697832634534977e-01
1.169999999999999929e+00 6.045832078345095839e-01
1.229999999999999982e+00 5.644605889587683833e-01
1.290000000000000036e+00 5.229608544155104344e-01
1.349999999999999867e+00 4.813098730838772377e-01
1.409999999999999920e+00 4.400085723401389592e-01
1.469999999999999973e+00 3.997856189775307323e-01
1.530000000000000027e+00 3.612654958357235935e-01
1.589999999999999858e+00 3.247718064701338725e-01
1.649999999999999911e+00 2.900164617600506922e-01
1.709999999999999964e+00 2.580107538602362527e-01
1.770000000000000018e+00 2.282625719149303511e-01
1.829999999999999849e+00 2.008531272538470747e-01
1.889999999999999902e+00 1.763105418728370954e-01
1.949999999999999956e+00 1.537732802893708728e-01
2.009999999999999787e+00 1.338057239920752706e-01
2.070000000000000284e+00 1.157552021109341939e-01
2.129999999999999893e+00 9.998455792642463313e-02
2.189999999999999947e+00 8.583019305015947287e-02
2.250000000000000000e+00 7.350469738500356454e-02
2.309999999999999609e+00 6.283198887356099271e-02
2.370000000000000107e+00 5.336006561954909078e-02
2.429999999999999716e+00 4.515424438050748973e-02
2.490000000000000213e+00 3.829871671843600167e-02
2.549999999999999822e+00 3.214639969884949128e-02
2.609999999999999876e+00 2.711465001773826974e-02
2.669999999999999929e+00 2.258631123979354741e-02
2.729999999999999538e+00 1.893453328213888509e-02
2.790000000000000036e+00 1.577995741039449687e-02
2.849999999999999645e+00 1.312891661816213348e-02
2.910000000000000142e+00 1.084456857310585158e-02
2.969999999999999751e+00 8.927782509641577630e-03
3.030000000000000249e+00 7.299085566884554351e-03
3.089999999999999858e+00 6.019696682985072739e-03
3.149999999999999911e+00 4.952276820226694104e-03
3.209999999999999964e+00 4.071369827857160457e-03
3.269999999999999574e+00 3.303711662248444425e-03
3.330000000000000071e+00 2.680594762373883760e-03
3.389999999999999680e+00 2.184013558189274156e-03
3.450000000000000178e+00 1.762310690119523382e-03
3.509999999999999787e+00 1.424178502323901778e-03
3.569999999999999840e+00 1.177315928200629164e-03
3.629999999999999893e+00 9.468446316348201478e-04
3.689999999999999503e+00 7.528811805379560622e-04
3.750000000000000000e+00 6.099542072905228627e-04
3.809999999999999609e+00 4.816800427687170172e-04
3.870000000000000107e+00 3.778686182380010033e-04
3.929999999999999716e+00 2.928078218222827152e-04
3.989999999999999769e+00 2.335757051941127660e-04
4.049999999999999822e+00 2.009173264242790195e-04
4.109999999999999432e+00 1.482665560881290016e-04
4.169999999999999929e+00 1.247972268580966845e-04
4.230000000000000426e+00 9.213884808826777620e-05
4.290000000000000036e+00 7.438163073432826954e-05
4.349999999999999645e+00 5.823870586711265163e-05
4.410000000000000142e+00 4.246831003529322895e-05
4.469999999999999751e+00 3.563861105300870897e-05
4.529999999999999361e+00 2.868473572559279589e-05
4.589999999999999858e+00 2.433856364595716454e-05
4.650000000000000355e+00 1.788139369907083199e-05
4.709999999999999964e+00 1.539786679642187898e-05
4.769999999999999574e+00 1.142422375218414370e-05
4.830000000000000071e+00 8.195638778740799550e-06
4.889999999999999680e+00 6.581346292019028374e-06
4.949999999999999289e+00 4.718701115032581277e-06
5.009999999999999787e+00 3.601114008840600703e-06
5.070000000000000284e+00 2.731879592913599709e-06
5.129999999999999893e+00 1.862645176986517612e-06
5.189999999999999503e+00 2.110997867251417784e-06
5.250000000000000000e+00 1.614292486721672498e-06
5.309999999999999609e+00 4.967053805297380863e-07
5.369999999999999218e+00 8.692344159270543566e-07
5.429999999999999716e+00 8.692344159270415452e-07
5.490000000000000213e+00 6.208817256621818194e-07
5.549999999999999822e+00 4.967053805297380863e-07
5.609999999999999432e+00 2.483526902648726960e-07
5.669999999999999929e+00 0.000000000000000000e+00
5.730000000000000426e+00 0.000000000000000000e+00
5.789999999999999147e+00 0.000000000000000000e+00
5.849999999999999645e+00 0.000000000000000000e+00
5.910000000000000142e+00 0.000000000000000000e+00
5.969999999999999751e+00 0.000000000000000000e+00
