2.999999999999999889e-02 9.623902682819505949e-02
8.999999999999999667e-02 1.620267852449434887e-01
1.499999999999999944e-01 2.415693090593215298e-01
2.099999999999999922e-01 3.236083982925871960e-01
2.700000000000000178e-01 4.031837046620802001e-01
3.299999999999999600e-01 4.801796199904822537e-01
3.900000000000000133e-01 5.495789232290624327e-01
4.499999999999999556e-01 6.116415154681830169e-01
5.100000000000000089e-01 6.630364904260106496e-01
5.700000000000000622e-01 7.034008806457260343e-01
6.299999999999998934e-01 7.338254511429692650e-01
6.899999999999999467e-01 7.539744290805019400e-01
7.500000000000000000e-01 7.631537928653818748e-01
8.100000000000000533e-01 7.620660080820230720e-01
8.699999999999998845e-01 7.519440216612428562e-01
9.299999999999999378e-01 7.335882743237648329e-01
9.899999999999999911e-01 7.086395081178268329e-01
1.050000000000000044e+00 6.782951555395392296e-01
1.109999999999999876e+00 6.428185946169303611e-01
1.169999999999999929e+00 6.045984815249608735e-01
1.229999999999999982e+00 5.642338429525565191e-01
1.290000000000000036e+00 5.229308037399883480e-01
1.349999999999999867e+00 4.810887150131963885e-01
1.409999999999999920e+00 4.402414029872622758e-01
1.469999999999999973e+00 3.998378972188314506e-01
1.530000000000000027e+00 3.611094061698921220e-01
1.589999999999999858e+00 3.244405039813205716e-01
1.649999999999999911e+00 2.903004530613685907e-01
1.709999999999999964e+00 2.580037999849089103e-01
1.770000000000000018e+00 2.279400859466214346e-01
1.829999999999999849e+00 2.009635200246697728e-01
1.889999999999999902e+00 1.764970547432260506e-01
1.949999999999999956e+00 1.541397246838566992e-01
2.009999999999999787e+00 1.339707543547562774e-01
2.070000000000000284e+00 1.158988741422524171e-01
2.129999999999999893e+00 9.984212765855771110e-02
2.189999999999999947e+00 8.570564417599164930e-02
2.250000000000000000e+00 7.340982665732237455e-02
2.309999999999999609e+00 6.292698377758730588e-02
2.370000000000000107e+00 5.328357299094751282e-02
2.429999999999999716e+00 4.524675575763115881e-02
2.490000000000000213e+00 3.823054390495829458e-02
2.549999999999999822e+00 3.219644276593785354e-02
2.609999999999999876e+00 2.713749846524263903e-02
2.669999999999999929e+00 2.257016831492633310e-02
2.729999999999999538e+00 1.887281763860806927e-02
2.790000000000000036e+00 1.575760566827065848e-02
2.849999999999999645e+00 1.305925368854283716e-02
2.910000000000000142e+00 1.088505006161902440e-02
2.969999999999999751e+00 8.958205714199023173e-03
3.030000000000000249e+00 7.331868121999517325e-03
3.089999999999999858e+00 6.057073762869935249e-03
3.149999999999999911e+00 4.963204338598347851e-03
3.209999999999999964e+00 4.049514791113851229e-03
3.269999999999999574e+00 3.348539322841253500e-03
3.330000000000000071e+00 2.698476156072954473e-03
3.389999999999999680e+00 2.205744418587450226e-03
3.450000000000000178e+00 1.781930552650448337e-03
3.509999999999999787e+00 1.404186110757579950e-03
3.569999999999999840e+00 1.154219128005995942e-03
3.629999999999999893e+00 9.490798058472039870e-04
3.689999999999999503e+00 7.578482343432533380e-04
3.750000000000000000e+00 5.874782888215519631e-04
3.809999999999999609e+00 4.803141029722601905e-04
3.870000000000000107e+00 3.796070870698551366e-04
3.929999999999999716e+00 3.077089832381749764e-04
3.989999999999999769e+00 2.343207632649073791e-04
4.049999999999999822e+00 1.873821048048436935e-04
4.109999999999999432e+00 1.575797819730617190e-04
4.169999999999999929e+00 1.244246978226993779e-04
4.230000000000000426e+00 9.809931265462470777e-05
4.290000000000000036e+00 7.947286088475809382e-05
4.349999999999999645e+00 6.084640911489381089e-05
4.410000000000000142e+00 4.929800901757722717e-05
4.469999999999999751e+00 3.774960892026008779e-05
4.529999999999999361e+00 3.241002607956588490e-05
4.589999999999999858e+00 2.545615075214907396e-05
4.650000000000000355e+00 1.514951410615723440e-05
4.709999999999999964e+00 1.291433989377318855e-05
4.769999999999999574e+00 1.067916568138952556e-05
4.830000000000000071e+00 5.587935530959635210e-06
4.889999999999999680e+00 7.202228017681201405e-06
4.949999999999999289e+00 4.842877460165017069e-06
5.009999999999999787e+00 3.849466699105469746e-06
5.070000000000000284e+00 2.856055938046035925e-06
5.129999999999999893e+00 1.986821522118952345e-06
5.189999999999999503e+00 1.614292486721672498e-06
5.250000000000000000e+00 1.862645176986545141e-06
5.309999999999999609e+00 1.490116141589214259e-06
5.369999999999999218e+00 9.934107610594907840e-07
5.429999999999999716e+00 1.241763451324345216e-06
5.490000000000000213e+00 2.483526902648726960e-07
5.549999999999999822e+00 6.208817256621726079e-07
5.609999999999999432e+00 6.208817256621818194e-07
5.669999999999999929e+00 4.967053805297380863e-07
5.730000000000000426e+00 3.725290353973090705e-07
5.789999999999999147e+00 2.483526902648726960e-07
5.849999999999999645e+00 1.241763451324345216e-07
5.910000000000000142e+00 1.241763451324363480e-07
5.969999999999999751e+00 0.000000000000000000e+00
