2.999999999999999889e-02 9.601103834319392460e-02
8.999999999999999667e-02 1.615436138824394574e-01
1.499999999999999944e-01 2.411582835601639163e-01
2.099999999999999922e-01 3.224694504524478478e-01
2.700000000000000178e-01 4.039560785190965952e-01
3.299999999999999600e-01 4.795897787778807819e-01
3.900000000000000133e-01 5.496761492118946713e-01
4.499999999999999556e-01 6.111418253020085567e-01
5.100000000000000089e-01 6.630055655762961964e-01
5.700000000000000622e-01 7.041905127777948747e-01
6.299999999999998934e-01 7.342270319727097760e-01
6.899999999999999467e-01 7.546075986420675008e-01
7.500000000000000000e-01 7.633078900226041297e-01
8.100000000000000533e-01 7.620325989675971190e-01
8.699999999999998845e-01 7.520429846051565059e-01
9.299999999999999378e-01 7.338697766304240755e-01
9.899999999999999911e-01 7.091087652428101906e-01
1.050000000000000044e+00 6.785520713420112315e-01
1.109999999999999876e+00 6.429548112771540369e-01
1.169999999999999929e+00 6.046194628225221024e-01
1.229999999999999982e+00 5.640252224904186429e-01
1.290000000000000036e+00 5.223351259206880925e-01
1.349999999999999867e+00 4.812335010461517570e-01
1.409999999999999920e+00 4.401374641071066907e-01
1.469999999999999973e+00 4.002999544166021550e-01
1.530000000000000027e+00 3.613126801548846578e-01
1.589999999999999858e+00 3.248804583515766953e-01
1.649999999999999911e+00 2.901942801241644831e-01
1.709999999999999964e+00 2.579536308195710115e-01
1.770000000000000018e+00 2.282425778228242830e-01
1.829999999999999849e+00 2.009931966736404063e-01
1.889999999999999902e+00 1.765674614153860122e-01
1.949999999999999956e+00 1.537905396555154791e-01
2.009999999999999787e+00 1.336750894810389001e-01
2.070000000000000284e+00 1.158307004657687239e-01
2.129999999999999893e+00 9.996804172770204500e-02
2.189999999999999947e+00 8.579157356762623365e-02
2.250000000000000000e+00 7.352605516855452439e-02
2.309999999999999609e+00 6.274630672792319563e-02
2.370000000000000107e+00 5.338291366931975646e-02
2.429999999999999716e+00 4.516926938173123490e-02
2.490000000000000213e+00 3.811282444581007289e-02
2.549999999999999822e+00 3.214043899481820038e-02
2.609999999999999876e+00 2.685375531653894782e-02
2.669999999999999929e+00 2.259078141990387631e-02
2.729999999999999538e+00 1.877869182908552259e-02
2.790000000000000036e+00 1.573438457450059350e-02
2.849999999999999645e+00 1.303690184928650922e-02
2.910000000000000142e+00 1.086468506006909272e-02
2.969999999999999751e+00 8.909528520525948625e-03
3.030000000000000249e+00 7.360180273852095535e-03
3.089999999999999858e+00 6.023670281149468356e-03
3.149999999999999911e+00 4.937251445680278412e-03
3.209999999999999964e+00 4.066030214722180132e-03
3.269999999999999574e+00 3.284340127937543548e-03
3.330000000000000071e+00 2.680346389713481655e-03
3.389999999999999680e+00 2.166007972007054014e-03
3.450000000000000178e+00 1.770382139362756827e-03
3.509999999999999787e+00 1.428773016448613240e-03
3.569999999999999840e+00 1.163904874254558615e-03
3.629999999999999893e+00 9.607523751314897206e-04
3.689999999999999503e+00 7.654229856934862287e-04
3.750000000000000000e+00 6.041179145682690340e-04
3.809999999999999609e+00 4.825492735893717293e-04
3.870000000000000107e+00 3.756334412269298840e-04
3.929999999999999716e+00 2.992649895394713998e-04
3.989999999999999769e+00 2.473592776608429409e-04
4.049999999999999822e+00 1.899898066370904015e-04
4.109999999999999432e+00 1.473973205740063174e-04
4.169999999999999929e+00 1.276532818450515892e-04
4.230000000000000426e+00 9.859601730055687734e-05
4.290000000000000036e+00 6.991128178868098709e-05
4.349999999999999645e+00 6.109476134996722374e-05
4.410000000000000142e+00 4.172325165363615545e-05
4.469999999999999751e+00 3.625949250851660138e-05
4.529999999999999361e+00 2.843638282346035756e-05
4.589999999999999858e+00 2.421438712041348301e-05
4.650000000000000355e+00 1.999239141736732674e-05
4.709999999999999964e+00 1.353522151859010069e-05
4.769999999999999574e+00 1.018246022499453955e-05
4.830000000000000071e+00 8.692344094507533514e-06
4.889999999999999680e+00 6.829698931398674325e-06
4.949999999999999289e+00 4.221995703046516254e-06
5.009999999999999787e+00 4.346172047253702382e-06
5.070000000000000284e+00 3.352761293595762733e-06
5.129999999999999893e+00 3.228584949388464373e-06
5.189999999999999503e+00 2.110997851523258127e-06
5.250000000000000000e+00 1.241763442072504818e-06
5.309999999999999609e+00 1.241763442072486395e-06
5.369999999999999218e+00 1.490116130487005612e-06
5.429999999999999716e+00 6.208817210362431975e-07
5.490000000000000213e+00 1.241763442072504765e-07
5.549999999999999822e+00 1.241763442072486501e-07
5.609999999999999432e+00 1.241763442072504765e-07
5.669999999999999929e+00 0.000000000000000000e+00
5.730000000000000426e+00 2.483526884145009530e-07
5.789999999999999147e+00 1.241763442072504765e-07
5.849999999999999645e+00 0.000000000000000000e+00
5.910000000000000142e+00 0.000000000000000000e+00
5.969999999999999751e+00 2.483526884144973002e-07
