2.999999999999999889e-02 9.615235102290176084e-02
8.999999999999999667e-02 1.618007830912926714e-01
1.499999999999999944e-01 2.414828805239216669e-01
2.099999999999999922e-01 3.232315206768476834e-01
2.700000000000000178e-01 4.035891374219641725e-01
3.299999999999999600e-01 4.798106884942254791e-01
3.900000000000000133e-01 5.491210809532882653e-01
4.499999999999999556e-01 6.110193874266202085e-01
5.100000000000000089e-01 6.623198638035837638e-01
5.700000000000000622e-01 7.045901122534538041e-01
6.299999999999998934e-01 7.343000476631036388e-01
6.899999999999999467e-01 7.542456245987032570e-01
7.500000000000000000e-01 7.627908197253251421e-01
8.100000000000000533e-01 7.624977635529974762e-01
8.699999999999998845e-01 7.517620977145597072e-01
9.299999999999999378e-01 7.339642748283659035e-01
9.899999999999999911e-01 7.088964236942157937e-01
1.050000000000000044e+00 6.779719194618749611e-01
1.109999999999999876e+00 6.430242258535657784e-01
1.169999999999999929e+00 6.051730409649980214e-01
1.229999999999999982e+00 5.638357293891582689e-01
1.290000000000000036e+00 5.230971961450879837e-01
1.349999999999999867e+00 4.815167472872884935e-01
1.409999999999999920e+00 4.401637894920786831e-01
1.469999999999999973e+00 3.998275876032377774e-01
1.530000000000000027e+00 3.612330831182478108e-01
1.589999999999999858e+00 3.246795410266493098e-01
1.649999999999999911e+00 2.902117889886977053e-01
1.709999999999999964e+00 2.577725817097168415e-01
1.770000000000000018e+00 2.282916274787861466e-01
1.829999999999999849e+00 2.011289214178589302e-01
1.889999999999999902e+00 1.761895927999633515e-01
1.949999999999999956e+00 1.538708817502175419e-01
2.009999999999999787e+00 1.338948816102857320e-01
2.070000000000000284e+00 1.157589265388169336e-01
2.129999999999999893e+00 1.000086473922578156e-01
2.189999999999999947e+00 8.591177626881886520e-02
2.250000000000000000e+00 7.349699790401002797e-02
2.309999999999999609e+00 6.272991545048783868e-02
2.370000000000000107e+00 5.333672006927465958e-02
2.429999999999999716e+00 4.511637025909894655e-02
2.490000000000000213e+00 3.810450463074818023e-02
2.549999999999999822e+00 3.220352057767547627e-02
2.609999999999999876e+00 2.693397323489683456e-02
2.669999999999999929e+00 2.261710680487581324e-02
2.729999999999999538e+00 1.885630204421505016e-02
2.790000000000000036e+00 1.578703534444446388e-02
2.849999999999999645e+00 1.299344012881397011e-02
2.910000000000000142e+00 1.087163893534469870e-02
2.969999999999999751e+00 8.929272559254901320e-03
3.030000000000000249e+00 7.378434196450561235e-03
3.089999999999999858e+00 6.030748332769281586e-03
3.149999999999999911e+00 4.947061376872652003e-03
3.209999999999999964e+00 4.032005896409392859e-03
3.269999999999999574e+00 3.309672102155822478e-03
3.330000000000000071e+00 2.680967271434517903e-03
3.389999999999999680e+00 2.138440823593044590e-03
3.450000000000000178e+00 1.791119588845367519e-03
3.509999999999999787e+00 1.439079653017814962e-03
3.569999999999999840e+00 1.156081764569501886e-03
3.629999999999999893e+00 9.223818847714495769e-04
3.689999999999999503e+00 7.485350028813003839e-04
3.750000000000000000e+00 6.003926242420515444e-04
3.809999999999999609e+00 4.904965596186357073e-04
3.870000000000000107e+00 3.895411917781418454e-04
3.929999999999999716e+00 3.156562669748283543e-04
3.989999999999999769e+00 2.423922238925529276e-04
4.049999999999999822e+00 1.986821507315978232e-04
4.109999999999999432e+00 1.550962539148558503e-04
4.169999999999999929e+00 1.275291055008443667e-04
4.230000000000000426e+00 9.598831407220462101e-05
4.290000000000000036e+00 7.785856781794488375e-05
4.349999999999999645e+00 6.084640866155273121e-05
4.410000000000000142e+00 4.408260219357391924e-05
4.469999999999999751e+00 3.948807745790506533e-05
4.529999999999999361e+00 2.893308820028935957e-05
4.589999999999999858e+00 2.533197421827871975e-05
4.650000000000000355e+00 1.713633550060056433e-05
4.709999999999999964e+00 1.663963012377131837e-05
4.769999999999999574e+00 1.030663656920178921e-05
4.830000000000000071e+00 1.043081291340903886e-05
4.889999999999999680e+00 7.450580652434917523e-06
4.949999999999999289e+00 4.842877424082767922e-06
5.009999999999999787e+00 3.849466670424707994e-06
5.070000000000000284e+00 3.352761293595762733e-06
5.129999999999999893e+00 2.110997851523226787e-06
5.189999999999999503e+00 2.110997851523258127e-06
5.250000000000000000e+00 2.235174195730508206e-06
5.309999999999999609e+00 1.614292474694232186e-06
5.369999999999999218e+00 7.450580652435028061e-07
5.429999999999999716e+00 1.241763442072486501e-07
5.490000000000000213e+00 6.208817210362524090e-07
5.549999999999999822e+00 2.483526884144973002e-07
5.609999999999999432e+00 7.450580652435028061e-07
5.669999999999999929e+00 3.725290326217458973e-07
5.730000000000000426e+00 4.967053768290019060e-07
5.789999999999999147e+00 0.000000000000000000e+00
5.849999999999999645e+00 1.241763442072486501e-07
5.910000000000000142e+00 0.000000000000000000e+00
5.969999999999999751e+00 1.241763442072486501e-07
