2.999999999999999889e-02 9.603649449375639691e-02
8.999999999999999667e-02 1.616846782094588653e-01
1.499999999999999944e-01 2.411256251816374097e-01
2.099999999999999922e-01 3.232039535284336740e-01
2.700000000000000178e-01 4.036251485617842194e-01
3.299999999999999600e-01 4.796604351177347625e-01
3.900000000000000133e-01 5.499227634314902691e-01
4.499999999999999556e-01 6.108091568758773349e-01
5.100000000000000089e-01 6.628610243116389578e-01
5.700000000000000622e-01 7.043587717241956980e-01
6.299999999999998934e-01 7.345974500074798907e-01
6.899999999999999467e-01 7.537689116132916256e-01
7.500000000000000000e-01 7.632443117343701289e-01
8.100000000000000533e-01 7.620513495955724137e-01
8.699999999999998845e-01 7.524794644550449885e-01
9.299999999999999378e-01 7.338518952368582315e-01
9.899999999999999911e-01 7.084960791604916208e-01
1.050000000000000044e+00 6.774174720849895914e-01
1.109999999999999876e+00 6.430064686363442528e-01
1.169999999999999929e+00 6.045964901988438722e-01
1.229999999999999982e+00 5.644101691574610058e-01
1.290000000000000036e+00 5.233811874442899637e-01
1.349999999999999867e+00 4.814940230162985668e-01
1.409999999999999920e+00 4.401383333415161414e-01
1.469999999999999973e+00 3.999698936936992855e-01
1.530000000000000027e+00 3.611207035267401944e-01
1.589999999999999858e+00 3.244645917748265607e-01
1.649999999999999911e+00 2.900080156078536087e-01
1.709999999999999964e+00 2.581530580283678544e-01
1.770000000000000018e+00 2.284097191821272410e-01
1.829999999999999849e+00 2.012069041620210830e-01
1.889999999999999902e+00 1.764415466023598611e-01
1.949999999999999956e+00 1.540493231568433596e-01
2.009999999999999787e+00 1.337447524101391672e-01
2.070000000000000284e+00 1.159804571368826670e-01
2.129999999999999893e+00 9.984883243726308533e-02
2.189999999999999947e+00 8.568515444064063458e-02
2.250000000000000000e+00 7.360080932776730256e-02
2.309999999999999609e+00 6.253483441373826335e-02
2.370000000000000107e+00 5.329723199181675419e-02
2.429999999999999716e+00 4.517721666776049888e-02
2.490000000000000213e+00 3.815777628241309033e-02
2.549999999999999822e+00 3.222289208737180721e-02
2.609999999999999876e+00 2.694912274889011902e-02
2.669999999999999929e+00 2.259314077044381058e-02
2.729999999999999538e+00 1.887828125713973335e-02
2.790000000000000036e+00 1.569353055725640489e-02
2.849999999999999645e+00 1.309687902353861080e-02
2.910000000000000142e+00 1.081650463851667986e-02
2.969999999999999751e+00 8.850296404339090539e-03
3.030000000000000249e+00 7.301444863042066448e-03
3.089999999999999858e+00 6.012494410170816754e-03
3.149999999999999911e+00 4.962707596242765459e-03
3.209999999999999964e+00 4.024679492101165997e-03
3.269999999999999574e+00 3.325194145181728251e-03
3.330000000000000071e+00 2.685810148858600640e-03
3.389999999999999680e+00 2.194444354830514185e-03
3.450000000000000178e+00 1.766408496348124838e-03
3.509999999999999787e+00 1.431132366988551200e-03
3.569999999999999840e+00 1.168499398990227069e-03
3.629999999999999893e+00 9.366621643552833958e-04
3.689999999999999503e+00 7.413327749172797954e-04
3.750000000000000000e+00 6.008893296188805430e-04
3.809999999999999609e+00 4.841635660640660290e-04
3.870000000000000107e+00 3.756334412269298840e-04
3.929999999999999716e+00 3.033628088983106384e-04
3.989999999999999769e+00 2.452482798093196968e-04
4.049999999999999822e+00 1.999239141736702927e-04
4.109999999999999432e+00 1.552204302590630999e-04
4.169999999999999929e+00 1.252939313051138728e-04
4.230000000000000426e+00 9.474655063013211090e-05
4.290000000000000036e+00 7.736186244111589868e-05
4.349999999999999645e+00 5.823870543320047488e-05
4.410000000000000142e+00 4.979471402710743729e-05
4.469999999999999751e+00 3.812213767162533266e-05
4.529999999999999361e+00 3.091990970760536762e-05
4.589999999999999858e+00 2.309680002254824288e-05
4.650000000000000355e+00 1.688798281218606502e-05
4.709999999999999964e+00 1.490116130486983505e-05
4.769999999999999574e+00 1.080334194603079122e-05
4.830000000000000071e+00 8.319815061885782852e-06
4.889999999999999680e+00 7.078051619813171943e-06
4.949999999999999289e+00 6.332993554569773957e-06
5.009999999999999787e+00 3.849466670424707994e-06
5.070000000000000284e+00 2.607703228352259715e-06
5.129999999999999893e+00 2.731879572559469984e-06
5.189999999999999503e+00 1.365939786279755321e-06
5.250000000000000000e+00 1.241763442072504818e-06
5.309999999999999609e+00 4.967053768289946003e-07
5.369999999999999218e+00 9.934107536580038120e-07
5.429999999999999716e+00 8.692344094507404977e-07
5.490000000000000213e+00 2.483526884145009530e-07
5.549999999999999822e+00 3.725290326217458973e-07
5.609999999999999432e+00 6.208817210362524090e-07
5.669999999999999929e+00 3.725290326217458973e-07
5.730000000000000426e+00 2.483526884145009530e-07
5.789999999999999147e+00 3.725290326217514030e-07
5.849999999999999645e+00 0.000000000000000000e+00
5.910000000000000142e+00 0.000000000000000000e+00
5.969999999999999751e+00 0.000000000000000000e+00
