2.999999999999999889e-02 9.629726409912109375e-02
8.999999999999999667e-02 1.616111646095911847e-01
1.499999999999999944e-01 2.412699162960052490e-01
2.099999999999999922e-01 3.230122228463491174e-01
2.700000000000000178e-01 4.036271323760350915e-01
3.299999999999999600e-01 4.798701653877894269e-01
3.900000000000000133e-01 5.495307346185048791e-01
4.499999999999999556e-01 6.111907462279002612e-01
5.100000000000000089e-01 6.630680213371906717e-01
5.700000000000000622e-01 7.043813665707913119e-01
6.299999999999998934e-01 7.345678905646013668e-01
6.899999999999999467e-01 7.543481886386864677e-01
7.500000000000000000e-01 7.631585001945488944e-01
8.100000000000000533e-01 7.622671624024716097e-01
8.699999999999998845e-01 7.521503915389385897e-01
9.299999999999999378e-01 7.330846041440957084e-01
9.899999999999999911e-01 7.085777819156640067e-01
1.050000000000000044e+00 6.781215469042454203e-01
1.109999999999999876e+00 6.428948293129621572e-01
1.169999999999999929e+00 6.047736853361124210e-01
1.229999999999999982e+00 5.639623850584024600e-01
1.290000000000000036e+00 5.233131349086775908e-01
1.349999999999999867e+00 4.807986319065089553e-01
1.409999999999999920e+00 4.405483603477474142e-01
1.469999999999999973e+00 3.999710083007809169e-01
1.530000000000000027e+00 3.610751281181968086e-01
1.589999999999999858e+00 3.245292852322269606e-01
1.649999999999999911e+00 2.900021771589912367e-01
1.709999999999999964e+00 2.578750252723691627e-01
1.770000000000000018e+00 2.280691017707195400e-01
1.829999999999999849e+00 2.011651794115700553e-01
1.889999999999999902e+00 1.761160790920255903e-01
1.949999999999999956e+00 1.540239900350569291e-01
2.009999999999999787e+00 1.339132587114968687e-01
2.070000000000000284e+00 1.159061988194782511e-01
2.129999999999999893e+00 9.980462491512290257e-02
2.189999999999999947e+00 8.582224448521988402e-02
2.250000000000000000e+00 7.350655893484744907e-02
2.309999999999999609e+00 6.262809038162225894e-02
2.370000000000000107e+00 5.326134463151291354e-02
2.429999999999999716e+00 4.515101512273148737e-02
2.490000000000000213e+00 3.804067770640051638e-02
2.549999999999999822e+00 3.218551476796465555e-02
2.609999999999999876e+00 2.714358270168322138e-02
2.669999999999999929e+00 2.269471685091652494e-02
2.729999999999999538e+00 1.895825068155922860e-02
2.790000000000000036e+00 1.574121415615080399e-02
2.849999999999999645e+00 1.314779122670490380e-02
2.910000000000000142e+00 1.080383857091266921e-02
2.969999999999999751e+00 8.951003352800997528e-03
3.030000000000000249e+00 7.384767134984327949e-03
3.089999999999999858e+00 6.072968244552607101e-03
3.149999999999999911e+00 4.981954892476432410e-03
3.209999999999999964e+00 4.067768653233842270e-03
3.269999999999999574e+00 3.295640150705970561e-03
3.330000000000000071e+00 2.717226743698117515e-03
3.389999999999999680e+00 2.193699280420937248e-03
3.450000000000000178e+00 1.757219433784483345e-03
3.509999999999999787e+00 1.452987392743427175e-03
3.569999999999999840e+00 1.162414749463406768e-03
3.629999999999999893e+00 9.391456842422476678e-04
3.689999999999999503e+00 7.608284552892041926e-04
3.750000000000000000e+00 5.923211574554437938e-04
3.809999999999999609e+00 4.803140958150223347e-04
3.870000000000000107e+00 3.950049479802446111e-04
3.929999999999999716e+00 3.145386775334673216e-04
3.989999999999999769e+00 2.543131510416683110e-04
4.049999999999999822e+00 1.902381579081201637e-04
4.109999999999999432e+00 1.543511946996063179e-04
4.169999999999999929e+00 1.236796379089345169e-04
4.230000000000000426e+00 9.313225746154846143e-05
4.290000000000000036e+00 7.748603820800717553e-05
4.349999999999999645e+00 6.469587484995566553e-05
4.410000000000000142e+00 5.116065343221062075e-05
4.469999999999999751e+00 3.911554813384977240e-05
4.529999999999999361e+00 2.682209014892595743e-05
4.589999999999999858e+00 2.471109231313049220e-05
4.650000000000000355e+00 2.011656761169446807e-05
4.709999999999999964e+00 1.490116119384753258e-05
4.769999999999999574e+00 1.018246014912929840e-05
4.830000000000000071e+00 1.030663649241136277e-05
4.889999999999999680e+00 7.326404253641703619e-06
4.949999999999999289e+00 4.718701044718455255e-06
5.009999999999999787e+00 4.470348358154259606e-06
5.070000000000000284e+00 3.849466641744002993e-06
5.129999999999999893e+00 2.359350522359192475e-06
5.189999999999999503e+00 1.986821492513033680e-06
5.250000000000000000e+00 8.692344029744522615e-07
5.309999999999999609e+00 1.365939776102690459e-06
5.369999999999999218e+00 1.117587089538581419e-06
5.429999999999999716e+00 3.725290298461883358e-07
5.490000000000000213e+00 2.483526865641292100e-07
5.549999999999999822e+00 3.725290298461883358e-07
5.609999999999999432e+00 1.241763432820646050e-07
5.669999999999999929e+00 1.241763432820627786e-07
5.730000000000000426e+00 1.241763432820646050e-07
5.789999999999999147e+00 2.483526865641292100e-07
5.849999999999999645e+00 2.483526865641255572e-07
5.910000000000000142e+00 0.000000000000000000e+00
5.969999999999999751e+00 0.000000000000000000e+00
