2.999999999999999889e-02 9.630844140512409557e-02
8.999999999999999667e-02 1.618988836094570616e-01
1.499999999999999944e-01 2.416451808061974571e-01
2.099999999999999922e-01 3.234023897360124855e-01
2.700000000000000178e-01 4.041003744418478205e-01
3.299999999999999600e-01 4.802017233799158458e-01
3.900000000000000133e-01 5.502551876046536394e-01
4.499999999999999556e-01 6.111994476795113984e-01
5.100000000000000089e-01 6.629191437798604980e-01
5.700000000000000622e-01 7.040171678466182748e-01
6.299999999999998934e-01 7.340512037384200328e-01
6.899999999999999467e-01 7.539857291279090656e-01
7.500000000000000000e-01 7.631090893811341980e-01
8.100000000000000533e-01 7.614282383734228832e-01
8.699999999999998845e-01 7.521566115641097339e-01
9.299999999999999378e-01 7.334816068432961078e-01
9.899999999999999911e-01 7.079206512558550157e-01
1.050000000000000044e+00 6.774871400617624717e-01
1.109999999999999876e+00 6.426195399356832150e-01
1.169999999999999929e+00 6.040742089958117678e-01
1.229999999999999982e+00 5.644183690014232813e-01
1.290000000000000036e+00 5.229771215167227094e-01
1.349999999999999867e+00 4.812043231905146490e-01
1.409999999999999920e+00 4.402375535205631518e-01
1.469999999999999973e+00 3.996111512126196974e-01
1.530000000000000027e+00 3.613305642405730267e-01
1.589999999999999858e+00 3.247169205255853730e-01
1.649999999999999911e+00 2.901719305441565200e-01
1.709999999999999964e+00 2.580482551164662852e-01
1.770000000000000018e+00 2.285044674352483540e-01
1.829999999999999849e+00 2.009103725489531089e-01
1.889999999999999902e+00 1.761903391707489164e-01
1.949999999999999956e+00 1.536539468216986115e-01
2.009999999999999787e+00 1.338181416265885049e-01
2.070000000000000284e+00 1.159465578587832724e-01
2.129999999999999893e+00 1.000770693035482883e-01
2.189999999999999947e+00 8.596554526635381832e-02
2.250000000000000000e+00 7.368475308544558677e-02
2.309999999999999609e+00 6.280752613356992142e-02
2.370000000000000107e+00 5.350199918203546456e-02
2.429999999999999716e+00 4.514145421695885813e-02
2.490000000000000213e+00 3.818559206802035061e-02
2.549999999999999822e+00 3.228994755382257748e-02
2.609999999999999876e+00 2.711166978545509129e-02
2.669999999999999929e+00 2.256395949766970901e-02
2.729999999999999538e+00 1.900754897307675717e-02
2.790000000000000036e+00 1.579808715678383477e-02
2.849999999999999645e+00 1.315549035602047410e-02
2.910000000000000142e+00 1.077974852094672024e-02
2.969999999999999751e+00 8.903319769650487256e-03
3.030000000000000249e+00 7.353226453362296522e-03
3.089999999999999858e+00 6.038944016480599086e-03
3.149999999999999911e+00 5.018462812182282809e-03
3.209999999999999964e+00 4.061435720246565038e-03
3.269999999999999574e+00 3.338605215230658948e-03
3.330000000000000071e+00 2.686927755975637971e-03
3.389999999999999680e+00 2.182647618392817655e-03
3.450000000000000178e+00 1.784165726862832176e-03
3.509999999999999787e+00 1.429269732474331778e-03
3.569999999999999840e+00 1.150493837652022877e-03
3.629999999999999893e+00 9.511908037144554268e-04
3.689999999999999503e+00 7.484108321131883838e-04
3.750000000000000000e+00 5.993992179542657721e-04
3.809999999999999609e+00 4.860262148483522962e-04
3.870000000000000107e+00 3.909071344769067318e-04
3.929999999999999716e+00 3.084540413089695895e-04
3.989999999999999769e+00 2.361834084418939388e-04
4.049999999999999822e+00 1.969436833800411284e-04
4.109999999999999432e+00 1.585731927341212121e-04
4.169999999999999929e+00 1.213202891943885128e-04
4.230000000000000426e+00 9.573996209710842857e-05
4.290000000000000036e+00 7.115304576088496435e-05
4.349999999999999645e+00 5.836288221224507811e-05
4.410000000000000142e+00 4.880130363704748739e-05
4.469999999999999751e+00 3.961225409724660688e-05
4.529999999999999361e+00 3.017485186718203217e-05
4.589999999999999858e+00 2.148250770791116927e-05
4.650000000000000355e+00 1.924733349552763503e-05
4.709999999999999964e+00 1.328686892917049169e-05
4.769999999999999574e+00 1.092751837165439884e-05
4.830000000000000071e+00 1.005828395572734406e-05
4.889999999999999680e+00 5.712111876091987146e-06
4.949999999999999289e+00 4.967053805297454555e-06
5.009999999999999787e+00 3.601114008840600703e-06
5.070000000000000284e+00 3.104408628310908356e-06
5.129999999999999893e+00 3.973643044237904691e-06
5.189999999999999503e+00 2.110997867251417784e-06
5.250000000000000000e+00 1.614292486721672498e-06
5.309999999999999609e+00 1.241763451324345216e-06
5.369999999999999218e+00 1.241763451324363639e-06
5.429999999999999716e+00 1.241763451324345216e-06
5.490000000000000213e+00 4.967053805297453920e-07
5.549999999999999822e+00 4.967053805297380863e-07
5.609999999999999432e+00 2.483526902648726960e-07
5.669999999999999929e+00 1.241763451324345216e-07
5.730000000000000426e+00 1.241763451324363480e-07
5.789999999999999147e+00 1.241763451324363480e-07
5.849999999999999645e+00 0.000000000000000000e+00
5.910000000000000142e+00 0.000000000000000000e+00
5.969999999999999751e+00 1.241763451324345216e-07
