2.999999999999999889e-02 9.632160338005625599e-02
8.999999999999999667e-02 1.619132868591444396e-01
1.499999999999999944e-01 2.417257694531910472e-01
2.099999999999999922e-01 3.234355424103802501e-01
2.700000000000000178e-01 4.037703107081625498e-01
3.299999999999999600e-01 4.800509697202665071e-01
3.900000000000000133e-01 5.495113672031316510e-01
4.499999999999999556e-01 6.109786575857202306e-01
5.100000000000000089e-01 6.632526765012686232e-01
5.700000000000000622e-01 7.047681811310470001e-01
6.299999999999998934e-01 7.345906203085486030e-01
6.899999999999999467e-01 7.537178751358224460e-01
7.500000000000000000e-01 7.625701583616688595e-01
8.100000000000000533e-01 7.622111645505671440e-01
8.699999999999998845e-01 7.515475209917695798e-01
9.299999999999999378e-01 7.341197436113132690e-01
9.899999999999999911e-01 7.082841101409298457e-01
1.050000000000000044e+00 6.771617929922668644e-01
1.109999999999999876e+00 6.426344363090993328e-01
1.169999999999999929e+00 6.043819134760537448e-01
1.229999999999999982e+00 5.643458458111617615e-01
1.290000000000000036e+00 5.227257846995641000e-01
1.349999999999999867e+00 4.811856931536319104e-01
1.409999999999999920e+00 4.398152264938888778e-01
1.469999999999999973e+00 3.993606845490185187e-01
1.530000000000000027e+00 3.613987343614202818e-01
1.589999999999999858e+00 3.246219232029372015e-01
1.649999999999999911e+00 2.902977190188890666e-01
1.709999999999999964e+00 2.580147255809209783e-01
1.770000000000000018e+00 2.281151728936676448e-01
1.829999999999999849e+00 2.011049553834269310e-01
1.889999999999999902e+00 1.763557407485126516e-01
1.949999999999999956e+00 1.541333905418716677e-01
2.009999999999999787e+00 1.341232419072828641e-01
2.070000000000000284e+00 1.160421727799536701e-01
2.129999999999999893e+00 9.984461044156003884e-02
2.189999999999999947e+00 8.595734898714291194e-02
2.250000000000000000e+00 7.349476272981429747e-02
2.309999999999999609e+00 6.269017902034153267e-02
2.370000000000000107e+00 5.338527301985968726e-02
2.429999999999999716e+00 4.517634743335104813e-02
2.490000000000000213e+00 3.824358213626030678e-02
2.549999999999999822e+00 3.240592801873329321e-02
2.609999999999999876e+00 2.715165436629214668e-02
2.669999999999999929e+00 2.256544944568559738e-02
2.729999999999999538e+00 1.892770344213422218e-02
2.790000000000000036e+00 1.571004601103596909e-02
2.849999999999999645e+00 1.306533823210996766e-02
2.910000000000000142e+00 1.083041238906789182e-02
2.969999999999999751e+00 8.933122025925326060e-03
3.030000000000000249e+00 7.348135168463991451e-03
3.089999999999999858e+00 6.040309911273239810e-03
3.149999999999999911e+00 4.965439475815324084e-03
3.209999999999999964e+00 4.075219264193515739e-03
3.269999999999999574e+00 3.334010665620443410e-03
3.330000000000000071e+00 2.719834467171386612e-03
3.389999999999999680e+00 2.178177253739364480e-03
3.450000000000000178e+00 1.781806363029823795e-03
3.509999999999999787e+00 1.443798354097690665e-03
3.569999999999999840e+00 1.154840001127429390e-03
3.629999999999999893e+00 9.479622116781431145e-04
3.689999999999999503e+00 7.518877641748961246e-04
3.750000000000000000e+00 6.114443188764968722e-04
3.809999999999999609e+00 4.844119187524804741e-04
3.870000000000000107e+00 3.825873165025358647e-04
3.929999999999999716e+00 3.002584002931293970e-04
3.989999999999999769e+00 2.453724561535269464e-04
4.049999999999999822e+00 1.959502711590383308e-04
4.109999999999999432e+00 1.497566711139440608e-04
4.169999999999999929e+00 1.195818194715804293e-04
4.230000000000000426e+00 1.024454839709816302e-04
4.290000000000000036e+00 7.425745383593468439e-05
4.349999999999999645e+00 6.208817210362524810e-05
4.410000000000000142e+00 5.252659359966694327e-05
4.469999999999999751e+00 3.774960863900358370e-05
4.529999999999999361e+00 3.054738067498361187e-05
4.589999999999999858e+00 2.235174195730475172e-05
4.650000000000000355e+00 1.825392259846581801e-05
4.709999999999999964e+00 1.539786668169883198e-05
4.769999999999999574e+00 1.179675269968879524e-05
4.830000000000000071e+00 7.574756996642278987e-06
4.889999999999999680e+00 6.705522587191425516e-06
4.949999999999999289e+00 3.849466670424764745e-06
5.009999999999999787e+00 4.346172047253702382e-06
5.070000000000000284e+00 2.607703228352259715e-06
5.129999999999999893e+00 2.856055916766718370e-06
5.189999999999999503e+00 2.359350539937759133e-06
5.250000000000000000e+00 1.614292474694256115e-06
5.309999999999999609e+00 1.738468818901480995e-06
5.369999999999999218e+00 1.117587097865254103e-06
5.429999999999999716e+00 1.117587097865237586e-06
5.490000000000000213e+00 8.692344094507533090e-07
5.549999999999999822e+00 3.725290326217458973e-07
5.609999999999999432e+00 1.241763442072504765e-07
5.669999999999999929e+00 1.241763442072486501e-07
5.730000000000000426e+00 2.483526884145009530e-07
5.789999999999999147e+00 3.725290326217514030e-07
5.849999999999999645e+00 0.000000000000000000e+00
5.910000000000000142e+00 0.000000000000000000e+00
5.969999999999999751e+00 0.000000000000000000e+00
