2.999999999999999889e-02 9.600197347006679538e-02
8.999999999999999667e-02 1.618699493150161095e-01
1.499999999999999944e-01 2.413491426012104590e-01
2.099999999999999922e-01 3.230273747669709650e-01
2.700000000000000178e-01 4.035968363553049665e-01
3.299999999999999600e-01 4.798787371308511074e-01
3.900000000000000133e-01 5.494219602353024312e-01
4.499999999999999556e-01 6.112892226225824510e-01
5.100000000000000089e-01 6.630521317053739150e-01
5.700000000000000622e-01 7.044843140081892274e-01
6.299999999999998934e-01 7.344522878611017269e-01
6.899999999999999467e-01 7.539966510285678325e-01
7.500000000000000000e-01 7.631162859234923435e-01
8.100000000000000533e-01 7.622292942968214025e-01
8.699999999999998845e-01 7.518294012931200365e-01
9.299999999999999378e-01 7.338617051680506043e-01
9.899999999999999911e-01 7.087919913887373857e-01
1.050000000000000044e+00 6.774719855000965740e-01
1.109999999999999876e+00 6.427414763178058710e-01
1.169999999999999929e+00 6.048869386679445181e-01
1.229999999999999982e+00 5.643669557896768829e-01
1.290000000000000036e+00 5.232223659000488913e-01
1.349999999999999867e+00 4.810101078029229149e-01
1.409999999999999920e+00 4.399600161112345864e-01
1.469999999999999973e+00 3.995716601578266358e-01
1.530000000000000027e+00 3.615575559056613542e-01
1.589999999999999858e+00 3.245374832888762717e-01
1.649999999999999911e+00 2.902193637456943476e-01
1.709999999999999964e+00 2.581749130649483304e-01
1.770000000000000018e+00 2.282917516551303538e-01
1.829999999999999849e+00 2.011369928802324014e-01
1.889999999999999902e+00 1.760523779396143129e-01
1.949999999999999956e+00 1.538158716297337580e-01
2.009999999999999787e+00 1.338916530253363435e-01
2.070000000000000284e+00 1.158970106335753952e-01
2.129999999999999893e+00 9.985119178780302307e-02
2.189999999999999947e+00 8.587017719350942269e-02
2.250000000000000000e+00 7.365196998158067554e-02
2.309999999999999609e+00 6.272606598381741394e-02
2.370000000000000107e+00 5.342302262849869809e-02
2.429999999999999716e+00 4.515213304623063445e-02
2.490000000000000213e+00 3.813554871679999958e-02
2.549999999999999822e+00 3.220575575187120676e-02
2.609999999999999876e+00 2.701344609518947434e-02
2.669999999999999929e+00 2.255191422416700717e-02
2.729999999999999538e+00 1.888585601413637557e-02
2.790000000000000036e+00 1.578095070357831212e-02
2.849999999999999645e+00 1.298226425783531764e-02
2.910000000000000142e+00 1.080955076324107388e-02
2.969999999999999751e+00 8.892268008681139188e-03
3.030000000000000249e+00 7.349004402873443066e-03
3.089999999999999858e+00 6.032859330620804830e-03
3.149999999999999911e+00 4.962086714521728344e-03
3.209999999999999964e+00 4.070128034081018503e-03
3.269999999999999574e+00 3.317495211840879206e-03
3.330000000000000071e+00 2.701456368228714097e-03
3.389999999999999680e+00 2.179170664493022477e-03
3.450000000000000178e+00 1.795962466269450256e-03
3.509999999999999787e+00 1.455098401420550167e-03
3.569999999999999840e+00 1.168126869957605320e-03
3.629999999999999893e+00 9.131928353001132108e-04
3.689999999999999503e+00 7.701416867733617156e-04
3.750000000000000000e+00 6.025036220935748969e-04
3.809999999999999609e+00 4.852811531619312759e-04
3.870000000000000107e+00 3.864367831729606040e-04
3.929999999999999716e+00 3.067155701919063791e-04
3.989999999999999769e+00 2.505878626102314862e-04
4.049999999999999822e+00 1.969436819126963280e-04
4.109999999999999432e+00 1.570830754221718448e-04
4.169999999999999929e+00 1.198301721599949286e-04
4.230000000000000426e+00 9.872019364476411344e-05
4.290000000000000036e+00 7.785856781794488375e-05
4.349999999999999645e+00 6.395081726673399294e-05
4.410000000000000142e+00 4.532436563564642257e-05
4.469999999999999751e+00 3.688037422955284288e-05
4.529999999999999361e+00 3.091990970760536762e-05
4.589999999999999858e+00 2.123415485943951498e-05
4.650000000000000355e+00 1.850227528688032071e-05
4.709999999999999964e+00 1.303851614176110545e-05
4.769999999999999574e+00 1.030663656920178921e-05
4.830000000000000071e+00 8.692344094507533514e-06
4.889999999999999680e+00 7.078051619813171943e-06
4.949999999999999289e+00 5.463759145119021284e-06
5.009999999999999787e+00 3.973643014631956803e-06
5.070000000000000284e+00 3.973643014632015248e-06
5.129999999999999893e+00 3.228584949388464373e-06
5.189999999999999503e+00 2.359350539937759133e-06
5.250000000000000000e+00 1.738468818901506618e-06
5.309999999999999609e+00 1.117587097865237586e-06
5.369999999999999218e+00 7.450580652435028061e-07
5.429999999999999716e+00 9.934107536579892007e-07
5.490000000000000213e+00 3.725290326217514030e-07
5.549999999999999822e+00 6.208817210362431975e-07
5.609999999999999432e+00 3.725290326217514030e-07
5.669999999999999929e+00 3.725290326217458973e-07
5.730000000000000426e+00 0.000000000000000000e+00
5.789999999999999147e+00 3.725290326217514030e-07
5.849999999999999645e+00 0.000000000000000000e+00
5.910000000000000142e+00 1.241763442072504765e-07
5.969999999999999751e+00 3.725290326217458973e-07
