2.999999999999999889e-02 9.606244663397471573e-02
8.999999999999999667e-02 1.617735872666041241e-01
1.499999999999999944e-01 2.414884666601816998e-01
2.099999999999999922e-01 3.229707479476928711e-01
2.700000000000000178e-01 4.037729154030482159e-01
3.299999999999999600e-01 4.800415287415186749e-01
3.900000000000000133e-01 5.496504406134288256e-01
4.499999999999999556e-01 6.108031918605169031e-01
5.100000000000000089e-01 6.625665972630176981e-01
5.700000000000000622e-01 7.039826363325125680e-01
6.299999999999998934e-01 7.349858681360887935e-01
6.899999999999999467e-01 7.544952134291323942e-01
7.500000000000000000e-01 7.625193645556761490e-01
8.100000000000000533e-01 7.622625678777702474e-01
8.699999999999998845e-01 7.513259847958889681e-01
9.299999999999999378e-01 7.337053616841627823e-01
9.899999999999999911e-01 7.086519151926033988e-01
1.050000000000000044e+00 6.778789063294722306e-01
1.109999999999999876e+00 6.430120517810203884e-01
1.169999999999999929e+00 6.051217516263320828e-01
1.229999999999999982e+00 5.641269187132512686e-01
1.290000000000000036e+00 5.229447036981597075e-01
1.349999999999999867e+00 4.813092450300848202e-01
1.409999999999999920e+00 4.404199620087937417e-01
1.469999999999999973e+00 4.001698146263754641e-01
1.530000000000000027e+00 3.616259743769960622e-01
1.589999999999999858e+00 3.245892624060321974e-01
1.649999999999999911e+00 2.899383505185442744e-01
1.709999999999999964e+00 2.582325289646782429e-01
1.770000000000000018e+00 2.280764281749731726e-01
1.829999999999999849e+00 2.010032534599302534e-01
1.889999999999999902e+00 1.763716340065000776e-01
1.949999999999999956e+00 1.539754370848336329e-01
2.009999999999999787e+00 1.337692141532896839e-01
2.070000000000000284e+00 1.159155120452244059e-01
2.129999999999999893e+00 9.994693100452414769e-02
2.189999999999999947e+00 8.576686183611607894e-02
2.250000000000000000e+00 7.342410584290816333e-02
2.309999999999999609e+00 6.267304221789037066e-02
2.370000000000000107e+00 5.319118499755854518e-02
2.429999999999999716e+00 4.524899025758103571e-02
2.490000000000000213e+00 3.822222352027889597e-02
2.549999999999999822e+00 3.206456700960792078e-02
2.609999999999999876e+00 2.696551382541674188e-02
2.669999999999999929e+00 2.255750199158984559e-02
2.729999999999999538e+00 1.892633736133573705e-02
2.790000000000000036e+00 1.563467085361479325e-02
2.849999999999999645e+00 1.306471725304920312e-02
2.910000000000000142e+00 1.080359021822610566e-02
2.969999999999999751e+00 8.924926320711764130e-03
3.030000000000000249e+00 7.413203517595920271e-03
3.089999999999999858e+00 6.087248524030044149e-03
3.149999999999999911e+00 4.940976699193350488e-03
3.209999999999999964e+00 4.069010416666663486e-03
3.269999999999999574e+00 3.311162193616228391e-03
3.330000000000000071e+00 2.723063031832374803e-03
3.389999999999999680e+00 2.212946613629656993e-03
3.450000000000000178e+00 1.781433820724485787e-03
3.509999999999999787e+00 1.417472958564757000e-03
3.569999999999999840e+00 1.155460874239611123e-03
3.629999999999999893e+00 9.326885143915804224e-04
3.689999999999999503e+00 7.494042317072543589e-04
3.750000000000000000e+00 5.934387445449823681e-04
3.809999999999999609e+00 4.733602205912267979e-04
3.870000000000000107e+00 3.901620705922441228e-04
3.929999999999999716e+00 3.017485141754147680e-04
3.989999999999999769e+00 2.354383468627945137e-04
4.049999999999999822e+00 1.882513364156071609e-04
4.109999999999999432e+00 1.555929581324269650e-04
4.169999999999999929e+00 1.244246959686268997e-04
4.230000000000000426e+00 9.573996067047181482e-05
4.290000000000000036e+00 7.661680380503273343e-05
4.349999999999999645e+00 5.910793940226275378e-05
4.410000000000000142e+00 4.979471365610790764e-05
4.469999999999999751e+00 3.576278686523407684e-05
4.529999999999999361e+00 3.104408582051615607e-05
4.589999999999999858e+00 2.061327298482242061e-05
4.650000000000000355e+00 1.961986223856620722e-05
4.709999999999999964e+00 1.390775044759103120e-05
4.769999999999999574e+00 1.303851604461678392e-05
4.830000000000000071e+00 1.067916552225755587e-05
4.889999999999999680e+00 7.823109626769955157e-06
4.949999999999999289e+00 4.842877388000519621e-06
5.009999999999999787e+00 3.725290298461883146e-06
5.070000000000000284e+00 3.601113955179873836e-06
5.129999999999999893e+00 1.738468805948878900e-06
5.189999999999999503e+00 1.738468805948904523e-06
5.250000000000000000e+00 1.490116119384775366e-06
5.309999999999999609e+00 1.862645149230941573e-06
5.369999999999999218e+00 3.725290298461938415e-07
5.429999999999999716e+00 7.450580596923766715e-07
5.490000000000000213e+00 2.483526865641292100e-07
5.549999999999999822e+00 2.483526865641255572e-07
5.609999999999999432e+00 3.725290298461938415e-07
5.669999999999999929e+00 1.241763432820627786e-07
5.730000000000000426e+00 1.241763432820646050e-07
5.789999999999999147e+00 1.241763432820646050e-07
5.849999999999999645e+00 1.241763432820627786e-07
5.910000000000000142e+00 0.000000000000000000e+00
5.969999999999999751e+00 0.000000000000000000e+00
