2.999999999999999889e-02 9.650066782536112497e-02
8.999999999999999667e-02 1.619450796230161027e-01
1.499999999999999944e-01 2.416322700669051304e-01
2.099999999999999922e-01 3.234500782723251922e-01
2.700000000000000178e-01 4.034986218859341611e-01
3.299999999999999600e-01 4.797977848787442490e-01
3.900000000000000133e-01 5.496005381028018499e-01
4.499999999999999556e-01 6.111526423042806799e-01
5.100000000000000089e-01 6.627587178178240279e-01
5.700000000000000622e-01 7.038882832891236729e-01
6.299999999999998934e-01 7.346513589616036066e-01
6.899999999999999467e-01 7.542985405812219213e-01
7.500000000000000000e-01 7.632901498662469919e-01
8.100000000000000533e-01 7.618469723616141387e-01
8.699999999999998845e-01 7.517328088998644908e-01
9.299999999999999378e-01 7.333139797045973296e-01
9.899999999999999911e-01 7.086210164016781832e-01
1.050000000000000044e+00 6.773278319039288675e-01
1.109999999999999876e+00 6.430966350365686646e-01
1.169999999999999929e+00 6.048253607201181659e-01
1.229999999999999982e+00 5.643502045974191361e-01
1.290000000000000036e+00 5.229270862418553545e-01
1.349999999999999867e+00 4.812163754666753945e-01
1.409999999999999920e+00 4.398758343818531813e-01
1.469999999999999973e+00 4.002347707818376676e-01
1.530000000000000027e+00 3.613258509236327853e-01
1.589999999999999858e+00 3.243273841637596133e-01
1.649999999999999911e+00 2.899758604161695175e-01
1.709999999999999964e+00 2.575496909285490688e-01
1.770000000000000018e+00 2.281465946082259222e-01
1.829999999999999849e+00 2.012177120015334886e-01
1.889999999999999902e+00 1.764699869295949242e-01
1.949999999999999956e+00 1.539467569375063682e-01
2.009999999999999787e+00 1.336620539524768780e-01
2.070000000000000284e+00 1.158627405523082743e-01
2.129999999999999893e+00 1.002050966085521466e-01
2.189999999999999947e+00 8.578710513672600790e-02
2.250000000000000000e+00 7.355436901910206160e-02
2.309999999999999609e+00 6.266037809830038441e-02
2.370000000000000107e+00 5.346934160002092540e-02
2.429999999999999716e+00 4.531455671731299262e-02
2.490000000000000213e+00 3.826730067334471741e-02
2.549999999999999822e+00 3.224363025755572210e-02
2.609999999999999876e+00 2.704945783961208022e-02
2.669999999999999929e+00 2.260841496611876167e-02
2.729999999999999538e+00 1.895775454117121228e-02
2.790000000000000036e+00 1.563839660997379255e-02
2.849999999999999645e+00 1.310110131207409268e-02
2.910000000000000142e+00 1.079874766266586406e-02
2.969999999999999751e+00 8.984158704206102186e-03
3.030000000000000249e+00 7.375081600002886262e-03
3.089999999999999858e+00 6.087993763526089452e-03
3.149999999999999911e+00 4.983941862501986911e-03
3.209999999999999964e+00 4.059573135561933555e-03
3.269999999999999574e+00 3.301476537231895492e-03
3.330000000000000071e+00 2.688542088524759066e-03
3.389999999999999680e+00 2.194816932921117569e-03
3.450000000000000178e+00 1.754487606520083176e-03
3.509999999999999787e+00 1.432249986099698447e-03
3.569999999999999840e+00 1.168747777802189988e-03
3.629999999999999893e+00 9.610007492999450562e-04
3.689999999999999503e+00 7.393459699356341730e-04
3.750000000000000000e+00 6.020069301726493904e-04
3.809999999999999609e+00 4.967053879312288700e-04
3.870000000000000107e+00 3.849466756467023743e-04
3.929999999999999716e+00 3.010034650863246952e-04
3.989999999999999769e+00 2.510845735992380369e-04
4.049999999999999822e+00 1.902381635776592477e-04
4.109999999999999432e+00 1.603116639548053104e-04
4.169999999999999929e+00 1.254181104526343681e-04
4.230000000000000426e+00 9.573996352374506942e-05
4.290000000000000036e+00 7.885198033408200035e-05
4.349999999999999645e+00 5.885958846985106155e-05
4.410000000000000142e+00 5.103647860993414586e-05
4.469999999999999751e+00 3.663202235992785811e-05
4.529999999999999361e+00 2.856055980604587348e-05
4.589999999999999858e+00 2.235174245690513313e-05
4.650000000000000355e+00 1.713633588362752138e-05
4.709999999999999964e+00 1.291434008621185406e-05
4.769999999999999574e+00 1.067916584052149863e-05
4.830000000000000071e+00 7.823109859916912301e-06
4.889999999999999680e+00 5.960464655174702394e-06
4.949999999999999289e+00 4.967053879312325969e-06
5.009999999999999787e+00 3.476937715518576679e-06
5.070000000000000284e+00 3.352761368535819860e-06
5.129999999999999893e+00 2.731879633621738456e-06
5.189999999999999503e+00 1.738468857759313962e-06
5.250000000000000000e+00 1.117587122845273216e-06
5.309999999999999609e+00 1.365939816810869228e-06
5.369999999999999218e+00 1.117587122845273216e-06
5.429999999999999716e+00 9.934107758624503285e-07
5.490000000000000213e+00 1.614292510776505686e-06
5.549999999999999822e+00 0.000000000000000000e+00
5.609999999999999432e+00 3.725290409484244054e-07
5.669999999999999929e+00 0.000000000000000000e+00
5.730000000000000426e+00 1.241763469828081439e-07
5.789999999999999147e+00 1.241763469828081439e-07
5.849999999999999645e+00 0.000000000000000000e+00
5.910000000000000142e+00 0.000000000000000000e+00
5.969999999999999751e+00 0.000000000000000000e+00
