2.999999999999999889e-02 9.638729194800059463e-02
8.999999999999999667e-02 1.620832830667495728e-01
1.499999999999999944e-01 2.418962617715199881e-01
2.099999999999999922e-01 3.234146783749262677e-01
2.700000000000000178e-01 4.041427125533422204e-01
3.299999999999999600e-01 4.799475272496541711e-01
3.900000000000000133e-01 5.497193584839503711e-01
4.499999999999999556e-01 6.110730270544688647e-01
5.100000000000000089e-01 6.628704567750288712e-01
5.700000000000000622e-01 7.040878136952725130e-01
6.299999999999998934e-01 7.340698192516970089e-01
6.899999999999999467e-01 7.541354745626442924e-01
7.500000000000000000e-01 7.627746711174639982e-01
8.100000000000000533e-01 7.618962476650881221e-01
8.699999999999998845e-01 7.516214003165569979e-01
9.299999999999999378e-01 7.334772497415535941e-01
9.899999999999999911e-01 7.081111272176100480e-01
1.050000000000000044e+00 6.777852773666376285e-01
1.109999999999999876e+00 6.423465907573717715e-01
1.169999999999999929e+00 6.046677629152927835e-01
1.229999999999999982e+00 5.641650408506387882e-01
1.290000000000000036e+00 5.227996657292063309e-01
1.349999999999999867e+00 4.815646757682160439e-01
1.409999999999999920e+00 4.399519413709636617e-01
1.469999999999999973e+00 3.995327899853384768e-01
1.530000000000000027e+00 3.615441421667731636e-01
1.589999999999999858e+00 3.247503191232690156e-01
1.649999999999999911e+00 2.900293717781700087e-01
1.709999999999999964e+00 2.581126987934110328e-01
1.770000000000000018e+00 2.281683186690018905e-01
1.829999999999999849e+00 2.012381951014199089e-01
1.889999999999999902e+00 1.763922472794849095e-01
1.949999999999999956e+00 1.538361112276711573e-01
2.009999999999999787e+00 1.338268319765725523e-01
2.070000000000000284e+00 1.159485429525374395e-01
2.129999999999999893e+00 9.979419410228720921e-02
2.189999999999999947e+00 8.601471781730707367e-02
2.250000000000000000e+00 7.377341389656059956e-02
2.309999999999999609e+00 6.278591851393376666e-02
2.370000000000000107e+00 5.339570343494410426e-02
2.429999999999999716e+00 4.521782199541724001e-02
2.490000000000000213e+00 3.821340699990587175e-02
2.549999999999999822e+00 3.228199978669481912e-02
2.609999999999999876e+00 2.705194056034105829e-02
2.669999999999999929e+00 2.262132863203682523e-02
2.729999999999999538e+00 1.887579758961993939e-02
2.790000000000000036e+00 1.573314269383746869e-02
2.849999999999999645e+00 1.302237311999001994e-02
2.910000000000000142e+00 1.087424655755359938e-02
2.969999999999999751e+00 8.955597877502432733e-03
3.030000000000000249e+00 7.399419943491611189e-03
3.089999999999999858e+00 6.053472558657322505e-03
3.149999999999999911e+00 4.967922965685558911e-03
3.209999999999999964e+00 4.053115844726559031e-03
3.269999999999999574e+00 3.310913840929664408e-03
3.330000000000000071e+00 2.694875001907346031e-03
3.389999999999999680e+00 2.182150880495705315e-03
3.450000000000000178e+00 1.732384165128070513e-03
3.509999999999999787e+00 1.458575328191120046e-03
3.569999999999999840e+00 1.174832383791613293e-03
3.629999999999999893e+00 9.393940369288118677e-04
3.689999999999999503e+00 7.476657629013055018e-04
3.750000000000000000e+00 6.052354971567783931e-04
3.809999999999999609e+00 4.898756742477412655e-04
3.870000000000000107e+00 3.850708405176794889e-04
3.929999999999999716e+00 3.024935722351071508e-04
3.989999999999999769e+00 2.432614564895645604e-04
4.049999999999999822e+00 2.031524976094547087e-04
4.109999999999999432e+00 1.531094312667856709e-04
4.169999999999999929e+00 1.202027002970367620e-04
4.230000000000000426e+00 1.002103090286261388e-04
4.290000000000000036e+00 7.761021455128923482e-05
4.349999999999999645e+00 6.469587484995566553e-05
4.410000000000000142e+00 4.867712656656932664e-05
4.469999999999999751e+00 3.774960835774707961e-05
4.529999999999999361e+00 3.191332022349060494e-05
4.589999999999999858e+00 2.570450305938699358e-05
4.650000000000000355e+00 1.651545365651459297e-05
4.709999999999999964e+00 1.465280850728340724e-05
4.769999999999999574e+00 9.685754776001039243e-06
4.830000000000000071e+00 9.561578432718974876e-06
4.889999999999999680e+00 6.084640820821076045e-06
4.949999999999999289e+00 4.594524701436390888e-06
5.009999999999999787e+00 3.601113955179820473e-06
5.070000000000000284e+00 5.587935447692907516e-06
5.129999999999999893e+00 2.731879552205380917e-06
5.189999999999999503e+00 2.731879552205421575e-06
5.250000000000000000e+00 1.738468805948904523e-06
5.309999999999999609e+00 8.692344029744394501e-07
5.369999999999999218e+00 1.117587089538581419e-06
5.429999999999999716e+00 8.692344029744394501e-07
5.490000000000000213e+00 4.967053731282584200e-07
5.549999999999999822e+00 3.725290298461883358e-07
5.609999999999999432e+00 3.725290298461938415e-07
5.669999999999999929e+00 1.241763432820627786e-07
5.730000000000000426e+00 1.241763432820646050e-07
5.789999999999999147e+00 2.483526865641292100e-07
5.849999999999999645e+00 1.241763432820627786e-07
5.910000000000000142e+00 2.483526865641292100e-07
5.969999999999999751e+00 0.000000000000000000e+00
