2.999999999999999889e-02 9.635215291436970142e-02
8.999999999999999667e-02 1.624591696995249246e-01
1.499999999999999944e-01 2.419594747412048275e-01
2.099999999999999922e-01 3.232804533823466775e-01
2.700000000000000178e-01 4.038856795594795712e-01
3.299999999999999600e-01 4.799610767750266405e-01
3.900000000000000133e-01 5.491855407511853082e-01
4.499999999999999556e-01 6.108573509511556754e-01
5.100000000000000089e-01 6.628357071529533684e-01
5.700000000000000622e-01 7.043726952187037149e-01
6.299999999999998934e-01 7.345532596474870779e-01
6.899999999999999467e-01 7.543037559877951992e-01
7.500000000000000000e-01 7.628360369653308659e-01
8.100000000000000533e-01 7.620555886245452548e-01
8.699999999999998845e-01 7.516744460167826825e-01
9.299999999999999378e-01 7.336274008043819350e-01
9.899999999999999911e-01 7.082020454069581916e-01
1.050000000000000044e+00 6.780819548591554558e-01
1.109999999999999876e+00 6.421747498365684148e-01
1.169999999999999929e+00 6.043808093979197160e-01
1.229999999999999982e+00 5.644321609864277889e-01
1.290000000000000036e+00 5.224600590008529055e-01
1.349999999999999867e+00 4.813388133448004425e-01
1.409999999999999920e+00 4.399333280305062210e-01
1.469999999999999973e+00 4.001765320751027311e-01
1.530000000000000027e+00 3.612343329559064564e-01
1.589999999999999858e+00 3.245284256695247782e-01
1.649999999999999911e+00 2.899865395820100389e-01
1.709999999999999964e+00 2.579201089715987827e-01
1.770000000000000018e+00 2.281940299727733268e-01
1.829999999999999849e+00 2.009601702578911464e-01
1.889999999999999902e+00 1.762300782272241406e-01
1.949999999999999956e+00 1.539045369795322138e-01
2.009999999999999787e+00 1.336911112176708549e-01
2.070000000000000284e+00 1.157850061590970370e-01
2.129999999999999893e+00 9.995525379842273850e-02
2.189999999999999947e+00 8.600851156339636705e-02
2.250000000000000000e+00 7.357895593580465743e-02
2.309999999999999609e+00 6.284589756069269839e-02
2.370000000000000107e+00 5.344326456715453588e-02
2.429999999999999716e+00 4.524029926181727390e-02
2.490000000000000213e+00 3.825835997636195529e-02
2.549999999999999822e+00 3.217098709457077987e-02
2.609999999999999876e+00 2.709639649877158135e-02
2.669999999999999929e+00 2.266963390518128563e-02
2.729999999999999538e+00 1.896868205970569932e-02
2.790000000000000036e+00 1.586861955727991713e-02
2.849999999999999645e+00 1.304522195593182943e-02
2.910000000000000142e+00 1.087399852893744523e-02
2.969999999999999751e+00 8.953238793807383189e-03
3.030000000000000249e+00 7.443999472578344268e-03
3.089999999999999858e+00 6.062910141435562394e-03
3.149999999999999911e+00 5.000208963956735524e-03
3.209999999999999964e+00 4.112223906682643815e-03
3.269999999999999574e+00 3.322834868912938333e-03
3.330000000000000071e+00 2.700959723223039788e-03
3.389999999999999680e+00 2.186372941326286679e-03
3.450000000000000178e+00 1.802668029149412376e-03
3.509999999999999787e+00 1.446654442349704084e-03
3.569999999999999840e+00 1.144657566487525388e-03
3.629999999999999893e+00 9.104609760779425187e-04
3.689999999999999503e+00 7.520119573278805092e-04
3.750000000000000000e+00 6.161630337286894132e-04
3.809999999999999609e+00 4.718701185346674265e-04
3.870000000000000107e+00 3.926456091596364217e-04
3.929999999999999716e+00 3.145386869074506819e-04
3.989999999999999769e+00 2.457449906789772724e-04
4.049999999999999822e+00 1.949568647630058949e-04
4.109999999999999432e+00 1.594424295259256328e-04
4.169999999999999929e+00 1.276532846983248709e-04
4.230000000000000426e+00 9.834766681038403454e-05
4.290000000000000036e+00 8.208056535563496090e-05
4.349999999999999645e+00 6.171564445045563433e-05
4.410000000000000142e+00 4.619360107760462372e-05
4.469999999999999751e+00 3.812213852372153117e-05
4.529999999999999361e+00 3.303090829742696380e-05
4.589999999999999858e+00 2.508362209052687159e-05
4.650000000000000355e+00 1.924733378233526101e-05
4.709999999999999964e+00 1.428027990302272498e-05
4.769999999999999574e+00 1.092751853448711646e-05
4.830000000000000071e+00 9.189049676727801858e-06
4.889999999999999680e+00 5.091230226295058648e-06
4.949999999999999289e+00 4.967053879312325969e-06
5.009999999999999787e+00 4.221995797415414055e-06
5.070000000000000284e+00 2.607703286638970626e-06
5.129999999999999893e+00 2.110997898707707027e-06
5.189999999999999503e+00 2.359350592673354497e-06
5.250000000000000000e+00 1.365939816810889557e-06
5.309999999999999609e+00 6.208817349140315347e-07
5.369999999999999218e+00 9.934107758624651515e-07
5.429999999999999716e+00 1.117587122845256699e-06
5.490000000000000213e+00 3.725290409484244054e-07
5.549999999999999822e+00 3.725290409484188996e-07
5.609999999999999432e+00 6.208817349140407462e-07
5.669999999999999929e+00 2.483526939656125821e-07
5.730000000000000426e+00 0.000000000000000000e+00
5.789999999999999147e+00 1.241763469828081439e-07
5.849999999999999645e+00 2.483526939656125821e-07
5.910000000000000142e+00 1.241763469828081439e-07
5.969999999999999751e+00 0.000000000000000000e+00
