2.999999999999999889e-02 9.615706972398165020e-02
8.999999999999999667e-02 1.618134490784018109e-01
1.499999999999999944e-01 2.416296569627746360e-01
2.099999999999999922e-01 3.230320934680508960e-01
2.700000000000000178e-01 4.039706071513688435e-01
3.299999999999999600e-01 4.792953566657654485e-01
3.900000000000000133e-01 5.496424974226145066e-01
4.499999999999999556e-01 6.109777883513106689e-01
5.100000000000000089e-01 6.628535737309865228e-01
5.700000000000000622e-01 7.042744559864790865e-01
6.299999999999998934e-01 7.352807924296524966e-01
6.899999999999999467e-01 7.543822185773313427e-01
7.500000000000000000e-01 7.632893877473173605e-01
8.100000000000000533e-01 7.615086989713867327e-01
8.699999999999998845e-01 7.516438818348744055e-01
9.299999999999999378e-01 7.336126074215709725e-01
9.899999999999999911e-01 7.088307344081300476e-01
1.050000000000000044e+00 6.776190102916379576e-01
1.109999999999999876e+00 6.430614787568279533e-01
1.169999999999999929e+00 6.042055830672793393e-01
1.229999999999999982e+00 5.645604225339518889e-01
1.290000000000000036e+00 5.229213624416905182e-01
1.349999999999999867e+00 4.811142917557127974e-01
1.409999999999999920e+00 4.398534728079047662e-01
1.469999999999999973e+00 3.998524228720792273e-01
1.530000000000000027e+00 3.615041600776522368e-01
1.589999999999999858e+00 3.247439885492928724e-01
1.649999999999999911e+00 2.898674479862109465e-01
1.709999999999999964e+00 2.581502019724511432e-01
1.770000000000000018e+00 2.282702691475825274e-01
1.829999999999999849e+00 2.009436503123017137e-01
1.889999999999999902e+00 1.763189845506273057e-01
1.949999999999999956e+00 1.537765077286200321e-01
2.009999999999999787e+00 1.339166124705220007e-01
2.070000000000000284e+00 1.157919574463760620e-01
2.129999999999999893e+00 9.998952423524989919e-02
2.189999999999999947e+00 8.595660392907766845e-02
2.250000000000000000e+00 7.347203845882437079e-02
2.309999999999999609e+00 6.276170459460490847e-02
2.370000000000000107e+00 5.336118280908348777e-02
2.429999999999999716e+00 4.518814418605072991e-02
2.490000000000000213e+00 3.820769517278440469e-02
2.549999999999999822e+00 3.216527426365964337e-02
2.609999999999999876e+00 2.708546837482967914e-02
2.669999999999999929e+00 2.266181028879042311e-02
2.729999999999999538e+00 1.895179365291042514e-02
2.790000000000000036e+00 1.578802875519812535e-02
2.849999999999999645e+00 1.313587039561968720e-02
2.910000000000000142e+00 1.079415289655937492e-02
2.969999999999999751e+00 8.932749496892704311e-03
3.030000000000000249e+00 7.360925331917339033e-03
3.089999999999999858e+00 6.079797988731145200e-03
3.149999999999999911e+00 4.952525136017770988e-03
3.209999999999999964e+00 4.041443298569144700e-03
3.269999999999999574e+00 3.283595069872300050e-03
3.330000000000000071e+00 2.657994647756176717e-03
3.389999999999999680e+00 2.184137718261312464e-03
3.450000000000000178e+00 1.770257963018549577e-03
3.509999999999999787e+00 1.444667588507141196e-03
3.569999999999999840e+00 1.172597218349066307e-03
3.629999999999999893e+00 9.231269428366930749e-04
3.689999999999999503e+00 7.477899448160568860e-04
3.750000000000000000e+00 6.056080306987560299e-04
3.809999999999999609e+00 4.799415703610194865e-04
3.870000000000000107e+00 3.763784992921733819e-04
3.929999999999999716e+00 3.008792820141656995e-04
3.989999999999999769e+00 2.577900905742519662e-04
4.049999999999999822e+00 2.038975571883022545e-04
4.109999999999999432e+00 1.493841420813223119e-04
4.169999999999999929e+00 1.162290581779847157e-04
4.230000000000000426e+00 9.387731622068134975e-05
4.290000000000000036e+00 7.686515706428690006e-05
4.349999999999999645e+00 5.774200005637146948e-05
4.410000000000000142e+00 4.768371617558417959e-05
4.469999999999999751e+00 3.352761293595712928e-05
4.529999999999999361e+00 2.756714841400960319e-05
4.589999999999999858e+00 2.334515271096274558e-05
4.650000000000000355e+00 1.514951399328455797e-05
4.709999999999999964e+00 1.428027958383359354e-05
4.769999999999999574e+00 1.117587097865254188e-05
4.830000000000000071e+00 9.685754848165535844e-06
4.889999999999999680e+00 7.202227964020420752e-06
4.949999999999999289e+00 4.470348391461016413e-06
5.009999999999999787e+00 4.718701079875447962e-06
5.070000000000000284e+00 3.104408605181261727e-06
5.129999999999999893e+00 1.986821507315978401e-06
5.189999999999999503e+00 2.110997851523258127e-06
5.250000000000000000e+00 1.862645163108756909e-06
5.309999999999999609e+00 7.450580652434917946e-07
5.369999999999999218e+00 2.483526884145009530e-07
5.429999999999999716e+00 4.967053768289946003e-07
5.490000000000000213e+00 2.483526884145009530e-07
5.549999999999999822e+00 1.241763442072486501e-07
5.609999999999999432e+00 2.483526884145009530e-07
5.669999999999999929e+00 2.483526884144973002e-07
5.730000000000000426e+00 2.483526884145009530e-07
5.789999999999999147e+00 0.000000000000000000e+00
5.849999999999999645e+00 0.000000000000000000e+00
5.910000000000000142e+00 0.000000000000000000e+00
5.969999999999999751e+00 0.000000000000000000e+00
