2.999999999999999889e-02 9.649520119031271270e-02
8.999999999999999667e-02 1.618932932615280151e-01
1.499999999999999944e-01 2.415762593348821097e-01
2.099999999999999922e-01 3.231196353832880841e-01
2.700000000000000178e-01 4.038795828819274902e-01
3.299999999999999600e-01 4.800592859586080285e-01
3.900000000000000133e-01 5.498208105564117432e-01
4.499999999999999556e-01 6.110118081172307702e-01
5.100000000000000089e-01 6.626748790343596207e-01
5.700000000000000622e-01 7.041652997334805208e-01
6.299999999999998934e-01 7.344909012317664132e-01
6.899999999999999467e-01 7.538788020610802665e-01
7.500000000000000000e-01 7.630219062169386612e-01
8.100000000000000533e-01 7.627324511607495028e-01
8.699999999999998845e-01 7.517248392105110311e-01
9.299999999999999378e-01 7.335444291432692276e-01
9.899999999999999911e-01 7.080095509688053568e-01
1.050000000000000044e+00 6.776183843612665347e-01
1.109999999999999876e+00 6.426361699899055813e-01
1.169999999999999929e+00 6.047805150349929715e-01
1.229999999999999982e+00 5.645049115022018338e-01
1.290000000000000036e+00 5.230390777190541129e-01
1.349999999999999867e+00 4.812198380629217342e-01
1.409999999999999920e+00 4.400291790564850869e-01
1.469999999999999973e+00 3.995748857657110964e-01
1.530000000000000027e+00 3.611966967582699306e-01
1.589999999999999858e+00 3.245712568362563166e-01
1.649999999999999911e+00 2.904001623392102327e-01
1.709999999999999964e+00 2.575258413950600178e-01
1.770000000000000018e+00 2.282451838254934973e-01
1.829999999999999849e+00 2.008034537235894035e-01
1.889999999999999902e+00 1.761657496293384251e-01
1.949999999999999956e+00 1.540160427490868678e-01
2.009999999999999787e+00 1.338208715120950132e-01
2.070000000000000284e+00 1.159663001696267653e-01
2.129999999999999893e+00 1.000234236319858944e-01
2.189999999999999947e+00 8.577083547910110961e-02
2.250000000000000000e+00 7.359646260738365864e-02
2.309999999999999609e+00 6.296237309773757007e-02
2.370000000000000107e+00 5.341631670792892916e-02
2.429999999999999716e+00 4.523284733295436510e-02
2.490000000000000213e+00 3.825960059960679949e-02
2.549999999999999822e+00 3.227045138676958719e-02
2.609999999999999876e+00 2.710707485675829462e-02
2.669999999999999929e+00 2.267236510912575345e-02
2.729999999999999538e+00 1.890361309051511937e-02
2.790000000000000036e+00 1.572333276271818681e-02
2.849999999999999645e+00 1.306446890036263957e-02
2.910000000000000142e+00 1.079142093658446225e-02
2.969999999999999751e+00 8.964166045188895135e-03
3.030000000000000249e+00 7.336710890134169258e-03
3.089999999999999858e+00 6.032486756642654012e-03
3.149999999999999911e+00 4.986921946207714673e-03
3.209999999999999964e+00 4.018098115921017038e-03
3.269999999999999574e+00 3.345310688018795792e-03
3.330000000000000071e+00 2.700959642728167302e-03
3.389999999999999680e+00 2.203881740570066191e-03
3.450000000000000178e+00 1.789008577664691606e-03
3.509999999999999787e+00 1.434112588564553621e-03
3.569999999999999840e+00 1.176570852597562259e-03
3.629999999999999893e+00 9.503215551376334100e-04
3.689999999999999503e+00 7.551163434982293299e-04
3.750000000000000000e+00 5.933145682017002681e-04
3.809999999999999609e+00 4.788239796956375691e-04
3.870000000000000107e+00 3.902862469355261685e-04
3.929999999999999716e+00 3.142903248469032301e-04
3.989999999999999769e+00 2.517054478327449712e-04
4.049999999999999822e+00 1.963227987289412448e-04
4.109999999999999432e+00 1.564621925354014206e-04
4.169999999999999929e+00 1.262873411178578296e-04
4.230000000000000426e+00 9.412566820780497636e-05
4.290000000000000036e+00 7.587174574534035062e-05
4.349999999999999645e+00 6.270905335744262211e-05
4.410000000000000142e+00 4.780789216359487777e-05
4.469999999999999751e+00 4.209578037261928332e-05
4.529999999999999361e+00 3.091990947723409001e-05
4.589999999999999858e+00 1.887480417887353980e-05
4.650000000000000355e+00 2.024074395497653075e-05
4.709999999999999964e+00 1.291433970133452813e-05
4.769999999999999574e+00 1.279016335805265519e-05
4.830000000000000071e+00 9.064873059590717409e-06
4.889999999999999680e+00 7.823109626769955157e-06
4.949999999999999289e+00 3.849466641744002993e-06
5.009999999999999787e+00 4.470348358154259606e-06
5.070000000000000284e+00 3.601113955179873836e-06
5.129999999999999893e+00 2.607703208923318244e-06
5.189999999999999503e+00 2.359350522359227627e-06
5.250000000000000000e+00 1.241763432820646209e-06
5.309999999999999609e+00 1.738468805948878900e-06
5.369999999999999218e+00 7.450580596923876829e-07
5.429999999999999716e+00 3.725290298461883358e-07
5.490000000000000213e+00 3.725290298461938415e-07
5.549999999999999822e+00 3.725290298461883358e-07
5.609999999999999432e+00 2.483526865641292100e-07
5.669999999999999929e+00 1.241763432820627786e-07
5.730000000000000426e+00 1.241763432820646050e-07
5.789999999999999147e+00 0.000000000000000000e+00
5.849999999999999645e+00 0.000000000000000000e+00
5.910000000000000142e+00 0.000000000000000000e+00
5.969999999999999751e+00 0.000000000000000000e+00
