2.999999999999999889e-02 9.618004306425716188e-02
8.999999999999999667e-02 1.619151507106694476e-01
1.499999999999999944e-01 2.412546462007559289e-01
2.099999999999999922e-01 3.232691485176853452e-01
2.700000000000000178e-01 4.036389351433357087e-01
3.299999999999999600e-01 4.797148279306515661e-01
3.900000000000000133e-01 5.500997188205478672e-01
4.499999999999999556e-01 6.110631020525559842e-01
5.100000000000000089e-01 6.626849471929406876e-01
5.700000000000000622e-01 7.040192788444855632e-01
6.299999999999998934e-01 7.345445563576310510e-01
6.899999999999999467e-01 7.542874776465808839e-01
7.500000000000000000e-01 7.632245733821073630e-01
8.100000000000000533e-01 7.623061651335093503e-01
8.699999999999998845e-01 7.521412136973132379e-01
9.299999999999999378e-01 7.337232540109238643e-01
9.899999999999999911e-01 7.088116165321803885e-01
1.050000000000000044e+00 6.773589900735857983e-01
1.109999999999999876e+00 6.428510046430099267e-01
1.169999999999999929e+00 6.044755469432797623e-01
1.229999999999999982e+00 5.644545043178568200e-01
1.290000000000000036e+00 5.224488753445293288e-01
1.349999999999999867e+00 4.814205142073902377e-01
1.409999999999999920e+00 4.399925535916168751e-01
1.469999999999999973e+00 3.998000234335661318e-01
1.530000000000000027e+00 3.612925662789625014e-01
1.589999999999999858e+00 3.246840137941252036e-01
1.649999999999999911e+00 2.895864390768571051e-01
1.709999999999999964e+00 2.577643879914935376e-01
1.770000000000000018e+00 2.284637375940448967e-01
1.829999999999999849e+00 2.009955575217139412e-01
1.889999999999999902e+00 1.762925363027929293e-01
1.949999999999999956e+00 1.540605001756621961e-01
2.009999999999999787e+00 1.337268720129161648e-01
2.070000000000000284e+00 1.161324498474465283e-01
2.129999999999999893e+00 9.989850371924785533e-02
2.189999999999999947e+00 8.585776019877887355e-02
2.250000000000000000e+00 7.371083011792339823e-02
2.309999999999999609e+00 6.284192298117159681e-02
2.370000000000000107e+00 5.326966524029268235e-02
2.429999999999999716e+00 4.517572688821541033e-02
2.490000000000000213e+00 3.823153731571934943e-02
2.549999999999999822e+00 3.214466123001762793e-02
2.609999999999999876e+00 2.702934086863228655e-02
2.669999999999999929e+00 2.263635430688191660e-02
2.729999999999999538e+00 1.885071424917449112e-02
2.790000000000000036e+00 1.571861429589907141e-02
2.849999999999999645e+00 1.308011531452508633e-02
2.910000000000000142e+00 1.082817729554837009e-02
2.969999999999999751e+00 8.954728776535315557e-03
3.030000000000000249e+00 7.393335412840072902e-03
3.089999999999999858e+00 6.100162954630890949e-03
3.149999999999999911e+00 4.984686846306259772e-03
3.209999999999999964e+00 4.071369827857160457e-03
3.269999999999999574e+00 3.309920479505066345e-03
3.330000000000000071e+00 2.694129983993318652e-03
3.389999999999999680e+00 2.202391657268874467e-03
3.450000000000000178e+00 1.799687770004386759e-03
3.509999999999999787e+00 1.445288480996415959e-03
3.569999999999999840e+00 1.147761958059109006e-03
3.629999999999999893e+00 9.279698271746899142e-04
3.689999999999999503e+00 7.585932924140479511e-04
3.750000000000000000e+00 6.085882674940660359e-04
3.809999999999999609e+00 4.782031051050088591e-04
3.870000000000000107e+00 3.716598009813792459e-04
3.929999999999999716e+00 3.095716284151615091e-04
3.989999999999999769e+00 2.396603461056021512e-04
4.049999999999999822e+00 1.981854468313654744e-04
4.109999999999999432e+00 1.505017303005128408e-04
4.169999999999999929e+00 1.272807537607453495e-04
4.230000000000000426e+00 9.139379001747314959e-05
4.290000000000000036e+00 7.140139845114984441e-05
4.349999999999999645e+00 6.121893815029111742e-05
4.410000000000000142e+00 4.631777673439875460e-05
4.469999999999999751e+00 3.663202181406818175e-05
4.529999999999999361e+00 2.558032709728188668e-05
4.589999999999999858e+00 2.545615075214907396e-05
4.650000000000000355e+00 1.713633562827621555e-05
4.709999999999999964e+00 1.403192699996509967e-05
4.769999999999999574e+00 1.092751837165439884e-05
4.830000000000000071e+00 7.823109743343489633e-06
4.889999999999999680e+00 8.443991469005545774e-06
4.949999999999999289e+00 3.973643044237963136e-06
5.009999999999999787e+00 4.346172079635207832e-06
5.070000000000000284e+00 3.228584973443344995e-06
5.129999999999999893e+00 2.359350557516255487e-06
5.189999999999999503e+00 2.483526902648727278e-06
5.250000000000000000e+00 2.731879592913599709e-06
5.309999999999999609e+00 4.967053805297380863e-07
5.369999999999999218e+00 7.450580707946181409e-07
5.429999999999999716e+00 4.967053805297380863e-07
5.490000000000000213e+00 3.725290353973090705e-07
5.549999999999999822e+00 4.967053805297380863e-07
5.609999999999999432e+00 4.967053805297453920e-07
5.669999999999999929e+00 2.483526902648690432e-07
5.730000000000000426e+00 3.725290353973090705e-07
5.789999999999999147e+00 1.241763451324363480e-07
5.849999999999999645e+00 0.000000000000000000e+00
5.910000000000000142e+00 0.000000000000000000e+00
5.969999999999999751e+00 0.000000000000000000e+00
