2.999999999999999889e-02 9.610541164875030518e-02
8.999999999999999667e-02 1.615079740683237897e-01
1.499999999999999944e-01 2.415000150601069318e-01
2.099999999999999922e-01 3.230974078178405762e-01
2.700000000000000178e-01 4.033662378787994385e-01
3.299999999999999600e-01 4.796110093593597412e-01
3.900000000000000133e-01 5.496523032585780566e-01
4.499999999999999556e-01 6.109750519196193164e-01
5.100000000000000089e-01 6.629558900992069681e-01
5.700000000000000622e-01 7.039142151673641878e-01
6.299999999999998934e-01 7.347269604603456905e-01
6.899999999999999467e-01 7.546164095401757255e-01
7.500000000000000000e-01 7.632731149593982023e-01
8.100000000000000533e-01 7.626175880432136678e-01
8.699999999999998845e-01 7.516288508971539217e-01
9.299999999999999378e-01 7.341604679822915092e-01
9.899999999999999911e-01 7.083057115475330789e-01
1.050000000000000044e+00 6.774988025426859073e-01
1.109999999999999876e+00 6.430121759573637075e-01
1.169999999999999929e+00 6.048701703548425845e-01
1.229999999999999982e+00 5.646043767531707669e-01
1.290000000000000036e+00 5.229000002145781645e-01
1.349999999999999867e+00 4.810625066359833779e-01
1.409999999999999920e+00 4.399714370568589272e-01
1.469999999999999973e+00 3.997012972831722744e-01
1.530000000000000027e+00 3.614500164985653408e-01
1.589999999999999858e+00 3.250822424888619722e-01
1.649999999999999911e+00 2.903020630280174208e-01
1.709999999999999964e+00 2.580773085355756447e-01
1.770000000000000018e+00 2.280731995900478482e-01
1.829999999999999849e+00 2.011698981126147645e-01
1.889999999999999902e+00 1.761971662441887965e-01
1.949999999999999956e+00 1.538330068190891242e-01
2.009999999999999787e+00 1.337286084890364490e-01
2.070000000000000284e+00 1.157902181148528081e-01
2.129999999999999893e+00 9.990644951661419026e-02
2.189999999999999947e+00 8.590618769327855453e-02
2.250000000000000000e+00 7.340423762798302387e-02
2.309999999999999609e+00 6.251583496729527789e-02
2.370000000000000107e+00 5.336577693621313151e-02
2.429999999999999716e+00 4.529841244220729479e-02
2.490000000000000213e+00 3.817491233348842966e-02
2.549999999999999822e+00 3.216974437236783113e-02
2.609999999999999876e+00 2.699034909407315233e-02
2.669999999999999929e+00 2.257972955703733270e-02
2.729999999999999538e+00 1.885195573170978314e-02
2.790000000000000036e+00 1.569526890913644154e-02
2.849999999999999645e+00 1.304335892200468756e-02
2.910000000000000142e+00 1.082854966322580048e-02
2.969999999999999751e+00 8.991112311681103558e-03
3.030000000000000249e+00 7.333854834238681501e-03
3.089999999999999858e+00 6.020317475001012338e-03
3.149999999999999911e+00 4.961589972178173658e-03
3.209999999999999964e+00 4.046286145846045811e-03
3.269999999999999574e+00 3.324324886004127299e-03
3.330000000000000071e+00 2.710645397504168278e-03
3.389999999999999680e+00 2.191339929898577892e-03
3.450000000000000178e+00 1.764670014381407174e-03
3.509999999999999787e+00 1.445785164833067547e-03
3.569999999999999840e+00 1.181662082672126730e-03
3.629999999999999893e+00 9.187807639439892404e-04
3.689999999999999503e+00 7.691482702891025034e-04
3.750000000000000000e+00 6.006409724553421047e-04
3.809999999999999609e+00 4.801899194717402890e-04
3.870000000000000107e+00 3.870576620101925458e-04
3.929999999999999716e+00 3.147870302200314672e-04
3.989999999999999769e+00 2.401570479075129563e-04
4.049999999999999822e+00 1.947085062662744334e-04
4.109999999999999432e+00 1.514951388041188324e-04
4.169999999999999929e+00 1.250455776850372097e-04
4.230000000000000426e+00 9.424984455108703564e-05
4.290000000000000036e+00 7.711350917816098412e-05
4.349999999999999645e+00 6.159146626790404789e-05
4.410000000000000142e+00 4.544854164123564972e-05
4.469999999999999751e+00 3.563861052195201756e-05
4.529999999999999361e+00 3.228584925333679635e-05
4.589999999999999858e+00 2.061327298482242061e-05
4.650000000000000355e+00 1.688798268636078776e-05
4.709999999999999964e+00 1.254181067148834011e-05
4.769999999999999574e+00 1.055498917897549150e-05
4.830000000000000071e+00 7.823109626770070353e-06
4.889999999999999680e+00 6.953875223795515601e-06
4.949999999999999289e+00 4.842877388000519621e-06
5.009999999999999787e+00 2.856055895487443590e-06
5.070000000000000284e+00 1.986821492513033680e-06
5.129999999999999893e+00 2.607703208923318244e-06
5.189999999999999503e+00 1.862645149230969101e-06
5.250000000000000000e+00 1.614292462666839944e-06
5.309999999999999609e+00 1.365939776102690459e-06
5.369999999999999218e+00 1.117587089538581419e-06
5.429999999999999716e+00 8.692344029744394501e-07
5.490000000000000213e+00 8.692344029744522615e-07
5.549999999999999822e+00 3.725290298461883358e-07
5.609999999999999432e+00 1.241763432820646050e-07
5.669999999999999929e+00 4.967053731282511143e-07
5.730000000000000426e+00 1.241763432820646050e-07
5.789999999999999147e+00 1.241763432820646050e-07
5.849999999999999645e+00 0.000000000000000000e+00
5.910000000000000142e+00 1.241763432820646050e-07
5.969999999999999751e+00 1.241763432820627786e-07
