2.999999999999999889e-02 9.596832096576690674e-02
8.999999999999999667e-02 1.619042207797368460e-01
1.499999999999999944e-01 2.413472781578699933e-01
2.099999999999999922e-01 3.231941411892573224e-01
2.700000000000000178e-01 4.033052672942479822e-01
3.299999999999999600e-01 4.798325399557749615e-01
3.900000000000000133e-01 5.490655700365703051e-01
4.499999999999999556e-01 6.114161262909572070e-01
5.100000000000000089e-01 6.630970786015186746e-01
5.700000000000000622e-01 7.040314376354224191e-01
6.299999999999998934e-01 7.345331211884823519e-01
6.899999999999999467e-01 7.542509585618966117e-01
7.500000000000000000e-01 7.630037764708194059e-01
8.100000000000000533e-01 7.618846992651628902e-01
8.699999999999998845e-01 7.527116686105735921e-01
9.299999999999999378e-01 7.336792846520735489e-01
9.899999999999999911e-01 7.085909446080519425e-01
1.050000000000000044e+00 6.781421601772302798e-01
1.109999999999999876e+00 6.428830325603502871e-01
1.169999999999999929e+00 6.045795977115625552e-01
1.229999999999999982e+00 5.644528816143666861e-01
1.290000000000000036e+00 5.226464321215962272e-01
1.349999999999999867e+00 4.813093692064280837e-01
1.409999999999999920e+00 4.400213559468583169e-01
1.469999999999999973e+00 4.003013173739111696e-01
1.530000000000000027e+00 3.614089141289389961e-01
1.589999999999999858e+00 3.244375189145415339e-01
1.649999999999999911e+00 2.899037053187685786e-01
1.709999999999999964e+00 2.583100150028862507e-01
1.770000000000000018e+00 2.285591016213105453e-01
1.829999999999999849e+00 2.010354151328402894e-01
1.889999999999999902e+00 1.761732002099353489e-01
1.949999999999999956e+00 1.538480321566262354e-01
2.009999999999999787e+00 1.334552963574726081e-01
2.070000000000000284e+00 1.157818982998529006e-01
2.129999999999999893e+00 1.000172148148217866e-01
2.189999999999999947e+00 8.583006759484665404e-02
2.250000000000000000e+00 7.356901963551833179e-02
2.309999999999999609e+00 6.280851860841109302e-02
2.370000000000000107e+00 5.325910945733383639e-02
2.429999999999999716e+00 4.525234301884965143e-02
2.490000000000000213e+00 3.813418249289191042e-02
2.549999999999999822e+00 3.206816812356310525e-02
2.609999999999999876e+00 2.702847123146074823e-02
2.669999999999999929e+00 2.263051768143969911e-02
2.729999999999999538e+00 1.889206469058988744e-02
2.790000000000000036e+00 1.574146250883736928e-02
2.849999999999999645e+00 1.302113135655719872e-02
2.910000000000000142e+00 1.082035402456918427e-02
2.969999999999999751e+00 8.942311008771252484e-03
3.030000000000000249e+00 7.374212145805351948e-03
3.089999999999999858e+00 6.037702163060500692e-03
3.149999999999999911e+00 4.941721757253042871e-03
3.209999999999999964e+00 4.084780812263485300e-03
3.269999999999999574e+00 3.335500756899513041e-03
3.330000000000000071e+00 2.663085858027137987e-03
3.389999999999999680e+00 2.150113383928932854e-03
3.450000000000000178e+00 1.769388715426125453e-03
3.509999999999999787e+00 1.432374119758604656e-03
3.569999999999999840e+00 1.170734564463305188e-03
3.629999999999999893e+00 9.377797444661450021e-04
3.689999999999999503e+00 7.520119349161776988e-04
3.750000000000000000e+00 6.057322025299066845e-04
3.809999999999999609e+00 4.827976226806636288e-04
3.870000000000000107e+00 3.887961308161414029e-04
3.929999999999999716e+00 3.024935722351071508e-04
3.989999999999999769e+00 2.432614564895645604e-04
4.049999999999999822e+00 1.857678095499659210e-04
4.109999999999999432e+00 1.559654871622731564e-04
4.169999999999999929e+00 1.085301240285228640e-04
4.230000000000000426e+00 9.834766387939516822e-05
4.290000000000000036e+00 7.661680380503273343e-05
4.349999999999999645e+00 6.494422753651979765e-05
4.410000000000000142e+00 4.830459753672313524e-05
4.469999999999999751e+00 3.837049007415739636e-05
4.529999999999999361e+00 2.930561701456724816e-05
4.589999999999999858e+00 2.620120843251524427e-05
4.650000000000000355e+00 1.763304074605317396e-05
4.709999999999999964e+00 1.651545365651434902e-05
4.769999999999999574e+00 9.685754776001039243e-06
4.830000000000000071e+00 8.319814999898329514e-06
4.889999999999999680e+00 6.705522537231389408e-06
4.949999999999999289e+00 4.221995671590196941e-06
5.009999999999999787e+00 4.594524701436322278e-06
5.070000000000000284e+00 2.980232238769550732e-06
5.129999999999999893e+00 2.359350522359192475e-06
5.189999999999999503e+00 1.986821492513033680e-06
5.250000000000000000e+00 1.117587089538581419e-06
5.309999999999999609e+00 9.934107462565022287e-07
5.369999999999999218e+00 1.490116119384775366e-06
5.429999999999999716e+00 7.450580596923766715e-07
5.490000000000000213e+00 3.725290298461938415e-07
5.549999999999999822e+00 2.483526865641255572e-07
5.609999999999999432e+00 3.725290298461938415e-07
5.669999999999999929e+00 0.000000000000000000e+00
5.730000000000000426e+00 2.483526865641292100e-07
5.789999999999999147e+00 1.241763432820646050e-07
5.849999999999999645e+00 2.483526865641255572e-07
5.910000000000000142e+00 2.483526865641292100e-07
5.969999999999999751e+00 0.000000000000000000e+00
