2.999999999999999889e-02 9.619668197778374896e-02
8.999999999999999667e-02 1.618154358999090991e-01
1.499999999999999944e-01 2.416508911176340757e-01
2.099999999999999922e-01 3.234484567501778041e-01
2.700000000000000178e-01 4.037153005876786827e-01
3.299999999999999600e-01 4.800749357546985618e-01
3.900000000000000133e-01 5.493999810223777480e-01
4.499999999999999556e-01 6.107891644844599677e-01
5.100000000000000089e-01 6.627560953007838318e-01
5.700000000000000622e-01 7.043929202188528027e-01
6.299999999999998934e-01 7.347976222743420882e-01
6.899999999999999467e-01 7.544142560741368131e-01
7.500000000000000000e-01 7.627930548995208726e-01
8.100000000000000533e-01 7.622209744817595167e-01
8.699999999999998845e-01 7.519587930437839907e-01
9.299999999999999378e-01 7.333488568664747742e-01
9.899999999999999911e-01 7.083402378485115225e-01
1.050000000000000044e+00 6.777280371218519228e-01
1.109999999999999876e+00 6.429955411180539038e-01
1.169999999999999929e+00 6.042943691533876338e-01
1.229999999999999982e+00 5.646742922415898258e-01
1.290000000000000036e+00 5.229375053664374606e-01
1.349999999999999867e+00 4.812873935795376479e-01
1.409999999999999920e+00 4.398494991648900787e-01
1.469999999999999973e+00 3.996755957579281038e-01
1.530000000000000027e+00 3.611553487267740170e-01
1.589999999999999858e+00 3.244018827210019551e-01
1.649999999999999911e+00 2.900969258703059439e-01
1.709999999999999964e+00 2.579018492840365884e-01
1.770000000000000018e+00 2.283528464164803207e-01
1.829999999999999849e+00 2.011576061533708049e-01
1.889999999999999902e+00 1.764390630754756883e-01
1.949999999999999956e+00 1.539087555352007530e-01
2.009999999999999787e+00 1.336881279971806613e-01
2.070000000000000284e+00 1.158713061303244946e-01
2.129999999999999893e+00 9.995177462661089529e-02
2.189999999999999947e+00 8.583081329239573842e-02
2.250000000000000000e+00 7.360304450196303305e-02
2.309999999999999609e+00 6.282279935595487530e-02
2.370000000000000107e+00 5.325277686059055882e-02
2.429999999999999716e+00 4.532858763134912927e-02
2.490000000000000213e+00 3.833932209764409627e-02
2.549999999999999822e+00 3.223915918846296386e-02
2.609999999999999876e+00 2.700785815970014811e-02
2.669999999999999929e+00 2.267360704149010836e-02
2.729999999999999538e+00 1.889504506360771205e-02
2.790000000000000036e+00 1.569526902607530985e-02
2.849999999999999645e+00 1.305229971596820644e-02
2.910000000000000142e+00 1.082519698261118733e-02
2.969999999999999751e+00 8.934239613023191307e-03
3.030000000000000249e+00 7.332488949093877995e-03
3.089999999999999858e+00 6.043911025255250050e-03
3.149999999999999911e+00 4.958485600539718971e-03
3.209999999999999964e+00 4.036103715768232097e-03
3.269999999999999574e+00 3.325318321525935934e-03
3.330000000000000071e+00 2.693384905855242435e-03
3.389999999999999680e+00 2.184013541917105214e-03
3.450000000000000178e+00 1.764173322152394344e-03
3.509999999999999787e+00 1.454725872387928418e-03
3.569999999999999840e+00 1.174708216200589551e-03
3.629999999999999893e+00 9.549160869537490952e-04
3.689999999999999503e+00 7.513910587980670176e-04
3.750000000000000000e+00 6.095816737133881273e-04
3.809999999999999609e+00 4.880130327344907142e-04
3.870000000000000107e+00 4.063049982461205490e-04
3.929999999999999716e+00 3.100683314855021198e-04
3.989999999999999769e+00 2.494702755123662393e-04
4.049999999999999822e+00 1.981854453547687975e-04
4.109999999999999432e+00 1.618017765020473859e-04
4.169999999999999929e+00 1.221895226999326586e-04
4.230000000000000426e+00 9.660919579324086929e-05
4.290000000000000036e+00 7.549921727800716739e-05
4.349999999999999645e+00 6.606181511825725064e-05
4.410000000000000142e+00 5.053977209235094200e-05
4.469999999999999751e+00 3.725290326217458507e-05
4.529999999999999361e+00 3.079573336339811796e-05
4.589999999999999858e+00 2.384185808779173743e-05
4.650000000000000355e+00 1.924733335212382542e-05
4.709999999999999964e+00 1.440445592804084150e-05
4.769999999999999574e+00 1.067916560182353987e-05
4.830000000000000071e+00 9.437402159751036532e-06
4.889999999999999680e+00 6.705522587191425516e-06
4.949999999999999289e+00 4.967053768290019272e-06
5.009999999999999787e+00 5.587935489326187930e-06
5.070000000000000284e+00 3.352761293595762733e-06
5.129999999999999893e+00 2.856055916766718370e-06
5.189999999999999503e+00 1.490116130487005612e-06
5.250000000000000000e+00 7.450580652435028061e-07
5.309999999999999609e+00 1.241763442072486395e-06
5.369999999999999218e+00 1.117587097865254103e-06
5.429999999999999716e+00 1.490116130486983589e-06
5.490000000000000213e+00 6.208817210362524090e-07
5.549999999999999822e+00 2.483526884144973002e-07
5.609999999999999432e+00 1.241763442072504765e-07
5.669999999999999929e+00 3.725290326217458973e-07
5.730000000000000426e+00 2.483526884145009530e-07
5.789999999999999147e+00 2.483526884145009530e-07
5.849999999999999645e+00 0.000000000000000000e+00
5.910000000000000142e+00 1.241763442072504765e-07
5.969999999999999751e+00 1.241763442072486501e-07
