2.999999999999999889e-02 9.654847356092290112e-02
8.999999999999999667e-02 1.619743816204944065e-01
1.499999999999999944e-01 2.419870364814030728e-01
2.099999999999999922e-01 3.234536721566345085e-01
2.700000000000000178e-01 4.037340512156540329e-01
3.299999999999999600e-01 4.797330782790960035e-01
3.900000000000000133e-01 5.498711060722999422e-01
4.499999999999999556e-01 6.110495622782625702e-01
5.100000000000000089e-01 6.629421114644062918e-01
5.700000000000000622e-01 7.037476999343519335e-01
6.299999999999998934e-01 7.345624322784134463e-01
6.899999999999999467e-01 7.539282298629095269e-01
7.500000000000000000e-01 7.627744284478897852e-01
8.100000000000000533e-01 7.617062635350204669e-01
8.699999999999998845e-01 7.511209752494176772e-01
9.299999999999999378e-01 7.337637300324710843e-01
9.899999999999999911e-01 7.088708433673091003e-01
1.050000000000000044e+00 6.777357360551927723e-01
1.109999999999999876e+00 6.425348468810451186e-01
1.169999999999999929e+00 6.046917334548507217e-01
1.229999999999999982e+00 5.645255289812296517e-01
1.290000000000000036e+00 5.229049711642551612e-01
1.349999999999999867e+00 4.816371983411694702e-01
1.409999999999999920e+00 4.395780496764530310e-01
1.469999999999999973e+00 3.998799900204932367e-01
1.530000000000000027e+00 3.610983517847828894e-01
1.589999999999999858e+00 3.245809450093488091e-01
1.649999999999999911e+00 2.900895994659977717e-01
1.709999999999999964e+00 2.580215552798523770e-01
1.770000000000000018e+00 2.281884369367499221e-01
1.829999999999999849e+00 2.010653431296248184e-01
1.889999999999999902e+00 1.762849602323145193e-01
1.949999999999999956e+00 1.540274681202629115e-01
2.009999999999999787e+00 1.337413996488455714e-01
2.070000000000000284e+00 1.159990835885137545e-01
2.129999999999999893e+00 1.001257456848452521e-01
2.189999999999999947e+00 8.597336773554564715e-02
2.250000000000000000e+00 7.342584485877927392e-02
2.309999999999999609e+00 6.267875479667445182e-02
2.370000000000000107e+00 5.330393751440394567e-02
2.429999999999999716e+00 4.519534641401475733e-02
2.490000000000000213e+00 3.829697796426941719e-02
2.549999999999999822e+00 3.228349014334495198e-02
2.609999999999999876e+00 2.706199904577450896e-02
2.669999999999999929e+00 2.276537335985926933e-02
2.729999999999999538e+00 1.885108663775834567e-02
2.790000000000000036e+00 1.578380675949507539e-02
2.849999999999999645e+00 1.310730983645201977e-02
2.910000000000000142e+00 1.081290352453466962e-02
2.969999999999999751e+00 8.921201096881430093e-03
3.030000000000000249e+00 7.413327749172797521e-03
3.089999999999999858e+00 6.065641885491518739e-03
3.149999999999999911e+00 4.952400959673562870e-03
3.209999999999999964e+00 4.102662236263317913e-03
3.269999999999999574e+00 3.318240269906122704e-03
3.330000000000000071e+00 2.705057482210724337e-03
3.389999999999999680e+00 2.188235537620151702e-03
3.450000000000000178e+00 1.750886453322218631e-03
3.509999999999999787e+00 1.442804943344032451e-03
3.569999999999999840e+00 1.144657540902434918e-03
3.629999999999999893e+00 9.239961772461439309e-04
3.689999999999999503e+00 7.810692050635996853e-04
3.750000000000000000e+00 6.039937382240618928e-04
3.809999999999999609e+00 4.849086241293095270e-04
3.870000000000000107e+00 3.688037422955311529e-04
3.929999999999999716e+00 3.006309293257511460e-04
3.989999999999999769e+00 2.500911572334024334e-04
4.049999999999999822e+00 1.971920346011108273e-04
4.109999999999999432e+00 1.511226109002238342e-04
4.169999999999999929e+00 1.230587571093834061e-04
4.230000000000000426e+00 9.561578503958287204e-05
4.290000000000000036e+00 8.145968179995511022e-05
4.349999999999999645e+00 6.047387962893098224e-05
4.410000000000000142e+00 5.116065381338719706e-05
4.469999999999999751e+00 3.774960863900358370e-05
4.529999999999999361e+00 2.793967744663135555e-05
4.589999999999999858e+00 2.371768174358449116e-05
4.650000000000000355e+00 2.024074410578182605e-05
4.709999999999999964e+00 1.428027958383359354e-05
4.769999999999999574e+00 9.313225815543785182e-06
4.830000000000000071e+00 8.443991406093032508e-06
4.889999999999999680e+00 6.332993554569679937e-06
4.949999999999999289e+00 4.346172047253766757e-06
5.009999999999999787e+00 3.849466670424707994e-06
5.070000000000000284e+00 2.980232260974011224e-06
5.129999999999999893e+00 2.607703228352221175e-06
5.189999999999999503e+00 1.614292474694256115e-06
5.250000000000000000e+00 4.967053768290019060e-07
5.309999999999999609e+00 9.934107536579892007e-07
5.369999999999999218e+00 7.450580652435028061e-07
5.429999999999999716e+00 8.692344094507404977e-07
5.490000000000000213e+00 6.208817210362524090e-07
5.549999999999999822e+00 6.208817210362431975e-07
5.609999999999999432e+00 2.483526884145009530e-07
5.669999999999999929e+00 3.725290326217458973e-07
5.730000000000000426e+00 2.483526884145009530e-07
5.789999999999999147e+00 0.000000000000000000e+00
5.849999999999999645e+00 0.000000000000000000e+00
5.910000000000000142e+00 1.241763442072504765e-07
5.969999999999999751e+00 0.000000000000000000e+00
