2.999999999999999889e-02 9.588437847210252996e-02
8.999999999999999667e-02 1.614667487253751421e-01
1.499999999999999944e-01 2.416573482875328249e-01
2.099999999999999922e-01 3.230157021906155390e-01
2.700000000000000178e-01 4.038285494135956943e-01
3.299999999999999600e-01 4.797644948941803822e-01
3.900000000000000133e-01 5.496801228549093032e-01
4.499999999999999556e-01 6.112244025709062667e-01
5.100000000000000089e-01 6.626086979802098265e-01
5.700000000000000622e-01 7.042486273068838676e-01
6.299999999999998934e-01 7.346209193365350609e-01
6.899999999999999467e-01 7.539777762242482195e-01
7.500000000000000000e-01 7.633117394892746654e-01
8.100000000000000533e-01 7.624284731529298309e-01
8.699999999999998845e-01 7.519982811212418961e-01
9.299999999999999378e-01 7.338022246991754427e-01
9.899999999999999911e-01 7.085200451949235090e-01
1.050000000000000044e+00 6.779032499435283521e-01
1.109999999999999876e+00 6.434764760991685817e-01
1.169999999999999929e+00 6.043641562588319971e-01
1.229999999999999982e+00 5.642569355487093707e-01
1.290000000000000036e+00 5.230999280246605432e-01
1.349999999999999867e+00 4.811714128740481322e-01
1.409999999999999920e+00 4.401076617844969507e-01
1.469999999999999973e+00 3.995074609878714877e-01
1.530000000000000027e+00 3.612091170838158116e-01
1.589999999999999858e+00 3.247053697062444733e-01
1.649999999999999911e+00 2.899823111046027080e-01
1.709999999999999964e+00 2.579436967120344315e-01
1.770000000000000018e+00 2.284518149628134986e-01
1.829999999999999849e+00 2.008066838046411173e-01
1.889999999999999902e+00 1.763352516517184554e-01
1.949999999999999956e+00 1.539307347481254362e-01
2.009999999999999787e+00 1.337659865649986068e-01
2.070000000000000284e+00 1.158220081216742164e-01
2.129999999999999893e+00 1.000455277664873688e-01
2.189999999999999947e+00 8.602875038506209437e-02
2.250000000000000000e+00 7.347849562872316165e-02
2.309999999999999609e+00 6.267366356656195459e-02
2.370000000000000107e+00 5.336428721768866901e-02
2.429999999999999716e+00 4.522763226350863530e-02
2.490000000000000213e+00 3.818745442867862300e-02
2.549999999999999822e+00 3.223059102071266363e-02
2.609999999999999876e+00 2.704920888232116225e-02
2.669999999999999929e+00 2.252385037037616528e-02
2.729999999999999538e+00 1.887281749799461783e-02
2.790000000000000036e+00 1.573860657020363651e-02
2.849999999999999645e+00 1.301368087291975353e-02
2.910000000000000142e+00 1.087685434180140319e-02
2.969999999999999751e+00 8.966277109828661718e-03
3.030000000000000249e+00 7.373467142682270381e-03
3.089999999999999858e+00 6.028761511261965592e-03
3.149999999999999911e+00 4.929179983306808052e-03
3.209999999999999964e+00 4.028777311460005235e-03
3.269999999999999574e+00 3.317991917217708205e-03
3.330000000000000071e+00 2.647191305810145997e-03
3.389999999999999680e+00 2.178673959116193479e-03
3.450000000000000178e+00 1.766781025380746587e-03
3.509999999999999787e+00 1.426910371285504495e-03
3.569999999999999840e+00 1.162663110812486118e-03
3.629999999999999893e+00 9.290874073586410584e-04
3.689999999999999503e+00 7.531295276169685127e-04
3.750000000000000000e+00 6.077190285502793825e-04
3.809999999999999609e+00 4.852811531619312759e-04
3.870000000000000107e+00 3.865609595171678537e-04
3.929999999999999716e+00 3.108133895507456178e-04
3.989999999999999769e+00 2.477318066934646899e-04
4.049999999999999822e+00 1.893689249160541803e-04
4.109999999999999432e+00 1.564621937011355965e-04
4.169999999999999929e+00 1.230587571093834061e-04
4.230000000000000426e+00 9.921689902159312562e-05
4.290000000000000036e+00 7.636845168745790143e-05
4.349999999999999645e+00 6.233652479203973386e-05
4.410000000000000142e+00 5.116065381338719706e-05
4.469999999999999751e+00 3.551443444327311022e-05
4.529999999999999361e+00 3.303090755912862532e-05
4.589999999999999858e+00 2.396603443199898708e-05
4.650000000000000355e+00 1.999239141736732674e-05
4.709999999999999964e+00 1.365939786279734865e-05
4.769999999999999574e+00 1.142422366706704289e-05
4.830000000000000071e+00 7.574756996642278987e-06
4.889999999999999680e+00 5.215406456704442351e-06
4.949999999999999289e+00 3.352761293595762733e-06
5.009999999999999787e+00 4.718701079875447962e-06
5.070000000000000284e+00 3.228584949388512230e-06
5.129999999999999893e+00 1.365939786279734992e-06
5.189999999999999503e+00 3.104408605181261727e-06
5.250000000000000000e+00 4.967053768290019060e-07
5.309999999999999609e+00 6.208817210362431975e-07
5.369999999999999218e+00 4.967053768290019060e-07
5.429999999999999716e+00 6.208817210362431975e-07
5.490000000000000213e+00 6.208817210362524090e-07
5.549999999999999822e+00 4.967053768289946003e-07
5.609999999999999432e+00 6.208817210362524090e-07
5.669999999999999929e+00 1.241763442072486501e-07
5.730000000000000426e+00 4.967053768290019060e-07
5.789999999999999147e+00 2.483526884145009530e-07
5.849999999999999645e+00 1.241763442072486501e-07
5.910000000000000142e+00 2.483526884145009530e-07
5.969999999999999751e+00 1.241763442072486501e-07
