2.999999999999999889e-02 9.604009560773842102e-02
8.999999999999999667e-02 1.616111658136882012e-01
1.499999999999999944e-01 2.414775409411207552e-01
2.099999999999999922e-01 3.235188647373433146e-01
2.700000000000000178e-01 4.031526575720756900e-01
3.299999999999999600e-01 4.801289524644287154e-01
3.900000000000000133e-01 5.498889874658657861e-01
4.499999999999999556e-01 6.109118507125366193e-01
5.100000000000000089e-01 6.626716553867229020e-01
5.700000000000000622e-01 7.046246332771435306e-01
6.299999999999998934e-01 7.346533293623731531e-01
6.899999999999999467e-01 7.537065750884995863e-01
7.500000000000000000e-01 7.628510452522656582e-01
8.100000000000000533e-01 7.621429917375973639e-01
8.699999999999998845e-01 7.517972396199703589e-01
9.299999999999999378e-01 7.340643609617968357e-01
9.899999999999999911e-01 7.082110944505359829e-01
1.050000000000000044e+00 6.779971272597490328e-01
1.109999999999999876e+00 6.432508476817441201e-01
1.169999999999999929e+00 6.053511098425912174e-01
1.229999999999999982e+00 5.642247738755596931e-01
1.290000000000000036e+00 5.230649102955940988e-01
1.349999999999999867e+00 4.812183515321584726e-01
1.409999999999999920e+00 4.397809538228876769e-01
1.469999999999999973e+00 3.997204234181869209e-01
1.530000000000000027e+00 3.614844160389232841e-01
1.589999999999999858e+00 3.245733702523521114e-01
1.649999999999999911e+00 2.900278838229267686e-01
1.709999999999999964e+00 2.578113247291095034e-01
1.770000000000000018e+00 2.281799929453438291e-01
1.829999999999999849e+00 2.010492002048778759e-01
1.889999999999999902e+00 1.763068152688949675e-01
1.949999999999999956e+00 1.538885147910949991e-01
2.009999999999999787e+00 1.337505886983169079e-01
2.070000000000000284e+00 1.159402240013595181e-01
2.129999999999999893e+00 9.987466111685819325e-02
2.189999999999999947e+00 8.572824363208053633e-02
2.250000000000000000e+00 7.349364514271643223e-02
2.309999999999999609e+00 6.260536657724796727e-02
2.370000000000000107e+00 5.339595218546151073e-02
2.429999999999999716e+00 4.525606864633210241e-02
2.490000000000000213e+00 3.823662826098469386e-02
2.549999999999999822e+00 3.217111055183738411e-02
2.609999999999999876e+00 2.702921649090379505e-02
2.669999999999999929e+00 2.262604750165873521e-02
2.729999999999999538e+00 1.878800505490106632e-02
2.790000000000000036e+00 1.574171097880881776e-02
2.849999999999999645e+00 1.311277359559713876e-02
2.910000000000000142e+00 1.089560496977669789e-02
2.969999999999999751e+00 8.924802210863440333e-03
3.030000000000000249e+00 7.391100183559700700e-03
3.089999999999999858e+00 6.067504530654627484e-03
3.149999999999999911e+00 4.932036039223573927e-03
3.209999999999999964e+00 4.064415922247485019e-03
3.269999999999999574e+00 3.321841383888132510e-03
3.330000000000000071e+00 2.697358548869874858e-03
3.389999999999999680e+00 2.209221339791176894e-03
3.450000000000000178e+00 1.788387709272808027e-03
3.509999999999999787e+00 1.453235756257441422e-03
3.569999999999999840e+00 1.151983945210662648e-03
3.629999999999999893e+00 9.385248095183921406e-04
3.689999999999999503e+00 7.429470673919741494e-04
3.750000000000000000e+00 6.099542027460098763e-04
3.809999999999999609e+00 4.968295531732054397e-04
3.870000000000000107e+00 3.786136734879038757e-04
3.929999999999999716e+00 3.005067529815439505e-04
3.989999999999999769e+00 2.433856346462109248e-04
4.049999999999999822e+00 1.928458625538571165e-04
4.109999999999999432e+00 1.611808947810111105e-04
4.169999999999999929e+00 1.195818194715804293e-04
4.230000000000000426e+00 9.797513557952061550e-05
4.290000000000000036e+00 7.500251190117816877e-05
4.349999999999999645e+00 6.196399575941798489e-05
4.410000000000000142e+00 4.904965596186393258e-05
4.469999999999999751e+00 3.327926024754263674e-05
4.529999999999999361e+00 3.005067529815461325e-05
4.589999999999999858e+00 2.098580217102501906e-05
4.650000000000000355e+00 1.961986238474557439e-05
4.709999999999999964e+00 1.428027958383359354e-05
4.769999999999999574e+00 1.030663656920178921e-05
4.830000000000000071e+00 7.574756996642278987e-06
4.889999999999999680e+00 8.319815061885659185e-06
4.949999999999999289e+00 4.594524735668267763e-06
5.009999999999999787e+00 4.221995703046453574e-06
5.070000000000000284e+00 3.228584949388512230e-06
5.129999999999999893e+00 1.862645163108729381e-06
5.189999999999999503e+00 2.359350539937759133e-06
5.250000000000000000e+00 2.483526884145009636e-06
5.309999999999999609e+00 1.738468818901480995e-06
5.369999999999999218e+00 6.208817210362524090e-07
5.429999999999999716e+00 3.725290326217458973e-07
5.490000000000000213e+00 6.208817210362524090e-07
5.549999999999999822e+00 2.483526884144973002e-07
5.609999999999999432e+00 1.241763442072504765e-07
5.669999999999999929e+00 1.241763442072486501e-07
5.730000000000000426e+00 1.241763442072504765e-07
5.789999999999999147e+00 1.241763442072504765e-07
5.849999999999999645e+00 0.000000000000000000e+00
5.910000000000000142e+00 2.483526884145009530e-07
5.969999999999999751e+00 0.000000000000000000e+00
