2.999999999999999889e-02 9.630384688035419083e-02
8.999999999999999667e-02 1.618458603100855486e-01
1.499999999999999944e-01 2.413613136812247095e-01
2.099999999999999922e-01 3.234391459341717234e-01
2.700000000000000178e-01 4.036154658141056784e-01
3.299999999999999600e-01 4.799462926379783889e-01
3.900000000000000133e-01 5.497805856135574709e-01
4.499999999999999556e-01 6.110694350461577384e-01
5.100000000000000089e-01 6.625098585463039536e-01
5.700000000000000622e-01 7.038726265808841198e-01
6.299999999999998934e-01 7.351884107071428032e-01
6.899999999999999467e-01 7.541012131288822307e-01
7.500000000000000000e-01 7.633087649441071543e-01
8.100000000000000533e-01 7.618883117321385567e-01
8.699999999999998845e-01 7.518254332516415284e-01
9.299999999999999378e-01 7.338521490571713324e-01
9.899999999999999911e-01 7.084754711659068116e-01
1.050000000000000044e+00 6.779607486420975437e-01
1.109999999999999876e+00 6.426250036948689681e-01
1.169999999999999929e+00 6.046568444071731552e-01
1.229999999999999982e+00 5.642694815636095651e-01
1.290000000000000036e+00 5.224522281058479045e-01
1.349999999999999867e+00 4.813563150369567500e-01
1.409999999999999920e+00 4.397398547292723503e-01
1.469999999999999973e+00 4.000314881408929546e-01
1.530000000000000027e+00 3.615060254162451581e-01
1.589999999999999858e+00 3.242515075840289307e-01
1.649999999999999911e+00 2.903466466617578567e-01
1.709999999999999964e+00 2.578638532439446185e-01
1.770000000000000018e+00 2.282335146501693612e-01
1.829999999999999849e+00 2.011192371614658470e-01
1.889999999999999902e+00 1.764283852243677952e-01
1.949999999999999956e+00 1.538092914294592883e-01
2.009999999999999787e+00 1.336374650444208112e-01
2.070000000000000284e+00 1.158700652301816875e-01
2.129999999999999893e+00 1.001788939065568762e-01
2.189999999999999947e+00 8.577481040023039738e-02
2.250000000000000000e+00 7.338225950870297387e-02
2.309999999999999609e+00 6.270098282944629176e-02
2.370000000000000107e+00 5.335087657000929517e-02
2.429999999999999716e+00 4.524104364575506215e-02
2.490000000000000213e+00 3.818596459705574792e-02
2.549999999999999822e+00 3.231453447015879971e-02
2.609999999999999876e+00 2.710310161764095324e-02
2.669999999999999929e+00 2.269347542564284156e-02
2.729999999999999538e+00 1.888982979789120831e-02
2.790000000000000036e+00 1.580926302784575396e-02
2.849999999999999645e+00 1.304683605402959246e-02
2.910000000000000142e+00 1.084667957097310183e-02
2.969999999999999751e+00 8.940696849535349766e-03
3.030000000000000249e+00 7.356827567371136863e-03
3.089999999999999858e+00 6.006658166746167010e-03
3.149999999999999911e+00 4.960720811695700297e-03
3.209999999999999964e+00 4.065409363290803553e-03
3.269999999999999574e+00 3.295516023469703681e-03
3.330000000000000071e+00 2.731258711187917448e-03
3.389999999999999680e+00 2.203012538994536789e-03
3.450000000000000178e+00 1.770382152553131834e-03
3.509999999999999787e+00 1.462548992969824350e-03
3.569999999999999840e+00 1.173342285156391083e-03
3.629999999999999893e+00 9.456028681834958288e-04
3.689999999999999503e+00 7.454305998300099316e-04
3.750000000000000000e+00 6.077190330781390235e-04
3.809999999999999609e+00 4.868954492642793086e-04
3.870000000000000107e+00 3.912796635123040384e-04
3.929999999999999716e+00 3.070881015125128169e-04
3.989999999999999769e+00 2.338240578843776461e-04
4.049999999999999822e+00 1.943359801322600098e-04
4.109999999999999432e+00 1.481423797429965751e-04
4.169999999999999929e+00 1.233071107165074583e-04
4.230000000000000426e+00 1.064191277784979457e-04
4.290000000000000036e+00 7.574757053078505563e-05
4.349999999999999645e+00 6.171564353082086398e-05
4.410000000000000142e+00 4.520018962820682824e-05
4.469999999999999751e+00 3.290673146009514356e-05
4.529999999999999361e+00 2.856055938046036263e-05
4.589999999999999858e+00 2.272427115923551194e-05
4.650000000000000355e+00 2.036492060171956139e-05
4.709999999999999964e+00 1.229345816811101721e-05
4.769999999999999574e+00 1.167257644244901698e-05
4.830000000000000071e+00 8.568167814138107774e-06
4.889999999999999680e+00 5.587935530959552201e-06
4.949999999999999289e+00 5.712111876092071849e-06
5.009999999999999787e+00 4.718701115032510973e-06
5.070000000000000284e+00 3.228584973443344995e-06
5.129999999999999893e+00 2.235174212383820965e-06
5.189999999999999503e+00 1.738468831854108713e-06
5.250000000000000000e+00 1.241763451324363639e-06
5.309999999999999609e+00 1.117587106191910483e-06
5.369999999999999218e+00 1.365939796456799854e-06
5.429999999999999716e+00 7.450580707946071295e-07
5.490000000000000213e+00 7.450580707946181409e-07
5.549999999999999822e+00 4.967053805297380863e-07
5.609999999999999432e+00 1.241763451324363480e-07
5.669999999999999929e+00 0.000000000000000000e+00
5.730000000000000426e+00 4.967053805297453920e-07
5.789999999999999147e+00 0.000000000000000000e+00
5.849999999999999645e+00 1.241763451324345216e-07
5.910000000000000142e+00 1.241763451324363480e-07
5.969999999999999751e+00 0.000000000000000000e+00
