2.999999999999999889e-02 9.598347047964732315e-02
8.999999999999999667e-02 1.616146415472030640e-01
1.499999999999999944e-01 2.414086212714513235e-01
2.099999999999999922e-01 3.232686469952265607e-01
2.700000000000000178e-01 4.034161567687988281e-01
3.299999999999999600e-01 4.799837867418925152e-01
3.900000000000000133e-01 5.497726301352183764e-01
4.499999999999999556e-01 6.106240053971608850e-01
5.100000000000000089e-01 6.630053122838331925e-01
5.700000000000000622e-01 7.047212372223542465e-01
6.299999999999998934e-01 7.350054879983273226e-01
6.899999999999999467e-01 7.543113082647316947e-01
7.500000000000000000e-01 7.630152006944014298e-01
8.100000000000000533e-01 7.622187336285916048e-01
8.699999999999998845e-01 7.514802118142452914e-01
9.299999999999999378e-01 7.337011396884911552e-01
9.899999999999999911e-01 7.086293150981261002e-01
1.050000000000000044e+00 6.775139520565662821e-01
1.109999999999999876e+00 6.427127867937105776e-01
1.169999999999999929e+00 6.047240147987995584e-01
1.229999999999999982e+00 5.645789206027979068e-01
1.290000000000000036e+00 5.231667309999480375e-01
1.349999999999999867e+00 4.816554486751551956e-01
1.409999999999999920e+00 4.400656869014100137e-01
1.469999999999999973e+00 3.993503749370571621e-01
1.530000000000000027e+00 3.613289445638653286e-01
1.589999999999999858e+00 3.243554383516320527e-01
1.649999999999999911e+00 2.901117006937660170e-01
1.709999999999999964e+00 2.580211808284121333e-01
1.770000000000000018e+00 2.285194893678035855e-01
1.829999999999999849e+00 2.009805291891096357e-01
1.889999999999999902e+00 1.762531697750089887e-01
1.949999999999999956e+00 1.538610706726708521e-01
2.009999999999999787e+00 1.338101923465727650e-01
2.070000000000000284e+00 1.158718019723891240e-01
2.129999999999999893e+00 9.985628227392823186e-02
2.189999999999999947e+00 8.580535650253351410e-02
2.250000000000000000e+00 7.349016765753421665e-02
2.309999999999999609e+00 6.287818153699233081e-02
2.370000000000000107e+00 5.330294370651240260e-02
2.429999999999999716e+00 4.517386356989538942e-02
2.490000000000000213e+00 3.820645312468207155e-02
2.549999999999999822e+00 3.228311737378435770e-02
2.609999999999999876e+00 2.698165675004340902e-02
2.669999999999999929e+00 2.255464593569435697e-02
2.729999999999999538e+00 1.891677578290301698e-02
2.790000000000000036e+00 1.575363179047900922e-02
2.849999999999999645e+00 1.302684346834817423e-02
2.910000000000000142e+00 1.079961657524107846e-02
2.969999999999999751e+00 8.942062656084688935e-03
3.030000000000000249e+00 7.365271449089043354e-03
3.089999999999999858e+00 6.048629681269322017e-03
3.149999999999999911e+00 4.957988858222993518e-03
3.209999999999999964e+00 4.063919186592098581e-03
3.269999999999999574e+00 3.323579827944434916e-03
3.330000000000000071e+00 2.668797969818113066e-03
3.389999999999999680e+00 2.183640996615090080e-03
3.450000000000000178e+00 1.773238182067869576e-03
3.509999999999999787e+00 1.454601685206094149e-03
3.569999999999999840e+00 1.156702637672431906e-03
3.629999999999999893e+00 9.197741746902457147e-04
3.689999999999999503e+00 7.460514704386386363e-04
3.750000000000000000e+00 6.164113680521641353e-04
3.809999999999999609e+00 4.901240269343053570e-04
3.870000000000000107e+00 3.920247157414750798e-04
3.929999999999999716e+00 3.049770991007484449e-04
3.989999999999999769e+00 2.561757961908992681e-04
4.049999999999999822e+00 1.958260933558129805e-04
4.109999999999999432e+00 1.613050699234019360e-04
4.169999999999999929e+00 1.188367605209340693e-04
4.230000000000000426e+00 9.735425313313865328e-05
4.290000000000000036e+00 7.711350917816098412e-05
4.349999999999999645e+00 5.786617596944210672e-05
4.410000000000000142e+00 4.880130290985139270e-05
4.469999999999999751e+00 3.948807716369596380e-05
4.529999999999999361e+00 2.905726432800311942e-05
4.589999999999999858e+00 2.495944499969461754e-05
4.650000000000000355e+00 1.763304074605317396e-05
4.709999999999999964e+00 1.216928164164215209e-05
4.769999999999999574e+00 1.080334186553962193e-05
4.830000000000000071e+00 8.071462313334199087e-06
4.889999999999999680e+00 8.071462313334080502e-06
4.949999999999999289e+00 6.332993507385295411e-06
5.009999999999999787e+00 4.718701044718384951e-06
5.070000000000000284e+00 3.849466641744002993e-06
5.129999999999999893e+00 2.856055895487443590e-06
5.189999999999999503e+00 1.490116119384775366e-06
5.250000000000000000e+00 1.241763432820646209e-06
5.309999999999999609e+00 1.117587089538564901e-06
5.369999999999999218e+00 7.450580596923876829e-07
5.429999999999999716e+00 4.967053731282511143e-07
5.490000000000000213e+00 2.483526865641292100e-07
5.549999999999999822e+00 6.208817164103138929e-07
5.609999999999999432e+00 0.000000000000000000e+00
5.669999999999999929e+00 2.483526865641255572e-07
5.730000000000000426e+00 2.483526865641292100e-07
5.789999999999999147e+00 1.241763432820646050e-07
5.849999999999999645e+00 1.241763432820627786e-07
5.910000000000000142e+00 0.000000000000000000e+00
5.969999999999999751e+00 0.000000000000000000e+00
