2.999999999999999889e-02 9.620872779998275448e-02
8.999999999999999667e-02 1.616492891557408662e-01
1.499999999999999944e-01 2.416950996969406962e-01
2.099999999999999922e-01 3.230586696126858670e-01
2.700000000000000178e-01 4.036006888290349370e-01
3.299999999999999600e-01 4.800338369612967560e-01
3.900000000000000133e-01 5.496457301027436460e-01
4.499999999999999556e-01 6.108649166057246171e-01
5.100000000000000089e-01 6.625176816560472970e-01
5.700000000000000622e-01 7.049087540046691247e-01
6.299999999999998934e-01 7.347217560021351845e-01
6.899999999999999467e-01 7.541240615763865618e-01
7.500000000000000000e-01 7.628779972028427725e-01
8.100000000000000533e-01 7.622107977004476398e-01
8.699999999999998845e-01 7.522511097627554433e-01
9.299999999999999378e-01 7.344777494839485055e-01
9.899999999999999911e-01 7.080809629174210640e-01
1.050000000000000044e+00 6.777449301542574078e-01
1.109999999999999876e+00 6.422419196701353306e-01
1.169999999999999929e+00 6.043984334329525199e-01
1.229999999999999982e+00 5.642810299637068816e-01
1.290000000000000036e+00 5.228025295754665791e-01
1.349999999999999867e+00 4.808530283101349889e-01
1.409999999999999920e+00 4.399232631910329760e-01
1.469999999999999973e+00 4.000662575175299995e-01
1.530000000000000027e+00 3.610204959067772612e-01
1.589999999999999858e+00 3.248901465270451205e-01
1.649999999999999911e+00 2.900924576832717428e-01
1.709999999999999964e+00 2.579020995582454456e-01
1.770000000000000018e+00 2.283480052403814853e-01
1.829999999999999849e+00 2.011292954454215742e-01
1.889999999999999902e+00 1.764694875946066499e-01
1.949999999999999956e+00 1.539316051294147281e-01
2.009999999999999787e+00 1.337440083485444409e-01
2.070000000000000284e+00 1.156377312884389053e-01
2.129999999999999893e+00 1.000769451272031652e-01
2.189999999999999947e+00 8.581256000915067628e-02
2.250000000000000000e+00 7.371356199751633032e-02
2.309999999999999609e+00 6.285086367802113216e-02
2.370000000000000107e+00 5.340998451029232985e-02
2.429999999999999716e+00 4.522328642840112850e-02
2.490000000000000213e+00 3.825066047286974913e-02
2.549999999999999822e+00 3.216738550117686363e-02
2.609999999999999876e+00 2.708633781104807445e-02
2.669999999999999929e+00 2.255228692122726239e-02
2.729999999999999538e+00 1.900816985480242166e-02
2.790000000000000036e+00 1.577287935872194805e-02
2.849999999999999645e+00 1.311165610618872379e-02
2.910000000000000142e+00 1.084071910640674492e-02
2.969999999999999751e+00 8.898476892190322271e-03
3.030000000000000249e+00 7.341429700574714570e-03
3.089999999999999858e+00 5.994985590303717783e-03
3.149999999999999911e+00 4.948924058908118345e-03
3.209999999999999964e+00 4.014000356405975252e-03
3.269999999999999574e+00 3.303339133213047119e-03
3.330000000000000071e+00 2.699593743179146393e-03
3.389999999999999680e+00 2.168243162357454991e-03
3.450000000000000178e+00 1.804033942084021930e-03
3.509999999999999787e+00 1.431256553996450602e-03
3.569999999999999840e+00 1.169865347492682816e-03
3.629999999999999893e+00 9.267280637233655952e-04
3.689999999999999503e+00 7.410844277503746526e-04
3.750000000000000000e+00 5.996475706445306792e-04
3.809999999999999609e+00 4.804382793173926983e-04
3.870000000000000107e+00 3.784894999636632170e-04
3.929999999999999716e+00 3.043562219195992177e-04
3.989999999999999769e+00 2.445032235657671632e-04
4.049999999999999822e+00 2.125899028667278671e-04
4.109999999999999432e+00 1.488874378137911882e-04
4.169999999999999929e+00 1.236796397519047649e-04
4.230000000000000426e+00 9.772678361922740125e-05
4.290000000000000036e+00 7.537504149538774910e-05
4.349999999999999645e+00 6.109476180515867739e-05
4.410000000000000142e+00 5.029141977863672028e-05
4.469999999999999751e+00 3.787378526539252781e-05
4.529999999999999361e+00 2.793967765479817944e-05
4.589999999999999858e+00 2.495944537161933757e-05
4.650000000000000355e+00 1.688798293801134227e-05
4.709999999999999964e+00 1.266598720350832035e-05
4.769999999999999574e+00 9.561578575197599193e-06
4.830000000000000071e+00 6.332993601754254198e-06
4.889999999999999680e+00 6.084640911489291134e-06
4.949999999999999289e+00 5.339582840694762779e-06
5.009999999999999787e+00 4.594524769900076875e-06
5.070000000000000284e+00 2.856055938046035925e-06
5.129999999999999893e+00 2.607703247781124530e-06
5.189999999999999503e+00 1.490116141589236282e-06
5.250000000000000000e+00 1.490116141589236282e-06
5.309999999999999609e+00 1.117587106191910483e-06
5.369999999999999218e+00 1.117587106191927000e-06
5.429999999999999716e+00 8.692344159270415452e-07
5.490000000000000213e+00 2.483526902648726960e-07
5.549999999999999822e+00 4.967053805297380863e-07
5.609999999999999432e+00 4.967053805297453920e-07
5.669999999999999929e+00 4.967053805297380863e-07
5.730000000000000426e+00 1.241763451324363480e-07
5.789999999999999147e+00 0.000000000000000000e+00
5.849999999999999645e+00 1.241763451324345216e-07
5.910000000000000142e+00 0.000000000000000000e+00
5.969999999999999751e+00 0.000000000000000000e+00
