2.999999999999999889e-02 9.634258918222728119e-02
8.999999999999999667e-02 1.619978509495495766e-01
1.499999999999999944e-01 2.418090917801541118e-01
2.099999999999999922e-01 3.235566143459823185e-01
2.700000000000000178e-01 4.037919173920546112e-01
3.299999999999999600e-01 4.799317604298275475e-01
3.900000000000000133e-01 5.499146919691166868e-01
4.499999999999999556e-01 6.113786295904116708e-01
5.100000000000000089e-01 6.627277830943045789e-01
5.700000000000000622e-01 7.036246411772424381e-01
6.299999999999998934e-01 7.337904279464770863e-01
6.899999999999999467e-01 7.538019425208507540e-01
7.500000000000000000e-01 7.629768358889477131e-01
8.100000000000000533e-01 7.621773885849427721e-01
8.699999999999998845e-01 7.511839326559307528e-01
9.299999999999999378e-01 7.339732155251488255e-01
9.899999999999999911e-01 7.085786564293894418e-01
1.050000000000000044e+00 6.779622337070267957e-01
1.109999999999999876e+00 6.426046339864895929e-01
1.169999999999999929e+00 6.044554258718243256e-01
1.229999999999999982e+00 5.643960130542213793e-01
1.290000000000000036e+00 5.230621784160215393e-01
1.349999999999999867e+00 4.813068892655782416e-01
1.409999999999999920e+00 4.400425933801323519e-01
1.469999999999999973e+00 3.998808592549026875e-01
1.530000000000000027e+00 3.613448418280343355e-01
1.589999999999999858e+00 3.241714114261532442e-01
1.649999999999999911e+00 2.903717281200366429e-01
1.709999999999999964e+00 2.579932430733731241e-01
1.770000000000000018e+00 2.282701449712382924e-01
1.829999999999999849e+00 2.010785058221107868e-01
1.889999999999999902e+00 1.763027174495361282e-01
1.949999999999999956e+00 1.539909602750659801e-01
2.009999999999999787e+00 1.339428136791497304e-01
2.070000000000000284e+00 1.159386097088848239e-01
2.129999999999999893e+00 9.988745128031153997e-02
2.189999999999999947e+00 8.589563334407192274e-02
2.250000000000000000e+00 7.377329026987117233e-02
2.309999999999999609e+00 6.263877001383973131e-02
2.370000000000000107e+00 5.327823301115304500e-02
2.429999999999999716e+00 4.525755876246258941e-02
2.490000000000000213e+00 3.825066018788012001e-02
2.549999999999999822e+00 3.237364216923941523e-02
2.609999999999999876e+00 2.698811412097119541e-02
2.669999999999999929e+00 2.267981585870047431e-02
2.729999999999999538e+00 1.881755902482238826e-02
2.790000000000000036e+00 1.566472164540032644e-02
2.849999999999999645e+00 1.303354908799291348e-02
2.910000000000000142e+00 1.086232570952915498e-02
2.969999999999999751e+00 8.917599982899418118e-03
3.030000000000000249e+00 7.372722084617026883e-03
3.089999999999999858e+00 6.044780259664700797e-03
3.149999999999999911e+00 4.928559101585770937e-03
3.209999999999999964e+00 4.048397173844749813e-03
3.269999999999999574e+00 3.306940222583262552e-03
3.330000000000000071e+00 2.714991589747303875e-03
3.389999999999999680e+00 2.214064217215259631e-03
3.450000000000000178e+00 1.799191051218838747e-03
3.509999999999999787e+00 1.448641231521773402e-03
3.569999999999999840e+00 1.141925661329875425e-03
3.629999999999999893e+00 9.360412826342471475e-04
3.689999999999999503e+00 7.460514759971552824e-04
3.750000000000000000e+00 6.073464995176576335e-04
3.809999999999999609e+00 4.968295531732054397e-04
3.870000000000000107e+00 3.871818412382041020e-04
3.929999999999999716e+00 2.978990497531917078e-04
3.989999999999999769e+00 2.448757507766979478e-04
4.049999999999999822e+00 1.924733335212353675e-04
4.109999999999999432e+00 1.603116603715603629e-04
4.169999999999999929e+00 1.225620517325544075e-04
4.230000000000000426e+00 9.822348826793512837e-05
4.290000000000000036e+00 7.823109685056663272e-05
4.349999999999999645e+00 6.519258070880648950e-05
4.410000000000000142e+00 4.718701079875518096e-05
4.469999999999999751e+00 4.097819358839204765e-05
4.529999999999999361e+00 2.918144088870385888e-05
4.589999999999999858e+00 2.644956131614395649e-05
4.650000000000000355e+00 1.800556991005131870e-05
4.709999999999999964e+00 1.415610323962634389e-05
4.769999999999999574e+00 1.080334194603079122e-05
4.830000000000000071e+00 9.189049471336535526e-06
4.889999999999999680e+00 5.587935489326187930e-06
4.949999999999999289e+00 3.601113982010263739e-06
5.009999999999999787e+00 3.104408605181215987e-06
5.070000000000000284e+00 2.856055916766760721e-06
5.129999999999999893e+00 1.365939786279734992e-06
5.189999999999999503e+00 1.241763442072504818e-06
5.250000000000000000e+00 1.365939786279755321e-06
5.309999999999999609e+00 1.117587097865237586e-06
5.369999999999999218e+00 1.117587097865254103e-06
5.429999999999999716e+00 8.692344094507404977e-07
5.490000000000000213e+00 3.725290326217514030e-07
5.549999999999999822e+00 4.967053768289946003e-07
5.609999999999999432e+00 3.725290326217514030e-07
5.669999999999999929e+00 0.000000000000000000e+00
5.730000000000000426e+00 4.967053768290019060e-07
5.789999999999999147e+00 1.241763442072504765e-07
5.849999999999999645e+00 1.241763442072486501e-07
5.910000000000000142e+00 1.241763442072504765e-07
5.969999999999999751e+00 2.483526884144973002e-07
