2.999999999999999889e-02 9.614030663381477326e-02
8.999999999999999667e-02 1.619526519668994247e-01
1.499999999999999944e-01 2.409773604220752097e-01
2.099999999999999922e-01 3.233076431846764742e-01
2.700000000000000178e-01 4.036904683265656879e-01
3.299999999999999600e-01 4.798226129982264831e-01
3.900000000000000133e-01 5.500096909703268144e-01
4.499999999999999556e-01 6.114405981417586622e-01
5.100000000000000089e-01 6.625957885771356359e-01
5.700000000000000622e-01 7.043742990152191963e-01
6.299999999999998934e-01 7.344363987610208477e-01
6.899999999999999467e-01 7.539377970586879085e-01
7.500000000000000000e-01 7.633157188194346077e-01
8.100000000000000533e-01 7.617270066598115230e-01
8.699999999999998845e-01 7.518672806799510111e-01
9.299999999999999378e-01 7.338002433449059003e-01
9.899999999999999911e-01 7.082764164846594435e-01
1.050000000000000044e+00 6.777362378100980633e-01
1.109999999999999876e+00 6.432848767929028044e-01
1.169999999999999929e+00 6.048054834922966805e-01
1.229999999999999982e+00 5.643544181836801510e-01
1.290000000000000036e+00 5.226682949463783423e-01
1.349999999999999867e+00 4.810851138991875109e-01
1.409999999999999920e+00 4.400820847364573241e-01
1.469999999999999973e+00 3.995663235520268142e-01
1.530000000000000027e+00 3.615814004577405094e-01
1.589999999999999858e+00 3.248245814168151946e-01
1.649999999999999911e+00 2.899992012480773207e-01
1.709999999999999964e+00 2.578629840095287284e-01
1.770000000000000018e+00 2.282090519101782899e-01
1.829999999999999849e+00 2.009129802522008901e-01
1.889999999999999902e+00 1.764792975258720753e-01
1.949999999999999956e+00 1.536820106756985327e-01
2.009999999999999787e+00 1.340704679598976046e-01
2.070000000000000284e+00 1.159261929381815576e-01
2.129999999999999893e+00 9.986137499205324786e-02
2.189999999999999947e+00 8.598628271599094430e-02
2.250000000000000000e+00 7.357448449096798404e-02
2.309999999999999609e+00 6.278567109682660352e-02
2.370000000000000107e+00 5.336143155934554988e-02
2.429999999999999716e+00 4.526513385671076389e-02
2.490000000000000213e+00 3.824619012444498145e-02
2.549999999999999822e+00 3.222922532105281651e-02
2.609999999999999876e+00 2.709776203480026083e-02
2.669999999999999929e+00 2.254260116630693242e-02
2.729999999999999538e+00 1.893440910579375497e-02
2.790000000000000036e+00 1.566298329327974262e-02
2.849999999999999645e+00 1.306881526711803354e-02
2.910000000000000142e+00 1.084432022041558440e-02
2.969999999999999751e+00 8.872896565093039978e-03
3.030000000000000249e+00 7.339939584433125344e-03
3.089999999999999858e+00 6.060053995153113701e-03
3.149999999999999911e+00 4.907821688669281902e-03
3.209999999999999964e+00 4.048521380352792902e-03
3.269999999999999574e+00 3.303090780522782537e-03
3.330000000000000071e+00 2.695371747444643296e-03
3.389999999999999680e+00 2.184510263569804187e-03
3.450000000000000178e+00 1.767029391234556076e-03
3.509999999999999787e+00 1.434609315315026360e-03
3.569999999999999840e+00 1.142298198873282133e-03
3.629999999999999893e+00 9.244928895109817560e-04
3.689999999999999503e+00 7.618218773874914189e-04
3.750000000000000000e+00 5.965431620162198276e-04
3.809999999999999609e+00 4.742294620607708866e-04
3.870000000000000107e+00 3.875543731583309731e-04
3.929999999999999716e+00 3.160287983620481737e-04
3.989999999999999769e+00 2.486010429551375350e-04
4.049999999999999822e+00 1.923491586101410506e-04
4.109999999999999432e+00 1.621743067429618781e-04
4.169999999999999929e+00 1.256664612740237240e-04
4.230000000000000426e+00 9.536743306171112204e-05
4.290000000000000036e+00 7.363657266353367003e-05
4.349999999999999645e+00 6.121893815029111742e-05
4.410000000000000142e+00 5.053977246890159356e-05
4.469999999999999751e+00 4.209578099989529901e-05
4.529999999999999361e+00 3.005067552204959553e-05
4.589999999999999858e+00 2.297262384950038183e-05
4.650000000000000355e+00 1.825392273446814191e-05
4.709999999999999964e+00 1.291433989377318855e-05
4.769999999999999574e+00 1.030663664599221733e-05
4.830000000000000071e+00 8.071462433608361217e-06
4.889999999999999680e+00 6.829698982283897417e-06
4.949999999999999289e+00 5.836288221224508488e-06
5.009999999999999787e+00 4.221995734502772887e-06
5.070000000000000284e+00 2.731879592913599709e-06
5.129999999999999893e+00 3.228584973443297138e-06
5.189999999999999503e+00 1.614292486721672498e-06
5.250000000000000000e+00 1.614292486721672498e-06
5.309999999999999609e+00 8.692344159270415452e-07
5.369999999999999218e+00 4.967053805297453920e-07
5.429999999999999716e+00 1.117587106191910483e-06
5.490000000000000213e+00 8.692344159270543566e-07
5.549999999999999822e+00 4.967053805297380863e-07
5.609999999999999432e+00 3.725290353973090705e-07
5.669999999999999929e+00 4.967053805297380863e-07
5.730000000000000426e+00 2.483526902648726960e-07
5.789999999999999147e+00 1.241763451324363480e-07
5.849999999999999645e+00 1.241763451324345216e-07
5.910000000000000142e+00 1.241763451324363480e-07
5.969999999999999751e+00 2.483526902648690432e-07
