2.999999999999999889e-02 9.607610674755852342e-02
8.999999999999999667e-02 1.617533477278055021e-01
1.499999999999999944e-01 2.412108101537635829e-01
2.099999999999999922e-01 3.232813153908748460e-01
2.700000000000000178e-01 4.037053664801421582e-01
3.299999999999999600e-01 4.798063423221782808e-01
3.900000000000000133e-01 5.498493752120637845e-01
4.499999999999999556e-01 6.108647878780821827e-01
5.100000000000000089e-01 6.625514526855302844e-01
5.700000000000000622e-01 7.043900641629359249e-01
6.299999999999998934e-01 7.344534054481995922e-01
6.899999999999999467e-01 7.544338759365214475e-01
7.500000000000000000e-01 7.631136782202639912e-01
8.100000000000000533e-01 7.621112025934803080e-01
8.699999999999998845e-01 7.514623360196434065e-01
9.299999999999999378e-01 7.333661173783194709e-01
9.899999999999999911e-01 7.089074753888501279e-01
1.050000000000000044e+00 6.787291468088507695e-01
1.109999999999999876e+00 6.428411899222044035e-01
1.169999999999999929e+00 6.041788851532748916e-01
1.229999999999999982e+00 5.643893075316341879e-01
1.290000000000000036e+00 5.233162432162695721e-01
1.349999999999999867e+00 4.810736860911570267e-01
1.409999999999999920e+00 4.405898385290537012e-01
1.469999999999999973e+00 3.997291157622814284e-01
1.530000000000000027e+00 3.614315169162909958e-01
1.589999999999999858e+00 3.242613150993593485e-01
1.649999999999999911e+00 2.901772679650080899e-01
1.709999999999999964e+00 2.577857444022028099e-01
1.770000000000000018e+00 2.282588449239154327e-01
1.829999999999999849e+00 2.010557815511208601e-01
1.889999999999999902e+00 1.761482420773423374e-01
1.949999999999999956e+00 1.540683221375070688e-01
2.009999999999999787e+00 1.338012526467534657e-01
2.070000000000000284e+00 1.160581915283564053e-01
2.129999999999999893e+00 9.985603466522710581e-02
2.189999999999999947e+00 8.590618833332953896e-02
2.250000000000000000e+00 7.342894926738446904e-02
2.309999999999999609e+00 6.274804519674209713e-02
2.370000000000000107e+00 5.333150466281795510e-02
2.429999999999999716e+00 4.528115226786196684e-02
2.490000000000000213e+00 3.809506722858842925e-02
2.549999999999999822e+00 3.217669848732671034e-02
2.609999999999999876e+00 2.706311663287237421e-02
2.669999999999999929e+00 2.259860452958893304e-02
2.729999999999999538e+00 1.881433043987300324e-02
2.790000000000000036e+00 1.568160962821250892e-02
2.849999999999999645e+00 1.306359976329106790e-02
2.910000000000000142e+00 1.084047067294867904e-02
2.969999999999999751e+00 8.959944116274091985e-03
3.030000000000000249e+00 7.316470200691143656e-03
3.089999999999999858e+00 6.067877059687249233e-03
3.149999999999999911e+00 4.961838361833314712e-03
3.209999999999999964e+00 4.051253229761516556e-03
3.269999999999999574e+00 3.314390803235697531e-03
3.330000000000000071e+00 2.711638828453708135e-03
3.389999999999999680e+00 2.184013541917105214e-03
3.450000000000000178e+00 1.776963485605741059e-03
3.509999999999999787e+00 1.431504896021172949e-03
3.569999999999999840e+00 1.146396009721336413e-03
3.629999999999999893e+00 9.206434159525481902e-04
3.689999999999999503e+00 7.546196437474555086e-04
3.750000000000000000e+00 5.868574027234614403e-04
3.809999999999999609e+00 4.863987402597965228e-04
3.870000000000000107e+00 3.889203100571055971e-04
3.929999999999999716e+00 3.041078669635541363e-04
3.989999999999999769e+00 2.469867486282211920e-04
4.049999999999999822e+00 2.053876733187892504e-04
4.109999999999999432e+00 1.666446539261301496e-04
4.169999999999999929e+00 1.152356474243267320e-04
4.230000000000000426e+00 9.834766461214236447e-05
4.290000000000000036e+00 7.512668824538543198e-05
4.349999999999999645e+00 5.612770758167721040e-05
4.410000000000000142e+00 4.917383230607118224e-05
4.469999999999999751e+00 3.787378498321083335e-05
4.529999999999999361e+00 2.955396992132561124e-05
4.589999999999999858e+00 2.520779787407147348e-05
4.650000000000000355e+00 1.651545377956431266e-05
4.709999999999999964e+00 1.639127743535681906e-05
4.769999999999999574e+00 1.154840001127429254e-05
4.830000000000000071e+00 9.934107536580038544e-06
4.889999999999999680e+00 5.215406456704442351e-06
4.949999999999999289e+00 4.718701079875518266e-06
5.009999999999999787e+00 4.097819358839204765e-06
5.070000000000000284e+00 3.725290326217513819e-06
5.129999999999999893e+00 1.614292474694232186e-06
5.189999999999999503e+00 2.235174195730508206e-06
5.250000000000000000e+00 1.365939786279755321e-06
5.309999999999999609e+00 8.692344094507404977e-07
5.369999999999999218e+00 4.967053768290019060e-07
5.429999999999999716e+00 2.483526884144973002e-07
5.490000000000000213e+00 6.208817210362524090e-07
5.549999999999999822e+00 4.967053768289946003e-07
5.609999999999999432e+00 1.241763442072504765e-07
5.669999999999999929e+00 3.725290326217458973e-07
5.730000000000000426e+00 0.000000000000000000e+00
5.789999999999999147e+00 0.000000000000000000e+00
5.849999999999999645e+00 1.241763442072486501e-07
5.910000000000000142e+00 1.241763442072504765e-07
5.969999999999999751e+00 0.000000000000000000e+00
