2.999999999999999889e-02 9.617693937220288258e-02
8.999999999999999667e-02 1.618505802170813745e-01
1.499999999999999944e-01 2.415462140587864570e-01
2.099999999999999922e-01 3.232879015544830037e-01
2.700000000000000178e-01 4.034480791067896477e-01
3.299999999999999600e-01 4.798503078983544778e-01
3.900000000000000133e-01 5.494958533482320329e-01
4.499999999999999556e-01 6.112011907021471790e-01
5.100000000000000089e-01 6.628555704298115803e-01
5.700000000000000622e-01 7.043036479223099278e-01
6.299999999999998934e-01 7.350310847542683712e-01
6.899999999999999467e-01 7.539720753474742354e-01
7.500000000000000000e-01 7.628961326332511783e-01
8.100000000000000533e-01 7.610697469354371636e-01
8.699999999999998845e-01 7.520920454681632172e-01
9.299999999999999378e-01 7.336372052697702761e-01
9.899999999999999911e-01 7.086544145591295862e-01
1.050000000000000044e+00 6.785344484120851005e-01
1.109999999999999876e+00 6.429438933394744371e-01
1.169999999999999929e+00 6.045938915047666118e-01
1.229999999999999982e+00 5.637173977331727537e-01
1.290000000000000036e+00 5.231004325248411746e-01
1.349999999999999867e+00 4.814369090719322619e-01
1.409999999999999920e+00 4.400603571547643811e-01
1.469999999999999973e+00 4.002221018125583507e-01
1.530000000000000027e+00 3.614991984106417644e-01
1.589999999999999858e+00 3.243678632361470249e-01
1.649999999999999911e+00 2.899726296706834905e-01
1.709999999999999964e+00 2.579142707616794428e-01
1.770000000000000018e+00 2.283092639217367548e-01
1.829999999999999849e+00 2.011048342037783099e-01
1.889999999999999902e+00 1.763278036985550523e-01
1.949999999999999956e+00 1.538732433936475241e-01
2.009999999999999787e+00 1.339697619421477137e-01
2.070000000000000284e+00 1.157804107716273595e-01
2.129999999999999893e+00 9.980537220400650944e-02
2.189999999999999947e+00 8.588309281306480414e-02
2.250000000000000000e+00 7.345912521365310921e-02
2.309999999999999609e+00 6.266683480143916962e-02
2.370000000000000107e+00 5.337347706248679602e-02
2.429999999999999716e+00 4.518491627440907044e-02
2.490000000000000213e+00 3.821452544115661737e-02
2.549999999999999822e+00 3.223903549251781742e-02
2.609999999999999876e+00 2.702946524636263073e-02
2.669999999999999929e+00 2.261338185151524557e-02
2.729999999999999538e+00 1.887542548248873076e-02
2.790000000000000036e+00 1.570930118705755538e-02
2.849999999999999645e+00 1.310904850061096749e-02
2.910000000000000142e+00 1.083960160006187945e-02
2.969999999999999751e+00 8.911639651171251314e-03
3.030000000000000249e+00 7.369245256789536645e-03
3.089999999999999858e+00 6.108482815266508097e-03
3.149999999999999911e+00 4.935513050406253703e-03
3.209999999999999964e+00 4.017974029386453018e-03
3.269999999999999574e+00 3.328174427036366487e-03
3.330000000000000071e+00 2.660850743322709568e-03
3.389999999999999680e+00 2.197672972527782171e-03
3.450000000000000178e+00 1.744801838455637202e-03
3.509999999999999787e+00 1.454353365026860761e-03
3.569999999999999840e+00 1.175825820819625077e-03
3.629999999999999893e+00 9.331852406230241141e-04
3.689999999999999503e+00 7.530053624934155516e-04
3.750000000000000000e+00 6.068498031835953873e-04
3.809999999999999609e+00 4.852811603931840904e-04
3.870000000000000107e+00 3.899137266209309373e-04
3.929999999999999716e+00 3.062188693780941743e-04
3.989999999999999769e+00 2.471109286546682303e-04
4.049999999999999822e+00 2.024074440739212597e-04
4.109999999999999432e+00 1.559654906483735350e-04
4.169999999999999929e+00 1.204510556758917831e-04
4.230000000000000426e+00 1.009553693448468869e-04
4.290000000000000036e+00 7.612010013332130864e-05
4.349999999999999645e+00 5.749364822467909343e-05
4.410000000000000142e+00 5.016724380727938780e-05
4.469999999999999751e+00 4.097819419901473152e-05
4.529999999999999361e+00 2.893308863142597876e-05
4.589999999999999858e+00 2.173086056008356810e-05
4.650000000000000355e+00 1.887480460075858054e-05
4.709999999999999964e+00 1.490116152691444675e-05
4.769999999999999574e+00 1.254181095181984695e-05
4.830000000000000071e+00 8.568167877975935078e-06
4.889999999999999680e+00 7.078051725284362671e-06
4.949999999999999289e+00 5.587935572593000328e-06
5.009999999999999787e+00 4.221995765959093047e-06
5.070000000000000284e+00 3.228584997498178184e-06
5.129999999999999893e+00 2.110997882979546524e-06
5.189999999999999503e+00 1.738468844806711232e-06
5.250000000000000000e+00 1.117587114518600108e-06
5.309999999999999609e+00 1.365939806633824271e-06
5.369999999999999218e+00 1.117587114518600108e-06
5.429999999999999716e+00 7.450580763457224644e-07
5.490000000000000213e+00 3.725290381728667379e-07
5.549999999999999822e+00 4.967053842304815724e-07
5.609999999999999432e+00 1.241763460576222195e-07
5.669999999999999929e+00 0.000000000000000000e+00
5.730000000000000426e+00 2.483526921152444390e-07
5.789999999999999147e+00 2.483526921152444390e-07
5.849999999999999645e+00 2.483526921152407862e-07
5.910000000000000142e+00 1.241763460576222195e-07
5.969999999999999751e+00 0.000000000000000000e+00
