2.999999999999999889e-02 9.615967671076457168e-02
8.999999999999999667e-02 1.617812861998876028e-01
1.499999999999999944e-01 2.416857828696568899e-01
2.099999999999999922e-01 3.231866906086603985e-01
2.700000000000000178e-01 4.036119828621546612e-01
3.299999999999999600e-01 4.798072079817454205e-01
3.900000000000000133e-01 5.495042850573857995e-01
4.499999999999999556e-01 6.110851963361104700e-01
5.100000000000000089e-01 6.624776870012277774e-01
5.700000000000000622e-01 7.044401019811636910e-01
6.299999999999998934e-01 7.343884557485587106e-01
6.899999999999999467e-01 7.538824031750354093e-01
7.500000000000000000e-01 7.628737638394030851e-01
8.100000000000000533e-01 7.622064401706066805e-01
8.699999999999998845e-01 7.521479080120729854e-01
9.299999999999999378e-01 7.342853893836333024e-01
9.899999999999999911e-01 7.091893504063282450e-01
1.050000000000000044e+00 6.780840456485742740e-01
1.109999999999999876e+00 6.423906733592369411e-01
1.169999999999999929e+00 6.043606748183563138e-01
1.229999999999999982e+00 5.644197265307103750e-01
1.290000000000000036e+00 5.231757958730076652e-01
1.349999999999999867e+00 4.809502512216563552e-01
1.409999999999999920e+00 4.400957375764842916e-01
1.469999999999999973e+00 3.998966266711549422e-01
1.530000000000000027e+00 3.613055994113283376e-01
1.589999999999999858e+00 3.243419031302143263e-01
1.649999999999999911e+00 2.900823950767514314e-01
1.709999999999999964e+00 2.584836135307945759e-01
1.770000000000000018e+00 2.279893805583324551e-01
1.829999999999999849e+00 2.008991936842598747e-01
1.889999999999999902e+00 1.760774602492648777e-01
1.949999999999999956e+00 1.538498948017754664e-01
2.009999999999999787e+00 1.337560514609017759e-01
2.070000000000000284e+00 1.157738268375395757e-01
2.129999999999999893e+00 9.994357824325553197e-02
2.189999999999999947e+00 8.595933516820328246e-02
2.250000000000000000e+00 7.348346213499698520e-02
2.309999999999999609e+00 6.276356677214299518e-02
2.370000000000000107e+00 5.336689452330267008e-02
2.429999999999999716e+00 4.526451230049129137e-02
2.490000000000000213e+00 3.826978305975592409e-02
2.549999999999999822e+00 3.216688831647234598e-02
2.609999999999999876e+00 2.703393499056515673e-02
2.669999999999999929e+00 2.264740566412605863e-02
2.729999999999999538e+00 1.881172259648639447e-02
2.790000000000000036e+00 1.568185786406197865e-02
2.849999999999999645e+00 1.310370862483977057e-02
2.910000000000000142e+00 1.083823541800180146e-02
2.969999999999999751e+00 8.906424045562735467e-03
3.030000000000000249e+00 7.393832008043918318e-03
3.089999999999999858e+00 6.066635251045221847e-03
3.149999999999999911e+00 4.959603150685660926e-03
3.209999999999999964e+00 4.073480765024816916e-03
3.269999999999999574e+00 3.332644701004025285e-03
3.330000000000000071e+00 2.710272868474322087e-03
3.389999999999999680e+00 2.229710419972735606e-03
3.450000000000000178e+00 1.781061291694639595e-03
3.509999999999999787e+00 1.437837878863015536e-03
3.569999999999999840e+00 1.145030061403917764e-03
3.629999999999999893e+00 9.294599294662466912e-04
3.689999999999999503e+00 7.425745328267409221e-04
3.750000000000000000e+00 6.027519702911371532e-04
3.809999999999999609e+00 4.926075537999467053e-04
3.870000000000000107e+00 3.935148318608598455e-04
3.929999999999999716e+00 3.015001614888506223e-04
3.989999999999999769e+00 2.461175123850520459e-04
4.049999999999999822e+00 2.010414997736596331e-04
4.109999999999999432e+00 1.559654871622731564e-04
4.169999999999999929e+00 1.277774572372425952e-04
4.230000000000000426e+00 1.005828380584723302e-04
4.290000000000000036e+00 7.574756940205829134e-05
4.349999999999999645e+00 6.283322970072469495e-05
4.410000000000000142e+00 4.656612873077423071e-05
4.469999999999999751e+00 3.861884276072152170e-05
4.529999999999999361e+00 2.930561701456724816e-05
4.589999999999999858e+00 2.173086007436098466e-05
4.650000000000000355e+00 1.564621925354014071e-05
4.709999999999999964e+00 1.514951388041165793e-05
4.769999999999999574e+00 1.154839992523200813e-05
4.830000000000000071e+00 7.202227910359747672e-06
4.889999999999999680e+00 7.326404253641703619e-06
4.949999999999999289e+00 6.581346193949424144e-06
5.009999999999999787e+00 3.601113955179820473e-06
5.070000000000000284e+00 3.725290298461938203e-06
5.129999999999999893e+00 2.359350522359192475e-06
5.189999999999999503e+00 1.241763432820646209e-06
5.250000000000000000e+00 1.986821492513033680e-06
5.309999999999999609e+00 6.208817164103138929e-07
5.369999999999999218e+00 9.934107462565168400e-07
5.429999999999999716e+00 4.967053731282511143e-07
5.490000000000000213e+00 1.241763432820646050e-07
5.549999999999999822e+00 4.967053731282511143e-07
5.609999999999999432e+00 2.483526865641292100e-07
5.669999999999999929e+00 3.725290298461883358e-07
5.730000000000000426e+00 1.241763432820646050e-07
5.789999999999999147e+00 0.000000000000000000e+00
5.849999999999999645e+00 1.241763432820627786e-07
5.910000000000000142e+00 1.241763432820646050e-07
5.969999999999999751e+00 0.000000000000000000e+00
