2.999999999999999889e-02 9.615893236914475894e-02
8.999999999999999667e-02 1.618991307559048132e-01
1.499999999999999944e-01 2.414709595948777709e-01
2.099999999999999922e-01 3.236797972794359102e-01
2.700000000000000178e-01 4.035176118477007967e-01
3.299999999999999600e-01 4.795728907950686515e-01
3.900000000000000133e-01 5.496061137537617824e-01
4.499999999999999556e-01 6.108554746522666390e-01
5.100000000000000089e-01 6.628952969826401587e-01
5.700000000000000622e-01 7.032722287123822635e-01
6.299999999999998934e-01 7.343061323039696831e-01
6.899999999999999467e-01 7.541662759147548245e-01
7.500000000000000000e-01 7.633630243194321485e-01
8.100000000000000533e-01 7.628732728178801992e-01
8.699999999999998845e-01 7.516944216069667561e-01
9.299999999999999378e-01 7.339131141745524056e-01
9.899999999999999911e-01 7.084824197626287123e-01
1.050000000000000044e+00 6.779195170446195018e-01
1.109999999999999876e+00 6.429189243136781418e-01
1.169999999999999929e+00 6.054248705910503237e-01
1.229999999999999982e+00 5.639719508387537328e-01
1.290000000000000036e+00 5.230799356332430650e-01
1.349999999999999867e+00 4.809637900265336108e-01
1.409999999999999920e+00 4.402694635609989970e-01
1.469999999999999973e+00 4.003287633284582370e-01
1.530000000000000027e+00 3.612186786623197143e-01
1.589999999999999858e+00 3.246640189836234591e-01
1.649999999999999911e+00 2.895285707428694177e-01
1.709999999999999964e+00 2.578352907635415026e-01
1.770000000000000018e+00 2.282171216722617968e-01
1.829999999999999849e+00 2.010460957962726947e-01
1.889999999999999902e+00 1.762206368860151640e-01
1.949999999999999956e+00 1.539051544212187428e-01
2.009999999999999787e+00 1.334654798120170627e-01
2.070000000000000284e+00 1.159531383411570721e-01
2.129999999999999893e+00 9.992917453196517585e-02
2.189999999999999947e+00 8.592754666453317203e-02
2.250000000000000000e+00 7.355076626105178095e-02
2.309999999999999609e+00 6.278802997957683152e-02
2.370000000000000107e+00 5.347989539414561150e-02
2.429999999999999716e+00 4.513350659459954700e-02
2.490000000000000213e+00 3.828083503952248168e-02
2.549999999999999822e+00 3.218178971743921452e-02
2.609999999999999876e+00 2.709353983720315384e-02
2.669999999999999929e+00 2.261946615541575098e-02
2.729999999999999538e+00 1.888324831090802333e-02
2.790000000000000036e+00 1.564001055290308029e-02
2.849999999999999645e+00 1.311587800420232000e-02
2.910000000000000142e+00 1.076981433309475225e-02
2.969999999999999751e+00 8.983910150706089434e-03
3.030000000000000249e+00 7.369245146979224760e-03
3.089999999999999858e+00 6.012618586515023136e-03
3.149999999999999911e+00 4.962086714521728344e-03
3.209999999999999964e+00 4.065036803968521267e-03
3.269999999999999574e+00 3.336121663471966654e-03
3.330000000000000071e+00 2.708906948881149076e-03
3.389999999999999680e+00 2.157191451568339288e-03
3.450000000000000178e+00 1.754984272681057869e-03
3.509999999999999787e+00 1.454229167011099636e-03
3.569999999999999840e+00 1.141304779608839177e-03
3.629999999999999893e+00 9.325643449964441572e-04
3.689999999999999503e+00 7.648021039724499804e-04
3.750000000000000000e+00 6.073464995176576335e-04
3.809999999999999609e+00 4.837910370314442801e-04
3.870000000000000107e+00 3.856917251077171061e-04
3.929999999999999716e+00 3.171463831053153502e-04
3.989999999999999769e+00 2.505878626102314862e-04
4.049999999999999822e+00 1.939634496517223634e-04
4.109999999999999432e+00 1.500050238023585602e-04
4.169999999999999929e+00 1.280258108776733382e-04
4.230000000000000426e+00 1.005828388078728718e-04
4.290000000000000036e+00 8.208056352099134495e-05
4.349999999999999645e+00 5.923211618685847213e-05
4.410000000000000142e+00 4.743536348716968028e-05
4.469999999999999751e+00 3.427267100120062044e-05
4.529999999999999361e+00 2.818803013504585825e-05
4.589999999999999858e+00 2.371768174358449116e-05
4.650000000000000355e+00 1.726051184480781737e-05
4.709999999999999964e+00 1.465280861645533912e-05
4.769999999999999574e+00 1.092751829023804257e-05
4.830000000000000071e+00 7.574756996642278987e-06
4.889999999999999680e+00 7.078051619813171943e-06
4.949999999999999289e+00 5.960464521948022449e-06
5.009999999999999787e+00 3.476937637802961991e-06
5.070000000000000284e+00 3.476937637803013236e-06
5.129999999999999893e+00 1.862645163108729381e-06
5.189999999999999503e+00 1.241763442072504818e-06
5.250000000000000000e+00 1.117587097865254103e-06
5.309999999999999609e+00 1.986821507315978401e-06
5.369999999999999218e+00 6.208817210362524090e-07
5.429999999999999716e+00 2.483526884144973002e-07
5.490000000000000213e+00 6.208817210362524090e-07
5.549999999999999822e+00 7.450580652434917946e-07
5.609999999999999432e+00 2.483526884145009530e-07
5.669999999999999929e+00 0.000000000000000000e+00
5.730000000000000426e+00 2.483526884145009530e-07
5.789999999999999147e+00 0.000000000000000000e+00
5.849999999999999645e+00 1.241763442072486501e-07
5.910000000000000142e+00 1.241763442072504765e-07
5.969999999999999751e+00 0.000000000000000000e+00
