2.999999999999999889e-02 9.617048076915603316e-02
8.999999999999999667e-02 1.620293917409782181e-01
1.499999999999999944e-01 2.415072190873862601e-01
2.099999999999999922e-01 3.234315687673655626e-01
2.700000000000000178e-01 4.033853640411200758e-01
3.299999999999999600e-01 4.799906200169817838e-01
3.900000000000000133e-01 5.492348264845819950e-01
4.499999999999999556e-01 6.110864426524921234e-01
5.100000000000000089e-01 6.628776639417627292e-01
5.700000000000000622e-01 7.039394282098078159e-01
6.299999999999998934e-01 7.348291630657706186e-01
6.899999999999999467e-01 7.538537240563851771e-01
7.500000000000000000e-01 7.630147096739308132e-01
8.100000000000000533e-01 7.623261518453030572e-01
8.699999999999998845e-01 7.522249029494201267e-01
9.299999999999999378e-01 7.338153873916613001e-01
9.899999999999999911e-01 7.083538972463742089e-01
1.050000000000000044e+00 6.778123528595686453e-01
1.109999999999999876e+00 6.425107566702689121e-01
1.169999999999999929e+00 6.045355196138380016e-01
1.229999999999999982e+00 5.638974450322293830e-01
1.290000000000000036e+00 5.230912356805660357e-01
1.349999999999999867e+00 4.814428623624851800e-01
1.409999999999999920e+00 4.403057230535075695e-01
1.469999999999999973e+00 3.998816043129679310e-01
1.530000000000000027e+00 3.613522924086867705e-01
1.589999999999999858e+00 3.246751948546021116e-01
1.649999999999999911e+00 2.901629876854242562e-01
1.709999999999999964e+00 2.582335242994141522e-01
1.770000000000000018e+00 2.283528464164803207e-01
1.829999999999999849e+00 2.010037516628980225e-01
1.889999999999999902e+00 1.760665340428539394e-01
1.949999999999999956e+00 1.540192724815452330e-01
2.009999999999999787e+00 1.336709916616800609e-01
2.070000000000000284e+00 1.158952721647564937e-01
2.129999999999999893e+00 9.974887048017624935e-02
2.189999999999999947e+00 8.595337534412829383e-02
2.250000000000000000e+00 7.355076626105178095e-02
2.309999999999999609e+00 6.277114199676464557e-02
2.370000000000000107e+00 5.329350670149053670e-02
2.429999999999999716e+00 4.534137779480248293e-02
2.490000000000000213e+00 3.823091614915116732e-02
2.549999999999999822e+00 3.211597625500936526e-02
2.609999999999999876e+00 2.696278214675291648e-02
2.669999999999999929e+00 2.263945854683311817e-02
2.729999999999999538e+00 1.892608914965952446e-02
2.790000000000000036e+00 1.575412861322954619e-02
2.849999999999999645e+00 1.303764690735175272e-02
2.910000000000000142e+00 1.072871196316215435e-02
2.969999999999999751e+00 8.971989221662193467e-03
3.030000000000000249e+00 7.364526445899348406e-03
3.089999999999999858e+00 6.015971347808618877e-03
3.149999999999999911e+00 4.964942770438495953e-03
3.209999999999999964e+00 4.085898429795339210e-03
3.269999999999999574e+00 3.322213912920754259e-03
3.330000000000000071e+00 2.669791400455865434e-03
3.389999999999999680e+00 2.188732242996980701e-03
3.450000000000000178e+00 1.794348173794756010e-03
3.509999999999999787e+00 1.434857657314768690e-03
3.569999999999999840e+00 1.166015872106081859e-03
3.629999999999999893e+00 9.454786847939980129e-04
3.689999999999999503e+00 7.535020566495902617e-04
3.750000000000000000e+00 6.129344350069838680e-04
3.809999999999999609e+00 4.841635660640660290e-04
3.870000000000000107e+00 3.952533036116753296e-04
3.929999999999999716e+00 2.933045250175234705e-04
3.989999999999999769e+00 2.386669335663354108e-04
4.049999999999999822e+00 1.882513378181889334e-04
4.109999999999999432e+00 1.590698969294878392e-04
4.169999999999999929e+00 1.235554624862124048e-04
4.230000000000000426e+00 9.723007751427711757e-05
4.290000000000000036e+00 7.773439147373764765e-05
4.349999999999999645e+00 5.910793984265122247e-05
4.410000000000000142e+00 5.004306671552194338e-05
4.469999999999999751e+00 3.750125595058908439e-05
4.529999999999999361e+00 2.918144088870385888e-05
4.589999999999999858e+00 2.483526884144972790e-05
4.650000000000000355e+00 1.701215915639331467e-05
4.709999999999999964e+00 1.403192689541909592e-05
4.769999999999999574e+00 9.934107536580038544e-06
4.830000000000000071e+00 8.816520438714783170e-06
4.889999999999999680e+00 6.953875275605923981e-06
4.949999999999999289e+00 5.960464521948022449e-06
5.009999999999999787e+00 5.836288177740686395e-06
5.070000000000000284e+00 2.980232260974011224e-06
5.129999999999999893e+00 2.607703228352221175e-06
5.189999999999999503e+00 1.738468818901506618e-06
5.250000000000000000e+00 1.241763442072504818e-06
5.309999999999999609e+00 9.934107536579892007e-07
5.369999999999999218e+00 8.692344094507533090e-07
5.429999999999999716e+00 7.450580652434917946e-07
5.490000000000000213e+00 4.967053768290019060e-07
5.549999999999999822e+00 6.208817210362431975e-07
5.609999999999999432e+00 1.241763442072504765e-07
5.669999999999999929e+00 1.241763442072486501e-07
5.730000000000000426e+00 4.967053768290019060e-07
5.789999999999999147e+00 0.000000000000000000e+00
5.849999999999999645e+00 0.000000000000000000e+00
5.910000000000000142e+00 0.000000000000000000e+00
5.969999999999999751e+00 1.241763442072486501e-07
