2.999999999999999889e-02 9.636370059667355437e-02
8.999999999999999667e-02 1.617526050800419113e-01
1.499999999999999944e-01 2.417080158376995191e-01
2.099999999999999922e-01 3.233103774731194147e-01
2.700000000000000178e-01 4.034793715459961683e-01
3.299999999999999600e-01 4.799785820638319822e-01
3.900000000000000133e-01 5.495948218960399201e-01
4.499999999999999556e-01 6.112692393397867185e-01
5.100000000000000089e-01 6.625791538834873151e-01
5.700000000000000622e-01 7.038152623532653029e-01
6.299999999999998934e-01 7.344679450248970953e-01
6.899999999999999467e-01 7.540285755849304161e-01
7.500000000000000000e-01 7.639291556561045304e-01
8.100000000000000533e-01 7.621150634165502202e-01
8.699999999999998845e-01 7.519199370525273540e-01
9.299999999999999378e-01 7.337973927561846077e-01
9.899999999999999911e-01 7.088780561583792883e-01
1.050000000000000044e+00 6.775525860438074144e-01
1.109999999999999876e+00 6.421962275598614989e-01
1.169999999999999929e+00 6.044164435062502339e-01
1.229999999999999982e+00 5.643114573727123773e-01
1.290000000000000036e+00 5.229083317174900714e-01
1.349999999999999867e+00 4.810787844899020449e-01
1.409999999999999920e+00 4.399877139923206726e-01
1.469999999999999973e+00 3.997960527692346333e-01
1.530000000000000027e+00 3.613116921280947746e-01
1.589999999999999858e+00 3.244223766520663021e-01
1.649999999999999911e+00 2.901197786407617718e-01
1.709999999999999964e+00 2.577699778475605052e-01
1.770000000000000018e+00 2.282581032671610055e-01
1.829999999999999849e+00 2.011305387074122375e-01
1.889999999999999902e+00 1.765908091995050944e-01
1.949999999999999956e+00 1.542932077960143811e-01
2.009999999999999787e+00 1.337574203903891812e-01
2.070000000000000284e+00 1.156720048215190561e-01
2.129999999999999893e+00 1.000034334759684063e-01
2.189999999999999947e+00 8.588495545825566846e-02
2.250000000000000000e+00 7.374435828054745623e-02
2.309999999999999609e+00 6.267676890912378396e-02
2.370000000000000107e+00 5.356843392579725693e-02
2.429999999999999716e+00 4.506483774777134826e-02
2.490000000000000213e+00 3.824966734709091959e-02
2.549999999999999822e+00 3.218688142717361644e-02
2.609999999999999876e+00 2.701394320310543037e-02
2.669999999999999929e+00 2.265796115974992933e-02
2.729999999999999538e+00 1.886238696615268051e-02
2.790000000000000036e+00 1.574903761779599537e-02
2.849999999999999645e+00 1.309191216485501574e-02
2.910000000000000142e+00 1.079353217567450250e-02
2.969999999999999751e+00 8.933618864423450295e-03
3.030000000000000249e+00 7.384767300046739605e-03
3.089999999999999858e+00 6.076693670675757317e-03
3.149999999999999911e+00 4.976987949989498949e-03
3.209999999999999964e+00 4.039332360908363603e-03
3.269999999999999574e+00 3.305698508399937310e-03
3.330000000000000071e+00 2.680222253307698501e-03
3.389999999999999680e+00 2.175817935621640956e-03
3.450000000000000178e+00 1.786897619769170628e-03
3.509999999999999787e+00 1.415734521402940661e-03
3.569999999999999840e+00 1.154219136605598743e-03
3.629999999999999893e+00 9.448578171524405584e-04
3.689999999999999503e+00 7.562339474909137793e-04
3.750000000000000000e+00 5.953014030002366005e-04
3.809999999999999609e+00 4.947185626935632959e-04
3.870000000000000107e+00 3.851950254707413616e-04
3.929999999999999716e+00 2.959122326553115831e-04
3.989999999999999769e+00 2.368042919318855848e-04
4.049999999999999822e+00 1.912315729287354183e-04
4.109999999999999432e+00 1.557171379562582742e-04
4.169999999999999929e+00 1.225620535588713372e-04
4.230000000000000426e+00 9.362896492744715419e-05
4.290000000000000036e+00 7.674098186360940642e-05
4.349999999999999645e+00 6.183982033669587278e-05
4.410000000000000142e+00 4.246831035170680452e-05
4.469999999999999751e+00 3.787378554757422227e-05
4.529999999999999361e+00 3.017485209200220143e-05
4.589999999999999858e+00 2.309680036671739068e-05
4.650000000000000355e+00 1.825392287047046921e-05
4.709999999999999964e+00 1.403192710451110511e-05
4.769999999999999574e+00 1.204510556758935754e-05
4.830000000000000071e+00 8.071462493745443976e-06
4.889999999999999680e+00 8.195638839802945626e-06
4.949999999999999289e+00 5.339582880477755624e-06
5.009999999999999787e+00 3.601114035670991452e-06
5.070000000000000284e+00 3.228584997498178184e-06
5.129999999999999893e+00 3.352761343555750560e-06
5.189999999999999503e+00 1.614292498749089092e-06
5.250000000000000000e+00 1.241763460576222460e-06
5.309999999999999609e+00 6.208817302881020184e-07
5.369999999999999218e+00 1.241763460576222460e-06
5.429999999999999716e+00 2.483526921152407862e-07
5.490000000000000213e+00 3.725290381728667379e-07
5.549999999999999822e+00 7.450580763457224644e-07
5.609999999999999432e+00 8.692344224033556159e-07
5.669999999999999929e+00 2.483526921152407862e-07
5.730000000000000426e+00 0.000000000000000000e+00
5.789999999999999147e+00 0.000000000000000000e+00
5.849999999999999645e+00 0.000000000000000000e+00
5.910000000000000142e+00 1.241763460576222195e-07
5.969999999999999751e+00 0.000000000000000000e+00
