2.999999999999999889e-02 9.618451269605145237e-02
8.999999999999999667e-02 1.617743335299765273e-01
1.499999999999999944e-01 2.414756782959576464e-01
2.099999999999999922e-01 3.235283021395030656e-01
2.700000000000000178e-01 4.037901789232356542e-01
3.299999999999999600e-01 4.798964943480727441e-01
3.900000000000000133e-01 5.500185033928740586e-01
4.499999999999999556e-01 6.110861942998035978e-01
5.100000000000000089e-01 6.626295596060366444e-01
5.700000000000000622e-01 7.035893750954876902e-01
6.299999999999998934e-01 7.347526704377390638e-01
6.899999999999999467e-01 7.540232247662280729e-01
7.500000000000000000e-01 7.632684019451462243e-01
8.100000000000000533e-01 7.621895578666750826e-01
8.699999999999998845e-01 7.515690034993174340e-01
9.299999999999999378e-01 7.336312338732020599e-01
9.899999999999999911e-01 7.083846929797377179e-01
1.050000000000000044e+00 6.782616228729104746e-01
1.109999999999999876e+00 6.429258781889536367e-01
1.169999999999999929e+00 6.049829269820167221e-01
1.229999999999999982e+00 5.640345357162341866e-01
1.290000000000000036e+00 5.224359571121843793e-01
1.349999999999999867e+00 4.812520033214385817e-01
1.409999999999999920e+00 4.401147398361167640e-01
1.469999999999999973e+00 4.001114547260955501e-01
1.530000000000000027e+00 3.612369325849181800e-01
1.589999999999999858e+00 3.242924833617553126e-01
1.649999999999999911e+00 2.900167079519481161e-01
1.709999999999999964e+00 2.578089653785696211e-01
1.770000000000000018e+00 2.281012651431164329e-01
1.829999999999999849e+00 2.011584753877802556e-01
1.889999999999999902e+00 1.762791239441367785e-01
1.949999999999999956e+00 1.540871969418265708e-01
2.009999999999999787e+00 1.336687564874843304e-01
2.070000000000000284e+00 1.158037541990757507e-01
2.129999999999999893e+00 9.991576348679079289e-02
2.189999999999999947e+00 8.586136067307072184e-02
2.250000000000000000e+00 7.368835365043341357e-02
2.309999999999999609e+00 6.279709485270397462e-02
2.370000000000000107e+00 5.353180110602424879e-02
2.429999999999999716e+00 4.512953295158491501e-02
2.490000000000000213e+00 3.832628358150233505e-02
2.549999999999999822e+00 3.235129042728211030e-02
2.609999999999999876e+00 2.700475375109496687e-02
2.669999999999999929e+00 2.259338912313222855e-02
2.729999999999999538e+00 1.885530863346139563e-02
2.790000000000000036e+00 1.572084935298199981e-02
2.849999999999999645e+00 1.306335141060265340e-02
2.910000000000000142e+00 1.080619800194747814e-02
2.969999999999999751e+00 8.981054094789324427e-03
3.030000000000000249e+00 7.384022131939887469e-03
3.089999999999999858e+00 6.045401141385737045e-03
3.149999999999999911e+00 4.935512976861377785e-03
3.209999999999999964e+00 4.046410352337433819e-03
3.269999999999999574e+00 3.307312751615884300e-03
3.330000000000000071e+00 2.726912518791199842e-03
3.389999999999999680e+00 2.198790526877767923e-03
3.450000000000000178e+00 1.794596526483170510e-03
3.509999999999999787e+00 1.426165313220260997e-03
3.569999999999999840e+00 1.162538934468279085e-03
3.629999999999999893e+00 9.542952052327128469e-04
3.689999999999999503e+00 7.583449340736729983e-04
3.750000000000000000e+00 5.836288177740729492e-04
3.809999999999999609e+00 4.729876950854135600e-04
3.870000000000000107e+00 3.865609595171678537e-04
3.929999999999999716e+00 3.048529250287976343e-04
3.989999999999999769e+00 2.551823873458997235e-04
4.049999999999999822e+00 1.939634496517223634e-04
4.109999999999999432e+00 1.567105463895500958e-04
4.169999999999999929e+00 1.163532345221919654e-04
4.230000000000000426e+00 1.024454839709816302e-04
4.290000000000000036e+00 8.419156137251457555e-05
4.349999999999999645e+00 5.960464521948022110e-05
4.410000000000000142e+00 4.954636133869293798e-05
4.469999999999999751e+00 3.675619788534559323e-05
4.529999999999999361e+00 2.806385379083860520e-05
4.589999999999999858e+00 2.210338926889025580e-05
4.650000000000000355e+00 2.036492044998907910e-05
4.709999999999999964e+00 1.415610323962634389e-05
4.769999999999999574e+00 1.018246022499453955e-05
4.830000000000000071e+00 8.195638717678531502e-06
4.889999999999999680e+00 5.463759145118939969e-06
4.949999999999999289e+00 5.463759145119021284e-06
5.009999999999999787e+00 4.221995703046453574e-06
5.070000000000000284e+00 3.476937637803013236e-06
5.129999999999999893e+00 2.483526884144972790e-06
5.189999999999999503e+00 1.365939786279755321e-06
5.250000000000000000e+00 1.986821507316007624e-06
5.309999999999999609e+00 1.117587097865237586e-06
5.369999999999999218e+00 1.117587097865254103e-06
5.429999999999999716e+00 6.208817210362431975e-07
5.490000000000000213e+00 2.483526884145009530e-07
5.549999999999999822e+00 6.208817210362431975e-07
5.609999999999999432e+00 2.483526884145009530e-07
5.669999999999999929e+00 6.208817210362431975e-07
5.730000000000000426e+00 2.483526884145009530e-07
5.789999999999999147e+00 0.000000000000000000e+00
5.849999999999999645e+00 0.000000000000000000e+00
5.910000000000000142e+00 1.241763442072504765e-07
5.969999999999999751e+00 0.000000000000000000e+00
