2.999999999999999889e-02 9.614378428780549768e-02
8.999999999999999667e-02 1.616893993198985913e-01
1.499999999999999944e-01 2.414258871794566219e-01
2.099999999999999922e-01 3.229629320568501716e-01
2.700000000000000178e-01 4.038666775693499078e-01
3.299999999999999600e-01 4.800111162664990605e-01
3.900000000000000133e-01 5.498729769112089549e-01
4.499999999999999556e-01 6.107226150644410323e-01
5.100000000000000089e-01 6.626829653087915606e-01
5.700000000000000622e-01 7.038810758166759163e-01
6.299999999999998934e-01 7.346751953464673024e-01
6.899999999999999467e-01 7.544371157634599534e-01
7.500000000000000000e-01 7.633728456257664607e-01
8.100000000000000533e-01 7.619983376512560191e-01
8.699999999999998845e-01 7.517469594024690505e-01
9.299999999999999378e-01 7.334526792195286138e-01
9.899999999999999911e-01 7.086239913543453950e-01
1.050000000000000044e+00 6.781898590517752012e-01
1.109999999999999876e+00 6.427916531392078303e-01
1.169999999999999929e+00 6.047564383417559641e-01
1.229999999999999982e+00 5.644936240723789078e-01
1.290000000000000036e+00 5.229003844313423466e-01
1.349999999999999867e+00 4.811463364221574279e-01
1.409999999999999920e+00 4.405941912664660953e-01
1.469999999999999973e+00 3.998801201555156615e-01
1.530000000000000027e+00 3.609574170127923809e-01
1.589999999999999858e+00 3.245376123012077563e-01
1.649999999999999911e+00 2.900681212808017828e-01
1.709999999999999964e+00 2.579702742937514670e-01
1.770000000000000018e+00 2.282576065617767935e-01
1.829999999999999849e+00 2.010792538764904491e-01
1.889999999999999902e+00 1.762376516713172192e-01
1.949999999999999956e+00 1.540654683773447220e-01
2.009999999999999787e+00 1.337842424811376274e-01
2.070000000000000284e+00 1.157258973557080683e-01
2.129999999999999893e+00 9.988968794297962972e-02
2.189999999999999947e+00 8.601024939142780379e-02
2.250000000000000000e+00 7.346918349768377654e-02
2.309999999999999609e+00 6.276344399867199442e-02
2.370000000000000107e+00 5.330195148715760611e-02
2.429999999999999716e+00 4.529083869759622377e-02
2.490000000000000213e+00 3.811419095354205699e-02
2.549999999999999822e+00 3.212392401972240241e-02
2.609999999999999876e+00 2.708770395266365746e-02
2.669999999999999929e+00 2.258196523596266506e-02
2.729999999999999538e+00 1.885928255750123766e-02
2.790000000000000036e+00 1.570632095475217246e-02
2.849999999999999645e+00 1.305316914488503788e-02
2.910000000000000142e+00 1.079998934566949766e-02
2.969999999999999751e+00 8.935978214998545680e-03
3.030000000000000249e+00 7.366140848138096400e-03
3.089999999999999858e+00 6.033480302247704215e-03
3.149999999999999911e+00 4.968295605765465743e-03
3.209999999999999964e+00 4.091734778944679241e-03
3.269999999999999574e+00 3.294150108216578523e-03
3.330000000000000071e+00 2.715364159242005058e-03
3.389999999999999680e+00 2.175817935621640956e-03
3.450000000000000178e+00 1.797328432838010822e-03
3.509999999999999787e+00 1.436471971194563284e-03
3.569999999999999840e+00 1.157696074295212069e-03
3.629999999999999893e+00 9.325643588927360434e-04
3.689999999999999503e+00 7.523844807631274809e-04
3.750000000000000000e+00 6.041179235703276812e-04
3.809999999999999609e+00 4.750987000164591566e-04
3.870000000000000107e+00 3.927697825802562467e-04
3.929999999999999716e+00 3.082056909150160981e-04
3.989999999999999769e+00 2.430131092347666982e-04
4.049999999999999822e+00 1.963228031170978580e-04
4.109999999999999432e+00 1.502533787297229161e-04
4.169999999999999929e+00 1.266598729787727880e-04
4.230000000000000426e+00 9.983778223032828110e-05
4.290000000000000036e+00 7.425745494245700174e-05
4.349999999999999645e+00 6.270905475909921780e-05
4.410000000000000142e+00 4.855295130853029426e-05
4.469999999999999751e+00 3.588696401065229853e-05
4.529999999999999361e+00 2.918144132354122262e-05
4.589999999999999858e+00 2.197921325219880857e-05
4.650000000000000355e+00 1.775721748623998149e-05
4.709999999999999964e+00 1.763304114018209698e-05
4.769999999999999574e+00 9.064873262206424485e-06
4.830000000000000071e+00 1.030663672278264546e-05
4.889999999999999680e+00 7.202228071341982905e-06
4.949999999999999289e+00 6.332993648938734439e-06
5.009999999999999787e+00 4.221995765959093047e-06
5.070000000000000284e+00 3.352761343555800535e-06
5.129999999999999893e+00 2.359350575094787416e-06
5.189999999999999503e+00 1.614292498749089092e-06
5.250000000000000000e+00 1.117587114518600108e-06
5.309999999999999609e+00 1.117587114518583591e-06
5.369999999999999218e+00 1.117587114518600108e-06
5.429999999999999716e+00 8.692344224033428046e-07
5.490000000000000213e+00 6.208817302881112299e-07
5.549999999999999822e+00 4.967053842304815724e-07
5.609999999999999432e+00 2.483526921152444390e-07
5.669999999999999929e+00 2.483526921152407862e-07
5.730000000000000426e+00 0.000000000000000000e+00
5.789999999999999147e+00 0.000000000000000000e+00
5.849999999999999645e+00 1.241763460576203931e-07
5.910000000000000142e+00 0.000000000000000000e+00
5.969999999999999751e+00 0.000000000000000000e+00
