2.999999999999999889e-02 9.618240169819992913e-02
8.999999999999999667e-02 1.617358388632722799e-01
1.499999999999999944e-01 2.417756883435623616e-01
2.099999999999999922e-01 3.230525825648450922e-01
2.700000000000000178e-01 4.039684961535173202e-01
3.299999999999999600e-01 4.799166109158343185e-01
3.900000000000000133e-01 5.495493651644590694e-01
4.499999999999999556e-01 6.118057962144847206e-01
5.100000000000000089e-01 6.625387866984211449e-01
5.700000000000000622e-01 7.042157205756689464e-01
6.299999999999998934e-01 7.341036006865677699e-01
6.899999999999999467e-01 7.540901558157558915e-01
7.500000000000000000e-01 7.627482272392620555e-01
8.100000000000000533e-01 7.616772062704759705e-01
8.699999999999998845e-01 7.524378653797355598e-01
9.299999999999999378e-01 7.338998273057223409e-01
9.899999999999999911e-01 7.086316797283659374e-01
1.050000000000000044e+00 6.780600846662621084e-01
1.109999999999999876e+00 6.428452877415632427e-01
1.169999999999999929e+00 6.045269514460877014e-01
1.229999999999999982e+00 5.643677008477421264e-01
1.290000000000000036e+00 5.221888461872118414e-01
1.349999999999999867e+00 4.812510099106849792e-01
1.409999999999999920e+00 4.399782700338330521e-01
1.469999999999999973e+00 3.999703903990761145e-01
1.530000000000000027e+00 3.610796011568076502e-01
1.589999999999999858e+00 3.247597589450072486e-01
1.649999999999999911e+00 2.900109958401145827e-01
1.709999999999999964e+00 2.578242390689071128e-01
1.770000000000000018e+00 2.285870430016551935e-01
1.829999999999999849e+00 2.012862528459695155e-01
1.889999999999999902e+00 1.760490251783207172e-01
1.949999999999999956e+00 1.536790292984173412e-01
2.009999999999999787e+00 1.337447524101391672e-01
2.070000000000000284e+00 1.159561185734180461e-01
2.129999999999999893e+00 9.983281368886035012e-02
2.189999999999999947e+00 8.596057757209231431e-02
2.250000000000000000e+00 7.357200041591122064e-02
2.309999999999999609e+00 6.285657532157923333e-02
2.370000000000000107e+00 5.344115237475294961e-02
2.429999999999999716e+00 4.520217611294615606e-02
2.490000000000000213e+00 3.827127346101851652e-02
2.549999999999999822e+00 3.217297319700049285e-02
2.609999999999999876e+00 2.704064071457086202e-02
2.669999999999999929e+00 2.260220564357094328e-02
2.729999999999999538e+00 1.891503745502508271e-02
2.790000000000000036e+00 1.571414383039480833e-02
2.849999999999999645e+00 1.309017350095141932e-02
2.910000000000000142e+00 1.083761461703191056e-02
2.969999999999999751e+00 8.937840727005201547e-03
3.030000000000000249e+00 7.429346497575532726e-03
3.089999999999999858e+00 6.043041790845799302e-03
3.149999999999999911e+00 4.975373583351904924e-03
3.209999999999999964e+00 4.069507152359982255e-03
3.269999999999999574e+00 3.339598601109769211e-03
3.330000000000000071e+00 2.684320032728113644e-03
3.389999999999999680e+00 2.165387090286017766e-03
3.450000000000000178e+00 1.774231606033181566e-03
3.509999999999999787e+00 1.446157704637628192e-03
3.569999999999999840e+00 1.150618005424382901e-03
3.629999999999999893e+00 9.370346933879051448e-04
3.689999999999999503e+00 7.557372308453207555e-04
3.750000000000000000e+00 5.959222758505905567e-04
3.809999999999999609e+00 4.815558628357137863e-04
3.870000000000000107e+00 3.838290799446083612e-04
3.929999999999999716e+00 3.120551529928181685e-04
3.989999999999999769e+00 2.510845679870604306e-04
4.049999999999999822e+00 1.919766281444063960e-04
4.109999999999999432e+00 1.626710109114981064e-04
4.169999999999999929e+00 1.226862280767616572e-04
4.230000000000000426e+00 1.026938366593961431e-04
4.290000000000000036e+00 7.698933340849416327e-05
4.349999999999999645e+00 6.146729038258898626e-05
4.410000000000000142e+00 4.768371617558417959e-05
4.469999999999999751e+00 3.029902798656866533e-05
4.529999999999999361e+00 3.042320433077636560e-05
4.589999999999999858e+00 2.110997851523226871e-05
4.650000000000000355e+00 1.701215915639331467e-05
4.709999999999999964e+00 1.303851614176110545e-05
4.769999999999999574e+00 1.130004732285979323e-05
4.830000000000000071e+00 8.940696782922032826e-06
4.889999999999999680e+00 7.574756996642166332e-06
4.949999999999999289e+00 4.842877424082767922e-06
5.009999999999999787e+00 4.097819358839204765e-06
5.070000000000000284e+00 2.980232260974011224e-06
5.129999999999999893e+00 2.856055916766718370e-06
5.189999999999999503e+00 1.862645163108756909e-06
5.250000000000000000e+00 1.365939786279755321e-06
5.309999999999999609e+00 1.738468818901480995e-06
5.369999999999999218e+00 6.208817210362524090e-07
5.429999999999999716e+00 1.117587097865237586e-06
5.490000000000000213e+00 2.483526884145009530e-07
5.549999999999999822e+00 4.967053768289946003e-07
5.609999999999999432e+00 8.692344094507533090e-07
5.669999999999999929e+00 2.483526884144973002e-07
5.730000000000000426e+00 2.483526884145009530e-07
5.789999999999999147e+00 0.000000000000000000e+00
5.849999999999999645e+00 0.000000000000000000e+00
5.910000000000000142e+00 0.000000000000000000e+00
5.969999999999999751e+00 0.000000000000000000e+00
