2.999999999999999889e-02 9.599489613366470053e-02
8.999999999999999667e-02 1.618810022157579909e-01
1.499999999999999944e-01 2.415228671062419896e-01
2.099999999999999922e-01 3.232040801128360230e-01
2.700000000000000178e-01 4.036149691087251301e-01
3.299999999999999600e-01 4.798431020951733350e-01
3.900000000000000133e-01 5.499166828878226942e-01
4.499999999999999556e-01 6.110531679449454634e-01
5.100000000000000089e-01 6.629688143179134352e-01
5.700000000000000622e-01 7.042683765928211548e-01
6.299999999999998934e-01 7.345751037385336302e-01
6.899999999999999467e-01 7.542204224202093688e-01
7.500000000000000000e-01 7.633143528796381139e-01
8.100000000000000533e-01 7.619556153112004848e-01
8.699999999999998845e-01 7.519473744225614320e-01
9.299999999999999378e-01 7.336463888532868127e-01
9.899999999999999911e-01 7.084683931142342628e-01
1.050000000000000044e+00 6.773413570325769184e-01
1.109999999999999876e+00 6.428420639461603914e-01
1.169999999999999929e+00 6.049133927362166929e-01
1.229999999999999982e+00 5.640981182073268041e-01
1.290000000000000036e+00 5.231360672384922639e-01
1.349999999999999867e+00 4.810179344964709003e-01
1.409999999999999920e+00 4.398852652294224508e-01
1.469999999999999973e+00 4.000935763134592094e-01
1.530000000000000027e+00 3.613157872555022299e-01
1.589999999999999858e+00 3.245913782406564807e-01
1.649999999999999911e+00 2.899806989726525508e-01
1.709999999999999964e+00 2.579228370078824883e-01
1.770000000000000018e+00 2.281402582149749114e-01
1.829999999999999849e+00 2.012337277516779710e-01
1.889999999999999902e+00 1.761920776395807520e-01
1.949999999999999956e+00 1.538435641007158405e-01
2.009999999999999787e+00 1.336980631008454490e-01
2.070000000000000284e+00 1.159302907575709279e-01
2.129999999999999893e+00 1.000580703227430257e-01
2.189999999999999947e+00 8.585192391055763983e-02
2.250000000000000000e+00 7.343577951345506283e-02
2.309999999999999609e+00 6.289954080531305614e-02
2.370000000000000107e+00 5.328059275866433436e-02
2.429999999999999716e+00 4.518131482374636992e-02
2.490000000000000213e+00 3.822681861460432151e-02
2.549999999999999822e+00 3.219073065406177075e-02
2.609999999999999876e+00 2.705405196131363890e-02
2.669999999999999929e+00 2.272377445385515352e-02
2.729999999999999538e+00 1.896247295979368308e-02
2.790000000000000036e+00 1.569762849357169213e-02
2.849999999999999645e+00 1.309911429533034896e-02
2.910000000000000142e+00 1.085164662477840040e-02
2.969999999999999751e+00 8.969878290641473267e-03
3.030000000000000249e+00 7.362291326556963736e-03
3.089999999999999858e+00 6.024167031409840417e-03
3.149999999999999911e+00 4.942839417996628716e-03
3.209999999999999964e+00 4.042312563096170548e-03
3.269999999999999574e+00 3.333265632389964366e-03
3.330000000000000071e+00 2.698103627037557167e-03
3.389999999999999680e+00 2.190470728136161092e-03
3.450000000000000178e+00 1.787394311836275644e-03
3.509999999999999787e+00 1.425171913084961406e-03
3.569999999999999840e+00 1.160055416227220339e-03
3.629999999999999893e+00 9.202708937764789848e-04
3.689999999999999503e+00 7.394701352636530271e-04
3.750000000000000000e+00 5.989025125737360662e-04
3.809999999999999609e+00 4.998097891580525294e-04
3.870000000000000107e+00 3.890444892999201992e-04
3.929999999999999716e+00 3.089507466894993496e-04
3.989999999999999769e+00 2.495944537161970552e-04
4.049999999999999822e+00 1.961986253092465153e-04
4.109999999999999432e+00 1.663963024774647035e-04
4.169999999999999929e+00 1.272807537607453495e-04
4.230000000000000426e+00 9.573996209710842857e-05
4.290000000000000036e+00 7.525086515025530907e-05
4.349999999999999645e+00 5.625188434499366541e-05
4.410000000000000142e+00 4.619360038926632135e-05
4.469999999999999751e+00 3.725290353973034801e-05
4.529999999999999361e+00 3.166496800877126506e-05
4.589999999999999858e+00 2.471109268135446768e-05
4.650000000000000355e+00 1.788139369907083199e-05
4.709999999999999964e+00 1.378357430970023147e-05
4.769999999999999574e+00 1.266598720350850840e-05
4.830000000000000071e+00 1.005828395572734406e-05
4.889999999999999680e+00 5.587935530959552201e-06
4.949999999999999289e+00 3.725290353973090281e-06
5.009999999999999787e+00 4.097819389370338789e-06
5.070000000000000284e+00 2.607703247781163070e-06
5.129999999999999893e+00 3.104408628310862616e-06
5.189999999999999503e+00 1.365939796456799854e-06
5.250000000000000000e+00 2.359350557516290639e-06
5.309999999999999609e+00 8.692344159270415452e-07
5.369999999999999218e+00 8.692344159270543566e-07
5.429999999999999716e+00 6.208817256621726079e-07
5.490000000000000213e+00 3.725290353973090705e-07
5.549999999999999822e+00 2.483526902648690432e-07
5.609999999999999432e+00 6.208817256621818194e-07
5.669999999999999929e+00 2.483526902648690432e-07
5.730000000000000426e+00 3.725290353973090705e-07
5.789999999999999147e+00 2.483526902648726960e-07
5.849999999999999645e+00 3.725290353973035648e-07
5.910000000000000142e+00 0.000000000000000000e+00
5.969999999999999751e+00 1.241763451324345216e-07
