2.999999999999999889e-02 9.612403881642250791e-02
8.999999999999999667e-02 1.616035910566915590e-01
1.499999999999999944e-01 2.414423990357100758e-01
2.099999999999999922e-01 3.231609885133380211e-01
2.700000000000000178e-01 4.036831389145290605e-01
3.299999999999999600e-01 4.799834177890178188e-01
3.900000000000000133e-01 5.500743827477673209e-01
4.499999999999999556e-01 6.113225018828301049e-01
5.100000000000000089e-01 6.626219848490400022e-01
5.700000000000000622e-01 7.038693927516749271e-01
6.299999999999998934e-01 7.346479897795723524e-01
6.899999999999999467e-01 7.540312962286016552e-01
7.500000000000000000e-01 7.630551911621423766e-01
8.100000000000000533e-01 7.619548645761233807e-01
8.699999999999998845e-01 7.521710104160341803e-01
9.299999999999999378e-01 7.335744852838992358e-01
9.899999999999999911e-01 7.087983243822919555e-01
1.050000000000000044e+00 6.781085134405029358e-01
1.109999999999999876e+00 6.426853486102243052e-01
1.169999999999999929e+00 6.040544604563792275e-01
1.229999999999999982e+00 5.645044190027143083e-01
1.290000000000000036e+00 5.229530274094633668e-01
1.349999999999999867e+00 4.812264229945319438e-01
1.409999999999999920e+00 4.398958169412793828e-01
1.469999999999999973e+00 3.999522606528218560e-01
1.530000000000000027e+00 3.614542411872809224e-01
1.589999999999999858e+00 3.248058283687080827e-01
1.649999999999999911e+00 2.900779268896422347e-01
1.709999999999999964e+00 2.579808254389523992e-01
1.770000000000000018e+00 2.282213436679648433e-01
1.829999999999999849e+00 2.010788783511434086e-01
1.889999999999999902e+00 1.762206368860151640e-01
1.949999999999999956e+00 1.536987733371462939e-01
2.009999999999999787e+00 1.338675628145601371e-01
2.070000000000000284e+00 1.160534728272765298e-01
2.129999999999999893e+00 9.992619429970420186e-02
2.189999999999999947e+00 8.583429023003354141e-02
2.250000000000000000e+00 7.360080932776730256e-02
2.309999999999999609e+00 6.285123573877832159e-02
2.370000000000000107e+00 5.337471803060207798e-02
2.429999999999999716e+00 4.518466724841293386e-02
2.490000000000000213e+00 3.811903326302042844e-02
2.549999999999999822e+00 3.221693162284985923e-02
2.609999999999999876e+00 2.692900618112854458e-02
2.669999999999999929e+00 2.266876416406602562e-02
2.729999999999999538e+00 1.886722956250529160e-02
2.790000000000000036e+00 1.568272721531037417e-02
2.849999999999999645e+00 1.304708430951150196e-02
2.910000000000000142e+00 1.081340022991149688e-02
2.969999999999999751e+00 8.969629871122257458e-03
3.030000000000000249e+00 7.349128579217650316e-03
3.089999999999999858e+00 6.071105644636637724e-03
3.149999999999999911e+00 4.928062396208942805e-03
3.209999999999999964e+00 4.078323672798696981e-03
3.269999999999999574e+00 3.320847973134474947e-03
3.330000000000000071e+00 2.698103606935118356e-03
3.389999999999999680e+00 2.170478320398515001e-03
3.450000000000000178e+00 1.757964504942031861e-03
3.509999999999999787e+00 1.440818121836716674e-03
3.569999999999999840e+00 1.168251046301812352e-03
3.629999999999999893e+00 9.259829987534599254e-04
3.689999999999999503e+00 7.445613598666682865e-04
3.750000000000000000e+00 5.987783317673574073e-04
3.809999999999999609e+00 4.847844477851022231e-04
3.870000000000000107e+00 3.880510756476548495e-04
3.929999999999999716e+00 3.160287960074501033e-04
3.989999999999999769e+00 2.492219228239516858e-04
4.049999999999999822e+00 2.010415012715355396e-04
4.109999999999999432e+00 1.562138410127210972e-04
4.169999999999999929e+00 1.211961119462746613e-04
4.230000000000000426e+00 9.561578503958287204e-05
4.290000000000000036e+00 7.649262803166516464e-05
4.349999999999999645e+00 5.923211618685847213e-05
4.410000000000000142e+00 4.209578068625790441e-05
4.469999999999999751e+00 4.035731186735580614e-05
4.529999999999999361e+00 3.241002583809237026e-05
4.589999999999999858e+00 2.309680002254824288e-05
4.650000000000000355e+00 1.812974625425857174e-05
4.709999999999999964e+00 1.241763442072486395e-05
4.769999999999999574e+00 1.117587097865254188e-05
4.830000000000000071e+00 8.568167750300282164e-06
4.889999999999999680e+00 7.202227964020420752e-06
4.949999999999999289e+00 6.581346242984274963e-06
5.009999999999999787e+00 5.091230112497194389e-06
5.070000000000000284e+00 3.228584949388512230e-06
5.129999999999999893e+00 2.483526884144972790e-06
5.189999999999999503e+00 2.359350539937759133e-06
5.250000000000000000e+00 2.483526884145009636e-06
5.309999999999999609e+00 1.241763442072486395e-06
5.369999999999999218e+00 1.117587097865254103e-06
5.429999999999999716e+00 4.967053768289946003e-07
5.490000000000000213e+00 3.725290326217514030e-07
5.549999999999999822e+00 2.483526884144973002e-07
5.609999999999999432e+00 2.483526884145009530e-07
5.669999999999999929e+00 2.483526884144973002e-07
5.730000000000000426e+00 1.241763442072504765e-07
5.789999999999999147e+00 0.000000000000000000e+00
5.849999999999999645e+00 1.241763442072486501e-07
5.910000000000000142e+00 0.000000000000000000e+00
5.969999999999999751e+00 0.000000000000000000e+00
