2.999999999999999889e-02 9.627093943161969813e-02
8.999999999999999667e-02 1.619293056075471748e-01
1.499999999999999944e-01 2.417638915908626451e-01
2.099999999999999922e-01 3.230065131411441470e-01
2.700000000000000178e-01 4.036493629489046331e-01
3.299999999999999600e-01 4.802361166494795164e-01
3.900000000000000133e-01 5.497921299173841314e-01
4.499999999999999556e-01 6.108413185490270125e-01
5.100000000000000089e-01 6.627574612405701115e-01
5.700000000000000622e-01 7.036643776073887580e-01
6.299999999999998934e-01 7.343528226093917199e-01
6.899999999999999467e-01 7.540598567877692116e-01
7.500000000000000000e-01 7.629918612265966793e-01
8.100000000000000533e-01 7.619204677287779726e-01
8.699999999999998845e-01 7.519135928544925518e-01
9.299999999999999378e-01 7.342731013964093334e-01
9.899999999999999911e-01 7.084945890443611338e-01
1.050000000000000044e+00 6.779698084640234379e-01
1.109999999999999876e+00 6.426411418316865243e-01
1.169999999999999929e+00 6.043974355190795400e-01
1.229999999999999982e+00 5.645149739919720355e-01
1.290000000000000036e+00 5.231114764246718174e-01
1.349999999999999867e+00 4.813338355322712148e-01
1.409999999999999920e+00 4.401743444813362438e-01
1.469999999999999973e+00 4.000108718872876779e-01
1.530000000000000027e+00 3.610726472815319887e-01
1.589999999999999858e+00 3.248254482310928837e-01
1.649999999999999911e+00 2.896922351645345728e-01
1.709999999999999964e+00 2.577579289011004415e-01
1.770000000000000018e+00 2.281690654270535912e-01
1.829999999999999849e+00 2.010910476328757190e-01
1.889999999999999902e+00 1.760286602578707560e-01
1.949999999999999956e+00 1.540529242708253699e-01
2.009999999999999787e+00 1.340820153610060572e-01
2.070000000000000284e+00 1.158211388872647657e-01
2.129999999999999893e+00 9.990061397279750843e-02
2.189999999999999947e+00 8.593524559787403538e-02
2.250000000000000000e+00 7.361459290197430727e-02
2.309999999999999609e+00 6.281783230218657144e-02
2.370000000000000107e+00 5.322968006056801038e-02
2.429999999999999716e+00 4.532548322274395497e-02
2.490000000000000213e+00 3.812772560711494285e-02
2.549999999999999822e+00 3.223096354974528538e-02
2.609999999999999876e+00 2.705790122641566972e-02
2.669999999999999929e+00 2.263175961349226870e-02
2.729999999999999538e+00 1.891205722276410872e-02
2.790000000000000036e+00 1.576468360248715894e-02
2.849999999999999645e+00 1.313885062788066119e-02
2.910000000000000142e+00 1.078272867289230795e-02
2.969999999999999751e+00 8.925919797961305580e-03
3.030000000000000249e+00 7.357075865246913426e-03
3.089999999999999858e+00 6.074210053241818966e-03
3.149999999999999911e+00 4.921108520933335957e-03
3.209999999999999964e+00 4.044920236206946823e-03
3.269999999999999574e+00 3.298744583865584074e-03
3.330000000000000071e+00 2.697358548869874858e-03
3.389999999999999680e+00 2.170850849431136750e-03
3.450000000000000178e+00 1.796210818957864755e-03
3.509999999999999787e+00 1.447026939047078940e-03
3.569999999999999840e+00 1.150493829080175652e-03
3.629999999999999893e+00 9.467204482360706179e-04
3.689999999999999503e+00 7.616976953672687390e-04
3.750000000000000000e+00 5.926936909012020657e-04
3.809999999999999609e+00 4.968295531732054397e-04
3.870000000000000107e+00 3.891686627455200964e-04
3.929999999999999716e+00 3.062188648150773805e-04
3.989999999999999769e+00 2.381702281895064122e-04
4.049999999999999822e+00 1.966953292242818287e-04
4.109999999999999432e+00 1.502533764907730866e-04
4.169999999999999929e+00 1.167257635548137144e-04
4.230000000000000426e+00 9.636084310482636998e-05
4.290000000000000036e+00 7.388492480331293542e-05
4.349999999999999645e+00 6.370246457831949362e-05
4.410000000000000142e+00 4.991889037131468695e-05
4.469999999999999751e+00 3.563861078748035987e-05
4.529999999999999361e+00 2.620120862772985020e-05
4.589999999999999858e+00 2.247591830151200138e-05
4.650000000000000355e+00 1.862645163108757036e-05
4.709999999999999964e+00 1.341104517438285103e-05
4.769999999999999574e+00 1.254181076493229826e-05
4.830000000000000071e+00 9.685754848165535844e-06
4.889999999999999680e+00 7.078051619813171943e-06
4.949999999999999289e+00 5.960464521948022449e-06
5.009999999999999787e+00 3.973643014631956803e-06
5.070000000000000284e+00 2.856055916766760721e-06
5.129999999999999893e+00 2.235174195730475172e-06
5.189999999999999503e+00 1.490116130487005612e-06
5.250000000000000000e+00 1.490116130487005612e-06
5.309999999999999609e+00 1.614292474694232186e-06
5.369999999999999218e+00 1.117587097865254103e-06
5.429999999999999716e+00 8.692344094507404977e-07
5.490000000000000213e+00 3.725290326217514030e-07
5.549999999999999822e+00 4.967053768289946003e-07
5.609999999999999432e+00 3.725290326217514030e-07
5.669999999999999929e+00 3.725290326217458973e-07
5.730000000000000426e+00 0.000000000000000000e+00
5.789999999999999147e+00 0.000000000000000000e+00
5.849999999999999645e+00 0.000000000000000000e+00
5.910000000000000142e+00 0.000000000000000000e+00
5.969999999999999751e+00 0.000000000000000000e+00
