2.999999999999999889e-02 9.613446962933591688e-02
8.999999999999999667e-02 1.620577039474574710e-01
1.499999999999999944e-01 2.414693453024030767e-01
2.099999999999999922e-01 3.231926534811108698e-01
2.700000000000000178e-01 4.037116994736967279e-01
3.299999999999999600e-01 4.801488206795018754e-01
3.900000000000000133e-01 5.493684402309491066e-01
4.499999999999999556e-01 6.110352819986787365e-01
5.100000000000000089e-01 6.625196635414132285e-01
5.700000000000000622e-01 7.040926618185596730e-01
6.299999999999998934e-01 7.342531090049932985e-01
6.899999999999999467e-01 7.539595223016497538e-01
7.500000000000000000e-01 7.632038302461584545e-01
8.100000000000000533e-01 7.621485796730866902e-01
8.699999999999998845e-01 7.520868188546616651e-01
9.299999999999999378e-01 7.337324375937308574e-01
9.899999999999999911e-01 7.087105317069375410e-01
1.050000000000000044e+00 6.774873833667782730e-01
1.109999999999999876e+00 6.423826066830470305e-01
1.169999999999999929e+00 6.047873492398903039e-01
1.229999999999999982e+00 5.642540794927924930e-01
1.290000000000000036e+00 5.235006450874173378e-01
1.349999999999999867e+00 4.814336733130138435e-01
1.409999999999999920e+00 4.401596916727198439e-01
1.469999999999999973e+00 3.999374836678611933e-01
1.530000000000000027e+00 3.610578702965713815e-01
1.589999999999999858e+00 3.246656332760981534e-01
1.649999999999999911e+00 2.902708969285403007e-01
1.709999999999999964e+00 2.579122800969499973e-01
1.770000000000000018e+00 2.283280111476388985e-01
1.829999999999999849e+00 2.010952696285787655e-01
1.889999999999999902e+00 1.763095471484675547e-01
1.949999999999999956e+00 1.539946855653921975e-01
2.009999999999999787e+00 1.339642961866975845e-01
2.070000000000000284e+00 1.157589265388169336e-01
2.129999999999999893e+00 1.000379530094907266e-01
2.189999999999999947e+00 8.581380113323934522e-02
2.250000000000000000e+00 7.338387325443723741e-02
2.309999999999999609e+00 6.275214301610093637e-02
2.370000000000000107e+00 5.341718634032095042e-02
2.429999999999999716e+00 4.523036414308120173e-02
2.490000000000000213e+00 3.816299168886979482e-02
2.549999999999999822e+00 3.215558850881147790e-02
2.609999999999999876e+00 2.701816479626934983e-02
2.669999999999999929e+00 2.273904797488733240e-02
2.729999999999999538e+00 1.883084589365256745e-02
2.790000000000000036e+00 1.577362429927008092e-02
2.849999999999999645e+00 1.298487196106366988e-02
2.910000000000000142e+00 1.078546055246486571e-02
2.969999999999999751e+00 8.957336413045739743e-03
3.030000000000000249e+00 7.327894424358210625e-03
3.089999999999999858e+00 6.009886706942464511e-03
3.149999999999999911e+00 4.975373583351904924e-03
3.209999999999999964e+00 4.046286175993227437e-03
3.269999999999999574e+00 3.322586441953376008e-03
3.330000000000000071e+00 2.690280497250061627e-03
3.389999999999999680e+00 2.168243146202784508e-03
3.450000000000000178e+00 1.766160143659710339e-03
3.509999999999999787e+00 1.445412646572384694e-03
3.569999999999999840e+00 1.156205940913709136e-03
3.629999999999999893e+00 9.258588224092526757e-04
3.689999999999999503e+00 7.258107318913736969e-04
3.750000000000000000e+00 5.971640392926630533e-04
3.809999999999999609e+00 4.810591574588847334e-04
3.870000000000000107e+00 3.961225380211260772e-04
3.929999999999999716e+00 2.957880519016684094e-04
3.989999999999999769e+00 2.476076303492574402e-04
4.049999999999999822e+00 2.055118496629964730e-04
4.109999999999999432e+00 1.477698496066280663e-04
4.169999999999999929e+00 1.187125850621296953e-04
4.230000000000000426e+00 9.648501944903360608e-05
4.290000000000000036e+00 7.649262803166516464e-05
4.349999999999999645e+00 5.898376349844397282e-05
4.410000000000000142e+00 5.016724305972919304e-05
4.469999999999999751e+00 3.489355272223686872e-05
4.529999999999999361e+00 2.731879572559510388e-05
4.589999999999999858e+00 2.185503658047575987e-05
4.650000000000000355e+00 1.552204302590631202e-05
4.709999999999999964e+00 1.651545377956406871e-05
4.769999999999999574e+00 1.092751829023804257e-05
4.830000000000000071e+00 9.437402159751036532e-06
4.889999999999999680e+00 6.457169898776928746e-06
4.949999999999999289e+00 5.215406456704519431e-06
5.009999999999999787e+00 3.849466670424707994e-06
5.070000000000000284e+00 2.980232260974011224e-06
5.129999999999999893e+00 2.483526884144972790e-06
5.189999999999999503e+00 2.235174195730508206e-06
5.250000000000000000e+00 8.692344094507533090e-07
5.309999999999999609e+00 1.117587097865237586e-06
5.369999999999999218e+00 1.241763442072504818e-06
5.429999999999999716e+00 3.725290326217458973e-07
5.490000000000000213e+00 7.450580652435028061e-07
5.549999999999999822e+00 8.692344094507404977e-07
5.609999999999999432e+00 1.241763442072504765e-07
5.669999999999999929e+00 0.000000000000000000e+00
5.730000000000000426e+00 2.483526884145009530e-07
5.789999999999999147e+00 1.241763442072504765e-07
5.849999999999999645e+00 0.000000000000000000e+00
5.910000000000000142e+00 2.483526884145009530e-07
5.969999999999999751e+00 0.000000000000000000e+00
