2.999999999999999889e-02 9.621481387460670276e-02
8.999999999999999667e-02 1.618667243480699791e-01
1.499999999999999944e-01 2.416376096498253911e-01
2.099999999999999922e-01 3.233370777965708376e-01
2.700000000000000178e-01 4.034182797894362849e-01
3.299999999999999600e-01 4.801696930379577566e-01
3.900000000000000133e-01 5.493328138987068066e-01
4.499999999999999556e-01 6.109650118439897692e-01
5.100000000000000089e-01 6.623378841778992943e-01
5.700000000000000622e-01 7.039685012092746774e-01
6.299999999999998934e-01 7.347294658838556813e-01
6.899999999999999467e-01 7.537401195488402372e-01
7.500000000000000000e-01 7.633269060649539028e-01
8.100000000000000533e-01 7.624690958599980029e-01
8.699999999999998845e-01 7.524768735709855827e-01
9.299999999999999378e-01 7.334975123454379187e-01
9.899999999999999911e-01 7.088019413392321333e-01
1.050000000000000044e+00 6.780201150383580178e-01
1.109999999999999876e+00 6.424568784969132418e-01
1.169999999999999929e+00 6.050305000453337634e-01
1.229999999999999982e+00 5.642805416667617813e-01
1.290000000000000036e+00 5.222716834824800980e-01
1.349999999999999867e+00 4.813186967765892277e-01
1.409999999999999920e+00 4.401035738022196497e-01
1.469999999999999973e+00 3.999783466253181707e-01
1.530000000000000027e+00 3.609271206734709914e-01
1.589999999999999858e+00 3.248307950744278583e-01
1.649999999999999911e+00 2.901710656336264904e-01
1.709999999999999964e+00 2.578891890612000637e-01
1.770000000000000018e+00 2.281799980455642696e-01
1.829999999999999849e+00 2.010232518421584125e-01
1.889999999999999902e+00 1.763397259416099594e-01
1.949999999999999956e+00 1.540906773236594418e-01
2.009999999999999787e+00 1.340149631306020162e-01
2.070000000000000284e+00 1.158649757265539648e-01
2.129999999999999893e+00 1.000223090257934544e-01
2.189999999999999947e+00 8.585378783505577538e-02
2.250000000000000000e+00 7.343602896042744632e-02
2.309999999999999609e+00 6.271700251252454450e-02
2.370000000000000107e+00 5.321428338331823937e-02
2.429999999999999716e+00 4.524303114145089566e-02
2.490000000000000213e+00 3.815107161256880985e-02
2.549999999999999822e+00 3.213634189376257666e-02
2.609999999999999876e+00 2.699668289214438369e-02
2.669999999999999929e+00 2.262890406337092486e-02
2.729999999999999538e+00 1.890746312064317536e-02
2.790000000000000036e+00 1.573115634116994954e-02
2.849999999999999645e+00 1.308185397829175756e-02
2.910000000000000142e+00 1.083649727214863745e-02
2.969999999999999751e+00 8.956343202481953369e-03
3.030000000000000249e+00 7.345279276727012530e-03
3.089999999999999858e+00 6.066262902804098189e-03
3.149999999999999911e+00 4.967426408353274418e-03
3.209999999999999964e+00 4.090989751348583781e-03
3.269999999999999574e+00 3.292784192943098986e-03
3.330000000000000071e+00 2.704436660938558390e-03
3.389999999999999680e+00 2.183889414386630534e-03
3.450000000000000178e+00 1.792485568696822185e-03
3.509999999999999787e+00 1.423557641810901941e-03
3.569999999999999840e+00 1.168002719720293145e-03
3.629999999999999893e+00 9.315709550650197457e-04
3.689999999999999503e+00 7.466723744076197988e-04
3.750000000000000000e+00 5.960464655174746440e-04
3.809999999999999609e+00 4.778305831898421729e-04
3.870000000000000107e+00 3.899137295260146630e-04
3.929999999999999716e+00 3.059705189656369839e-04
3.989999999999999769e+00 2.488493993535475070e-04
4.049999999999999822e+00 2.005448003772321655e-04
4.109999999999999432e+00 1.567105498923038740e-04
4.169999999999999929e+00 1.216928200431501651e-04
4.230000000000000426e+00 1.012037227909886277e-04
4.290000000000000036e+00 7.835527494615077148e-05
4.349999999999999645e+00 5.960464655174790486e-05
4.410000000000000142e+00 4.967053879312325292e-05
4.469999999999999751e+00 3.948807834053240379e-05
4.529999999999999361e+00 2.980232327587395243e-05
4.589999999999999858e+00 2.409021131466442401e-05
4.650000000000000355e+00 1.552204337285101738e-05
4.709999999999999964e+00 1.365939816810869228e-05
4.769999999999999574e+00 1.167257661638396484e-05
4.830000000000000071e+00 9.934107758624651939e-06
4.889999999999999680e+00 5.712111961209089653e-06
4.949999999999999289e+00 5.463759267243558228e-06
5.009999999999999787e+00 3.849466756466995790e-06
5.070000000000000284e+00 2.731879633621779114e-06
5.129999999999999893e+00 2.235174245690513398e-06
5.189999999999999503e+00 9.934107758624651515e-07
5.250000000000000000e+00 1.614292510776505686e-06
5.309999999999999609e+00 1.738468857759288340e-06
5.369999999999999218e+00 9.934107758624651515e-07
5.429999999999999716e+00 4.967053879312251642e-07
5.490000000000000213e+00 3.725290409484244054e-07
5.549999999999999822e+00 2.483526939656125821e-07
5.609999999999999432e+00 6.208817349140407462e-07
5.669999999999999929e+00 0.000000000000000000e+00
5.730000000000000426e+00 1.241763469828081439e-07
5.789999999999999147e+00 2.483526939656162879e-07
5.849999999999999645e+00 1.241763469828062911e-07
5.910000000000000142e+00 0.000000000000000000e+00
5.969999999999999751e+00 0.000000000000000000e+00
