2.999999999999999889e-02 9.638654832621239288e-02
8.999999999999999667e-02 1.614845071457501613e-01
1.499999999999999944e-01 2.416177378339231796e-01
2.099999999999999922e-01 3.235335199564723374e-01
2.700000000000000178e-01 4.039739629225030382e-01
3.299999999999999600e-01 4.799019616827661094e-01
3.900000000000000133e-01 5.488555960186659588e-01
4.499999999999999556e-01 6.106035253992209144e-01
5.100000000000000089e-01 6.627184748061264452e-01
5.700000000000000622e-01 7.040890659504499549e-01
6.299999999999998934e-01 7.347432385098430219e-01
6.899999999999999467e-01 7.543367756555984238e-01
7.500000000000000000e-01 7.633468870820627750e-01
8.100000000000000533e-01 7.621828580227928418e-01
8.699999999999998845e-01 7.517028711989958145e-01
9.299999999999999378e-01 7.339945793250381989e-01
9.899999999999999911e-01 7.087083018130301282e-01
1.050000000000000044e+00 6.780536325482565685e-01
1.109999999999999876e+00 6.429528292460185979e-01
1.169999999999999929e+00 6.045783649570494189e-01
1.229999999999999982e+00 5.642199352019017233e-01
1.290000000000000036e+00 5.224224257830161200e-01
1.349999999999999867e+00 4.814165405643460183e-01
1.409999999999999920e+00 4.402310963506162467e-01
1.469999999999999973e+00 3.997694760526635527e-01
1.530000000000000027e+00 3.613129311995641468e-01
1.589999999999999858e+00 3.244268445833559666e-01
1.649999999999999911e+00 2.903423004896782400e-01
1.709999999999999964e+00 2.581257411558289250e-01
1.770000000000000018e+00 2.280710919907361356e-01
1.829999999999999849e+00 2.009437759857937156e-01
1.889999999999999902e+00 1.763785905099697071e-01
1.949999999999999956e+00 1.538143826596097274e-01
2.009999999999999787e+00 1.337361852388010974e-01
2.070000000000000284e+00 1.158197738104030511e-01
2.129999999999999893e+00 1.000399405763536809e-01
2.189999999999999947e+00 8.583789198355769312e-02
2.250000000000000000e+00 7.362303744191478483e-02
2.309999999999999609e+00 6.269452565949938661e-02
2.370000000000000107e+00 5.330803573093860492e-02
2.429999999999999716e+00 4.518106647105609580e-02
2.490000000000000213e+00 3.823451754800252789e-02
2.549999999999999822e+00 3.213149853743359902e-02
2.609999999999999876e+00 2.690417111273879155e-02
2.669999999999999929e+00 2.265311811347479540e-02
2.729999999999999538e+00 1.886698135038684249e-02
2.790000000000000036e+00 1.577697717811131842e-02
2.849999999999999645e+00 1.307514826071978775e-02
2.910000000000000142e+00 1.084109163544214223e-02
2.969999999999999751e+00 8.932252858066345308e-03
3.030000000000000249e+00 7.406622281769243213e-03
3.089999999999999858e+00 6.086006851285793301e-03
3.149999999999999911e+00 4.953518583678017881e-03
3.209999999999999964e+00 4.092355630184541480e-03
3.269999999999999574e+00 3.307561128947550215e-03
3.330000000000000071e+00 2.709652027134873669e-03
3.389999999999999680e+00 2.169112396773381895e-03
3.450000000000000178e+00 1.784662432243361773e-03
3.509999999999999787e+00 1.444046717545091531e-03
3.569999999999999840e+00 1.159807063536955540e-03
3.629999999999999893e+00 9.467204552896877484e-04
3.689999999999999503e+00 7.414569567857719591e-04
3.750000000000000000e+00 5.980332781578090538e-04
3.809999999999999609e+00 4.803141029722601905e-04
3.870000000000000107e+00 3.825873193530335888e-04
3.929999999999999716e+00 3.239760844505240101e-04
3.989999999999999769e+00 2.343207632649073791e-04
4.049999999999999822e+00 1.957019199287167823e-04
4.109999999999999432e+00 1.618017777075645715e-04
4.169999999999999929e+00 1.295159279731291887e-04
4.230000000000000426e+00 9.847184169002202786e-05
4.290000000000000036e+00 7.996956626528782682e-05
4.349999999999999645e+00 6.382664139807227668e-05
4.410000000000000142e+00 4.892547998217992064e-05
4.469999999999999751e+00 3.563861105300870897e-05
4.529999999999999361e+00 2.905726476099010580e-05
4.589999999999999858e+00 2.322097653976525511e-05
4.650000000000000355e+00 1.887480446013032511e-05
4.709999999999999964e+00 1.626710121234892190e-05
4.769999999999999574e+00 1.080334202652196220e-05
4.830000000000000071e+00 1.080334202652196220e-05
4.889999999999999680e+00 6.457169946886594275e-06
4.949999999999999289e+00 4.470348424767707999e-06
5.009999999999999787e+00 3.104408628310862616e-06
5.070000000000000284e+00 2.731879592913599709e-06
5.129999999999999893e+00 2.110997867251386443e-06
5.189999999999999503e+00 1.738468831854108713e-06
5.250000000000000000e+00 1.614292486721672498e-06
5.309999999999999609e+00 1.738468831854083090e-06
5.369999999999999218e+00 4.967053805297453920e-07
5.429999999999999716e+00 3.725290353973035648e-07
5.490000000000000213e+00 2.483526902648726960e-07
5.549999999999999822e+00 2.483526902648690432e-07
5.609999999999999432e+00 6.208817256621818194e-07
5.669999999999999929e+00 1.241763451324345216e-07
5.730000000000000426e+00 2.483526902648726960e-07
5.789999999999999147e+00 0.000000000000000000e+00
5.849999999999999645e+00 0.000000000000000000e+00
5.910000000000000142e+00 0.000000000000000000e+00
5.969999999999999751e+00 1.241763451324345216e-07
