2.999999999999999889e-02 9.623567550089981437e-02
8.999999999999999667e-02 1.614706018011948241e-01
1.499999999999999944e-01 2.417557013558060408e-01
2.099999999999999922e-01 3.233620372423143818e-01
2.700000000000000178e-01 4.039172203516131487e-01
3.299999999999999600e-01 4.798878127303067842e-01
3.900000000000000133e-01 5.496007864554958156e-01
4.499999999999999556e-01 6.115462813242161788e-01
5.100000000000000089e-01 6.625813939943325792e-01
5.700000000000000622e-01 7.040366740237682386e-01
6.299999999999998934e-01 7.343760600003427230e-01
6.899999999999999467e-01 7.540403779558446651e-01
7.500000000000000000e-01 7.633199521895228656e-01
8.100000000000000533e-01 7.621708242745454109e-01
8.699999999999998845e-01 7.522493825033130799e-01
9.299999999999999378e-01 7.331216305431209612e-01
9.899999999999999911e-01 7.081718705546413695e-01
1.050000000000000044e+00 6.772068841419676133e-01
1.109999999999999876e+00 6.429737004530556854e-01
1.169999999999999929e+00 6.047289998748595075e-01
1.229999999999999982e+00 5.642923384197251480e-01
1.290000000000000036e+00 5.234753248137844484e-01
1.349999999999999867e+00 4.812059446535288387e-01
1.409999999999999920e+00 4.398470254693531700e-01
1.469999999999999973e+00 3.999803334468698957e-01
1.530000000000000027e+00 3.613439806702922752e-01
1.589999999999999858e+00 3.246601767736734812e-01
1.649999999999999911e+00 2.903467751646071626e-01
1.709999999999999964e+00 2.577629017163185488e-01
1.770000000000000018e+00 2.281786321057474864e-01
1.829999999999999849e+00 2.010464728190441974e-01
1.889999999999999902e+00 1.764462692473212080e-01
1.949999999999999956e+00 1.536796536151463499e-01
2.009999999999999787e+00 1.338887999620674840e-01
2.070000000000000284e+00 1.157691115866832376e-01
2.129999999999999893e+00 9.984486102595502288e-02
2.189999999999999947e+00 8.593388157885968603e-02
2.250000000000000000e+00 7.354840855444688685e-02
2.309999999999999609e+00 6.274171360557412314e-02
2.370000000000000107e+00 5.338912367987003194e-02
2.429999999999999716e+00 4.521819587205433422e-02
2.490000000000000213e+00 3.834590430098483438e-02
2.549999999999999822e+00 3.214689688325611527e-02
2.609999999999999876e+00 2.707553487247846974e-02
2.669999999999999929e+00 2.262505459661445784e-02
2.729999999999999538e+00 1.887492891773367987e-02
2.790000000000000036e+00 1.579113351676264543e-02
2.849999999999999645e+00 1.308955291180469160e-02
2.910000000000000142e+00 1.085624131131890380e-02
2.969999999999999751e+00 8.879478043699595702e-03
3.030000000000000249e+00 7.329384704313213206e-03
3.089999999999999858e+00 6.063034317782545202e-03
3.149999999999999911e+00 4.972641814926552321e-03
3.209999999999999964e+00 4.012634476402432426e-03
3.269999999999999574e+00 3.290052313309477228e-03
3.330000000000000071e+00 2.691646497199329247e-03
3.389999999999999680e+00 2.205371922414656183e-03
3.450000000000000178e+00 1.777211878017936897e-03
3.509999999999999787e+00 1.458078666272122348e-03
3.569999999999999840e+00 1.191472049300044142e-03
3.629999999999999893e+00 9.271006065736386859e-04
3.689999999999999503e+00 7.697691749464219413e-04
3.750000000000000000e+00 6.063531023170476431e-04
3.809999999999999609e+00 4.657854775325098728e-04
3.870000000000000107e+00 3.974884866919659032e-04
3.929999999999999716e+00 3.063430480065854056e-04
3.989999999999999769e+00 2.354383538794042462e-04
4.049999999999999822e+00 1.963228045798167472e-04
4.109999999999999432e+00 1.620501328125646115e-04
4.169999999999999929e+00 1.208235856142705282e-04
4.230000000000000426e+00 9.400149466598576838e-05
4.290000000000000036e+00 7.910033302804761479e-05
4.349999999999999645e+00 6.059805732761037615e-05
4.410000000000000142e+00 4.755954089441551667e-05
4.469999999999999751e+00 3.563861158406540715e-05
4.529999999999999361e+00 2.880891250001148791e-05
4.589999999999999858e+00 2.371768227371600575e-05
4.650000000000000355e+00 1.738468857759313920e-05
4.709999999999999964e+00 1.266598739224624301e-05
4.769999999999999574e+00 1.167257661638396484e-05
4.830000000000000071e+00 8.071462553882528430e-06
4.889999999999999680e+00 7.202228125002765252e-06
4.949999999999999289e+00 4.470348491381092864e-06
5.009999999999999787e+00 4.097819450432607684e-06
5.070000000000000284e+00 3.601114062501435989e-06
5.129999999999999893e+00 2.359350592673319345e-06
5.189999999999999503e+00 1.986821551724930303e-06
5.250000000000000000e+00 1.241763469828081492e-06
5.309999999999999609e+00 8.692344288796441698e-07
5.369999999999999218e+00 1.117587122845273216e-06
5.429999999999999716e+00 7.450580818968377993e-07
5.490000000000000213e+00 4.967053879312325758e-07
5.549999999999999822e+00 3.725290409484188996e-07
5.609999999999999432e+00 3.725290409484244054e-07
5.669999999999999929e+00 2.483526939656125821e-07
5.730000000000000426e+00 2.483526939656162879e-07
5.789999999999999147e+00 1.241763469828081439e-07
5.849999999999999645e+00 1.241763469828062911e-07
5.910000000000000142e+00 2.483526939656162879e-07
5.969999999999999751e+00 0.000000000000000000e+00
