2.999999999999999889e-02 9.610454384641663184e-02
8.999999999999999667e-02 1.617985491225900907e-01
1.499999999999999944e-01 2.416356192276222503e-01
2.099999999999999922e-01 3.232905068490481981e-01
2.700000000000000178e-01 4.037991226285565505e-01
3.299999999999999600e-01 4.795032314385458960e-01
3.900000000000000133e-01 5.497418425938761510e-01
4.499999999999999556e-01 6.111119033561930314e-01
5.100000000000000089e-01 6.633990853537973242e-01
5.700000000000000622e-01 7.043566659742103164e-01
6.299999999999998934e-01 7.341536492231542921e-01
6.899999999999999467e-01 7.539402805855905942e-01
7.500000000000000000e-01 7.630504781462317254e-01
8.100000000000000533e-01 7.619225844033951089e-01
8.699999999999998845e-01 7.516704611729162488e-01
9.299999999999999378e-01 7.340965281043919655e-01
9.899999999999999911e-01 7.083964950104025826e-01
1.050000000000000044e+00 6.777891369331244809e-01
1.109999999999999876e+00 6.430729077717617370e-01
1.169999999999999929e+00 6.045695484365449790e-01
1.229999999999999982e+00 5.644984627440337022e-01
1.290000000000000036e+00 5.228206593218558407e-01
1.349999999999999867e+00 4.807909401375687897e-01
1.409999999999999920e+00 4.398666387776525855e-01
1.469999999999999973e+00 3.998539159673535348e-01
1.530000000000000027e+00 3.613171531952987237e-01
1.589999999999999858e+00 3.243962972024533875e-01
1.649999999999999911e+00 2.901840998259794802e-01
1.709999999999999964e+00 2.579848010041036477e-01
1.770000000000000018e+00 2.284058714172131910e-01
1.829999999999999849e+00 2.011463076047047549e-01
1.889999999999999902e+00 1.764879898700313643e-01
1.949999999999999956e+00 1.540171626312109854e-01
2.009999999999999787e+00 1.337846140134027473e-01
2.070000000000000284e+00 1.158893125636772242e-01
2.129999999999999893e+00 9.986584534047801553e-02
2.189999999999999947e+00 8.592121431114153884e-02
2.250000000000000000e+00 7.358429442223346495e-02
2.309999999999999609e+00 6.271799498872941692e-02
2.370000000000000107e+00 5.354521255014155212e-02
2.429999999999999716e+00 4.514915315035706450e-02
2.490000000000000213e+00 3.825600005571044154e-02
2.549999999999999822e+00 3.220823951872544416e-02
2.609999999999999876e+00 2.697482745311914967e-02
2.669999999999999929e+00 2.259438270222715803e-02
2.729999999999999538e+00 1.884289113943114768e-02
2.790000000000000036e+00 1.572656158198755191e-02
2.849999999999999645e+00 1.300374686226863849e-02
2.910000000000000142e+00 1.084047075371648121e-02
2.969999999999999751e+00 8.961185946482201625e-03
3.030000000000000249e+00 7.354344040468488441e-03
3.089999999999999858e+00 6.033480257294773080e-03
3.149999999999999911e+00 4.973883504279737883e-03
3.209999999999999964e+00 4.079689642981033058e-03
3.269999999999999574e+00 3.306195189151093280e-03
3.330000000000000071e+00 2.702822328152589427e-03
3.389999999999999680e+00 2.171347570985765734e-03
3.450000000000000178e+00 1.773859090216839884e-03
3.509999999999999787e+00 1.429766437854861376e-03
3.569999999999999840e+00 1.149624603236095756e-03
3.629999999999999893e+00 9.415050487941254570e-04
3.689999999999999503e+00 7.501493009450424087e-04
3.750000000000000000e+00 6.123135578480391012e-04
3.809999999999999609e+00 4.912416213439144792e-04
3.870000000000000107e+00 3.846983172202849202e-04
3.929999999999999716e+00 3.095716284151615091e-04
3.989999999999999769e+00 2.411504622471914044e-04
4.049999999999999822e+00 2.005447973888817130e-04
4.109999999999999432e+00 1.559654894863400664e-04
4.169999999999999929e+00 1.146147665572370630e-04
4.230000000000000426e+00 9.350478788472457584e-05
4.290000000000000036e+00 7.599592322104992213e-05
4.349999999999999645e+00 5.823870586711265163e-05
4.410000000000000142e+00 4.979471439810697372e-05
4.469999999999999751e+00 3.464520029194922941e-05
4.529999999999999361e+00 3.203749704416857837e-05
4.589999999999999858e+00 2.446273999108959779e-05
4.650000000000000355e+00 2.160668405304392439e-05
4.709999999999999964e+00 1.316269258403805675e-05
4.769999999999999574e+00 1.018246030085978069e-05
4.830000000000000071e+00 6.953875327416434853e-06
4.889999999999999680e+00 6.953875327416332362e-06
4.949999999999999289e+00 3.725290353973090281e-06
5.009999999999999787e+00 4.594524769900076875e-06
5.070000000000000284e+00 3.352761318575781634e-06
5.129999999999999893e+00 2.110997867251386443e-06
5.189999999999999503e+00 1.614292486721672498e-06
5.250000000000000000e+00 1.490116141589236282e-06
5.309999999999999609e+00 1.862645176986517612e-06
5.369999999999999218e+00 2.483526902648726960e-07
5.429999999999999716e+00 7.450580707946071295e-07
5.490000000000000213e+00 6.208817256621818194e-07
5.549999999999999822e+00 7.450580707946071295e-07
5.609999999999999432e+00 4.967053805297453920e-07
5.669999999999999929e+00 2.483526902648690432e-07
5.730000000000000426e+00 2.483526902648726960e-07
5.789999999999999147e+00 3.725290353973090705e-07
5.849999999999999645e+00 2.483526902648690432e-07
5.910000000000000142e+00 0.000000000000000000e+00
5.969999999999999751e+00 2.483526902648690432e-07
