2.999999999999999889e-02 9.629117945830027725e-02
8.999999999999999667e-02 1.618610074122746878e-01
1.499999999999999944e-01 2.415745208660761700e-01
2.099999999999999922e-01 3.232063104708989831e-01
2.700000000000000178e-01 4.038677861293157312e-01
3.299999999999999600e-01 4.797653605540593835e-01
3.900000000000000133e-01 5.496278405189514160e-01
4.499999999999999556e-01 6.108316282431285327e-01
5.100000000000000089e-01 6.627935916185373477e-01
5.700000000000000622e-01 7.041768481334057528e-01
6.299999999999998934e-01 7.340806225935625484e-01
6.899999999999999467e-01 7.542269925276431364e-01
7.500000000000000000e-01 7.633821417887999283e-01
8.100000000000000533e-01 7.619356115659084994e-01
8.699999999999998845e-01 7.518030703067787313e-01
9.299999999999999378e-01 7.335156202316277518e-01
9.899999999999999911e-01 7.087183495362593399e-01
1.050000000000000044e+00 6.784218053023014505e-01
1.109999999999999876e+00 6.429755439360954616e-01
1.169999999999999929e+00 6.045447041591003323e-01
1.229999999999999982e+00 5.641671518484746572e-01
1.290000000000000036e+00 5.225585152705525260e-01
1.349999999999999867e+00 4.813205450773234695e-01
1.409999999999999920e+00 4.405379295349117208e-01
1.469999999999999973e+00 3.999641786019003664e-01
1.530000000000000027e+00 3.611959517002102382e-01
1.589999999999999858e+00 3.244260946909595655e-01
1.649999999999999911e+00 2.898249775171277132e-01
1.709999999999999964e+00 2.578257272640862019e-01
1.770000000000000018e+00 2.284249911705659164e-01
1.829999999999999849e+00 2.010878175497053388e-01
1.889999999999999902e+00 1.760306457678475489e-01
1.949999999999999956e+00 1.539080093304314723e-01
2.009999999999999787e+00 1.338999718427656971e-01
2.070000000000000284e+00 1.158684492111205083e-01
2.129999999999999893e+00 9.994283318519583958e-02
2.189999999999999947e+00 8.584136764208531722e-02
2.250000000000000000e+00 7.360478242238356617e-02
2.309999999999999609e+00 6.285868585109705142e-02
2.370000000000000107e+00 5.328928430875137789e-02
2.429999999999999716e+00 4.535193244616186892e-02
2.490000000000000213e+00 3.820434212684627878e-02
2.549999999999999822e+00 3.222065667311347498e-02
2.609999999999999876e+00 2.706398566563941732e-02
2.669999999999999929e+00 2.258680760860441034e-02
2.729999999999999538e+00 1.885543266932167977e-02
2.790000000000000036e+00 1.569887002309161908e-02
2.849999999999999645e+00 1.308557887872058983e-02
2.910000000000000142e+00 1.083525518576303193e-02
2.969999999999999751e+00 8.924429615338635297e-03
3.030000000000000249e+00 7.348507642745964741e-03
3.089999999999999858e+00 6.016716361045832198e-03
3.149999999999999911e+00 4.951159159342480298e-03
3.209999999999999964e+00 4.105890790621435568e-03
3.269999999999999574e+00 3.335873285929359233e-03
3.330000000000000071e+00 2.711514631907142869e-03
3.389999999999999680e+00 2.193947633107501231e-03
3.450000000000000178e+00 1.771748065948484810e-03
3.509999999999999787e+00 1.429393887519835125e-03
3.569999999999999840e+00 1.170858740806587179e-03
3.629999999999999893e+00 9.492039680480948358e-04
3.689999999999999503e+00 7.484108209609978846e-04
3.750000000000000000e+00 6.001442670822138134e-04
3.809999999999999609e+00 4.859020312627152058e-04
3.870000000000000107e+00 3.738949696222938009e-04
3.929999999999999716e+00 3.130485614140825559e-04
3.989999999999999769e+00 2.461175123850520459e-04
4.049999999999999822e+00 1.901139815648381179e-04
4.109999999999999432e+00 1.541028420130421722e-04
4.169999999999999929e+00 1.221895217895497784e-04
4.230000000000000426e+00 9.735425313313865328e-05
4.290000000000000036e+00 7.276733716328878719e-05
4.349999999999999645e+00 6.134311358133991577e-05
4.410000000000000142e+00 4.532436529795358366e-05
4.469999999999999751e+00 3.837049007415739636e-05
4.529999999999999361e+00 2.595285574595150517e-05
4.589999999999999858e+00 2.235174179077129803e-05
4.650000000000000355e+00 1.651545365651459297e-05
4.709999999999999964e+00 1.440445582071928189e-05
4.769999999999999574e+00 1.067916552225755587e-05
4.830000000000000071e+00 8.568167686462458248e-06
4.889999999999999680e+00 6.705522537231389408e-06
4.949999999999999289e+00 5.339582761128777936e-06
5.009999999999999787e+00 3.725290298461883146e-06
5.070000000000000284e+00 2.731879552205421575e-06
5.129999999999999893e+00 2.483526865641255572e-06
5.189999999999999503e+00 1.365939776102710787e-06
5.250000000000000000e+00 1.490116119384775366e-06
5.309999999999999609e+00 7.450580596923766715e-07
5.369999999999999218e+00 9.934107462565168400e-07
5.429999999999999716e+00 6.208817164103138929e-07
5.490000000000000213e+00 9.934107462565168400e-07
5.549999999999999822e+00 3.725290298461883358e-07
5.609999999999999432e+00 4.967053731282584200e-07
5.669999999999999929e+00 0.000000000000000000e+00
5.730000000000000426e+00 2.483526865641292100e-07
5.789999999999999147e+00 1.241763432820646050e-07
5.849999999999999645e+00 1.241763432820627786e-07
5.910000000000000142e+00 0.000000000000000000e+00
5.969999999999999751e+00 0.000000000000000000e+00
