2.999999999999999889e-02 9.596074692378998849e-02
8.999999999999999667e-02 1.617939533923612727e-01
1.499999999999999944e-01 2.414428957410869325e-01
2.099999999999999922e-01 3.228812192098390876e-01
2.700000000000000178e-01 4.030935496322329836e-01
3.299999999999999600e-01 4.799772089718074009e-01
3.900000000000000133e-01 5.498119981324574024e-01
4.499999999999999556e-01 6.110469545750342180e-01
5.100000000000000089e-01 6.632039993743393813e-01
5.700000000000000622e-01 7.042037996466250505e-01
6.299999999999998934e-01 7.347006405495161152e-01
6.899999999999999467e-01 7.536822365250350764e-01
7.500000000000000000e-01 7.630581713944033506e-01
8.100000000000000533e-01 7.620763090407580709e-01
8.699999999999998845e-01 7.522024270311186145e-01
9.299999999999999378e-01 7.336052810172626337e-01
9.899999999999999911e-01 7.086236082659923552e-01
1.050000000000000044e+00 6.782932878406833233e-01
1.109999999999999876e+00 6.432096211354673132e-01
1.169999999999999929e+00 6.047138368441197231e-01
1.229999999999999982e+00 5.641286613851432818e-01
1.290000000000000036e+00 5.231011697881025047e-01
1.349999999999999867e+00 4.814772592098305881e-01
1.409999999999999920e+00 4.397090557195916793e-01
1.469999999999999973e+00 4.000823974615510537e-01
1.530000000000000027e+00 3.612695909634447422e-01
1.589999999999999858e+00 3.246956839513963078e-01
1.649999999999999911e+00 2.899399669712280359e-01
1.709999999999999964e+00 2.580406784368603490e-01
1.770000000000000018e+00 2.284124510616998005e-01
1.829999999999999849e+00 2.009959285532129658e-01
1.889999999999999902e+00 1.764953149594015724e-01
1.949999999999999956e+00 1.540629825547061571e-01
2.009999999999999787e+00 1.336423069261681862e-01
2.070000000000000284e+00 1.158411312786821329e-01
2.129999999999999893e+00 9.967001850160464582e-02
2.189999999999999947e+00 8.588781023438686602e-02
2.250000000000000000e+00 7.354505414921823359e-02
2.309999999999999609e+00 6.280144102475121448e-02
2.370000000000000107e+00 5.327786048212042325e-02
2.429999999999999716e+00 4.519236618175378334e-02
2.490000000000000213e+00 3.821328310827373093e-02
2.549999999999999822e+00 3.208145523131974985e-02
2.609999999999999876e+00 2.709204972107266685e-02
2.669999999999999929e+00 2.260680016830661151e-02
2.729999999999999538e+00 1.884338770441749966e-02
2.790000000000000036e+00 1.571588229921370983e-02
2.849999999999999645e+00 1.305354147941028067e-02
2.910000000000000142e+00 1.078831660838163418e-02
2.969999999999999751e+00 8.875255849524747720e-03
3.030000000000000249e+00 7.301817392074688197e-03
3.089999999999999858e+00 6.046891257516224041e-03
3.149999999999999911e+00 4.932160215567782044e-03
3.209999999999999964e+00 4.012510210368854663e-03
3.269999999999999574e+00 3.321717207543925694e-03
3.330000000000000071e+00 2.692267318757377188e-03
3.389999999999999680e+00 2.185255305359177710e-03
3.450000000000000178e+00 1.772617313558487321e-03
3.509999999999999787e+00 1.465529214333959138e-03
3.569999999999999840e+00 1.173093923725895089e-03
3.629999999999999893e+00 9.431193342540603779e-04
3.689999999999999503e+00 7.563581125663570038e-04
3.750000000000000000e+00 5.903343403612643222e-04
3.809999999999999609e+00 4.839152133756514755e-04
3.870000000000000107e+00 3.820906111257068661e-04
3.929999999999999716e+00 3.002584002931293970e-04
3.989999999999999769e+00 2.466142195955994430e-04
4.049999999999999822e+00 1.968195055684890784e-04
4.109999999999999432e+00 1.634160689767416314e-04
4.169999999999999929e+00 1.241763442072486531e-04
4.230000000000000426e+00 9.747843020269163043e-05
4.290000000000000036e+00 7.748603878532314834e-05
4.349999999999999645e+00 6.258487748045423317e-05
4.410000000000000142e+00 4.743536348716968028e-05
4.469999999999999751e+00 4.023313552314855649e-05
4.529999999999999361e+00 2.781550110242410589e-05
4.589999999999999858e+00 2.123415485943951498e-05
4.650000000000000355e+00 2.123415485943983008e-05
4.709999999999999964e+00 1.316269248596835511e-05
4.769999999999999574e+00 1.005828388078728820e-05
4.830000000000000071e+00 8.692344094507533514e-06
4.889999999999999680e+00 5.463759145118939969e-06
4.949999999999999289e+00 5.463759145119021284e-06
5.009999999999999787e+00 4.097819358839204765e-06
5.070000000000000284e+00 2.110997851523258127e-06
5.129999999999999893e+00 2.483526884144972790e-06
5.189999999999999503e+00 2.359350539937759133e-06
5.250000000000000000e+00 1.241763442072504818e-06
5.309999999999999609e+00 1.241763442072486395e-06
5.369999999999999218e+00 1.117587097865254103e-06
5.429999999999999716e+00 2.483526884144973002e-07
5.490000000000000213e+00 2.483526884145009530e-07
5.549999999999999822e+00 2.483526884144973002e-07
5.609999999999999432e+00 3.725290326217514030e-07
5.669999999999999929e+00 0.000000000000000000e+00
5.730000000000000426e+00 0.000000000000000000e+00
5.789999999999999147e+00 2.483526884145009530e-07
5.849999999999999645e+00 2.483526884144973002e-07
5.910000000000000142e+00 2.483526884145009530e-07
5.969999999999999751e+00 0.000000000000000000e+00
