2.999999999999999889e-02 9.621704618136088516e-02
8.999999999999999667e-02 1.617687443892161236e-01
1.499999999999999944e-01 2.410255372524261475e-01
2.099999999999999922e-01 3.230967869361242029e-01
2.700000000000000178e-01 4.033723225196202966e-01
3.299999999999999600e-01 4.797526945670446130e-01
3.900000000000000133e-01 5.496167888243993493e-01
4.499999999999999556e-01 6.113083412249883386e-01
5.100000000000000089e-01 6.626568734645837955e-01
5.700000000000000622e-01 7.042075196901963485e-01
6.299999999999998934e-01 7.342760761578884798e-01
6.899999999999999467e-01 7.542216529448820816e-01
7.500000000000000000e-01 7.629060496886564957e-01
8.100000000000000533e-01 7.622073094050096920e-01
8.699999999999998845e-01 7.521692663431175374e-01
9.299999999999999378e-01 7.336207975943876969e-01
9.899999999999999911e-01 7.089747736851368387e-01
1.050000000000000044e+00 6.783679127693170718e-01
1.109999999999999876e+00 6.430413573980349184e-01
1.169999999999999929e+00 6.047769139210377176e-01
1.229999999999999982e+00 5.641058087348932437e-01
1.290000000000000036e+00 5.233334998289759232e-01
1.349999999999999867e+00 4.812914878129954666e-01
1.409999999999999920e+00 4.403732717037197042e-01
1.469999999999999973e+00 4.000049084424969204e-01
1.530000000000000027e+00 3.610565016667044991e-01
1.589999999999999858e+00 3.243448833624530958e-01
1.649999999999999911e+00 2.903057883183158827e-01
1.709999999999999964e+00 2.580812821785606892e-01
1.770000000000000018e+00 2.283401787281042761e-01
1.829999999999999849e+00 2.009252707163491081e-01
1.889999999999999902e+00 1.762079695860543360e-01
1.949999999999999956e+00 1.537197579940158820e-01
2.009999999999999787e+00 1.337838669617969489e-01
2.070000000000000284e+00 1.157780488332111613e-01
2.129999999999999893e+00 9.986249109109233968e-02
2.189999999999999947e+00 8.578263223171289642e-02
2.250000000000000000e+00 7.355101406574242329e-02
2.309999999999999609e+00 6.274444361527754810e-02
2.370000000000000107e+00 5.337744951248164088e-02
2.429999999999999716e+00 4.531443119049068102e-02
2.490000000000000213e+00 3.823898732662197458e-02
2.549999999999999822e+00 3.216962019602454675e-02
2.609999999999999876e+00 2.689907948176083544e-02
2.669999999999999929e+00 2.258668343226112943e-02
2.729999999999999538e+00 1.890162626902260751e-02
2.790000000000000036e+00 1.565354565779366811e-02
2.849999999999999645e+00 1.300275325775145270e-02
2.910000000000000142e+00 1.081302762031554135e-02
2.969999999999999751e+00 8.938213189442944379e-03
3.030000000000000249e+00 7.350991169611606306e-03
3.089999999999999858e+00 6.027271350224807332e-03
3.149999999999999911e+00 4.973138372103405591e-03
3.209999999999999964e+00 4.036227862040198643e-03
3.269999999999999574e+00 3.335128227869666850e-03
3.330000000000000071e+00 2.705057462056475407e-03
3.389999999999999680e+00 2.188483874003090569e-03
3.450000000000000178e+00 1.766656835873920122e-03
3.509999999999999787e+00 1.422564188639321688e-03
3.569999999999999840e+00 1.149003704388943878e-03
3.629999999999999893e+00 9.523083766301464670e-04
3.689999999999999503e+00 7.299085458119704143e-04
3.750000000000000000e+00 5.955497423807774166e-04
3.809999999999999609e+00 4.939734935760493710e-04
3.870000000000000107e+00 3.854433695475256803e-04
3.929999999999999716e+00 3.074606259663896848e-04
3.989999999999999769e+00 2.490977446238216314e-04
4.049999999999999822e+00 1.971920331319156733e-04
4.109999999999999432e+00 1.553446054458628193e-04
4.169999999999999929e+00 1.235554615656524712e-04
4.230000000000000426e+00 9.648501873016419763e-05
4.290000000000000036e+00 7.847944895426367691e-05
4.349999999999999645e+00 6.208817164103231213e-05
4.410000000000000142e+00 4.470348358154326013e-05
4.469999999999999751e+00 3.464519977569551618e-05
4.529999999999999361e+00 3.365178902943950946e-05
4.589999999999999858e+00 2.322097619374574012e-05
4.650000000000000355e+00 1.614292462666839817e-05
4.709999999999999964e+00 1.142422358194977436e-05
4.769999999999999574e+00 1.105169455210375067e-05
4.830000000000000071e+00 9.064873059590717409e-06
4.889999999999999680e+00 5.836288134256950699e-06
4.949999999999999289e+00 6.705522537231489358e-06
5.009999999999999787e+00 3.725290298461883146e-06
5.070000000000000284e+00 2.980232238769550732e-06
5.129999999999999893e+00 1.117587089538564901e-06
5.189999999999999503e+00 1.986821492513033680e-06
5.250000000000000000e+00 1.365939776102710787e-06
5.309999999999999609e+00 1.490116119384753343e-06
5.369999999999999218e+00 8.692344029744522615e-07
5.429999999999999716e+00 1.241763432820627786e-07
5.490000000000000213e+00 4.967053731282584200e-07
5.549999999999999822e+00 4.967053731282511143e-07
5.609999999999999432e+00 2.483526865641292100e-07
5.669999999999999929e+00 2.483526865641255572e-07
5.730000000000000426e+00 0.000000000000000000e+00
5.789999999999999147e+00 1.241763432820646050e-07
5.849999999999999645e+00 1.241763432820627786e-07
5.910000000000000142e+00 0.000000000000000000e+00
5.969999999999999751e+00 1.241763432820627786e-07
