2.999999999999999889e-02 9.624796680794135695e-02
8.999999999999999667e-02 1.618321997063770779e-01
1.499999999999999944e-01 2.415551511562502862e-01
2.099999999999999922e-01 3.235658033954536550e-01
2.700000000000000178e-01 4.041345199257224130e-01
3.299999999999999600e-01 4.796177184553274131e-01
3.900000000000000133e-01 5.497098010011747249e-01
4.499999999999999556e-01 6.111102845105799153e-01
5.100000000000000089e-01 6.629517972192544573e-01
5.700000000000000622e-01 7.039996537367483320e-01
6.299999999999998934e-01 7.345503871730254541e-01
6.899999999999999467e-01 7.539903180350132628e-01
7.500000000000000000e-01 7.630930649471256988e-01
8.100000000000000533e-01 7.616841601457515765e-01
8.699999999999998845e-01 7.520758913363714271e-01
9.299999999999999378e-01 7.332739785309178027e-01
9.899999999999999911e-01 7.080831928160025157e-01
1.050000000000000044e+00 6.776551456078022673e-01
1.109999999999999876e+00 6.430140433933408950e-01
1.169999999999999929e+00 6.046377167451205681e-01
1.229999999999999982e+00 5.644342593682373233e-01
1.290000000000000036e+00 5.231079994870340144e-01
1.349999999999999867e+00 4.813322212397965205e-01
1.409999999999999920e+00 4.398986729971961496e-01
1.469999999999999973e+00 3.999192297452627276e-01
1.530000000000000027e+00 3.610796011568076502e-01
1.589999999999999858e+00 3.247367863213289074e-01
1.649999999999999911e+00 2.900226684164700641e-01
1.709999999999999964e+00 2.579896419593911694e-01
1.770000000000000018e+00 2.283502387132519684e-01
1.829999999999999849e+00 2.009345854391745845e-01
1.889999999999999902e+00 1.763090504430906980e-01
1.949999999999999956e+00 1.538679015179565679e-01
2.009999999999999787e+00 1.337960372402967613e-01
2.070000000000000284e+00 1.159644383884799318e-01
2.129999999999999893e+00 9.989813044591336344e-02
2.189999999999999947e+00 8.603495920227245686e-02
2.250000000000000000e+00 7.371877685476418973e-02
2.309999999999999609e+00 6.270843294293999837e-02
2.370000000000000107e+00 5.333659589293045233e-02
2.429999999999999716e+00 4.517572655163001188e-02
2.490000000000000213e+00 3.837905852779040922e-02
2.549999999999999822e+00 3.213907305503191369e-02
2.609999999999999876e+00 2.719139079643846310e-02
2.669999999999999929e+00 2.261611339412215524e-02
2.729999999999999538e+00 1.882426454740957975e-02
2.790000000000000036e+00 1.570396137016981386e-02
2.849999999999999645e+00 1.307191957835295362e-02
2.910000000000000142e+00 1.073988783414080682e-02
2.969999999999999751e+00 8.919710980750943097e-03
3.030000000000000249e+00 7.332240596405464363e-03
3.089999999999999858e+00 6.077190285502792957e-03
3.149999999999999911e+00 4.956871308065023858e-03
3.209999999999999964e+00 4.076336851291380986e-03
3.269999999999999574e+00 3.315011684956734213e-03
3.330000000000000071e+00 2.690404673594268443e-03
3.389999999999999680e+00 2.185503658047592210e-03
3.450000000000000178e+00 1.779447012489886052e-03
3.509999999999999787e+00 1.445785175605006443e-03
3.569999999999999840e+00 1.170237867809128347e-03
3.629999999999999893e+00 9.457270374824126207e-04
3.689999999999999503e+00 7.536262329937975114e-04
3.750000000000000000e+00 6.083399102713155223e-04
3.809999999999999609e+00 4.835426843430297265e-04
3.870000000000000107e+00 3.817180820930851171e-04
3.929999999999999716e+00 3.016243400794091974e-04
3.989999999999999769e+00 2.525746841175474265e-04
4.049999999999999822e+00 1.980612690105615749e-04
4.109999999999999432e+00 1.532336087517470783e-04
4.169999999999999929e+00 1.194576431273731932e-04
4.230000000000000426e+00 9.499490331854661021e-05
4.290000000000000036e+00 8.021791835788261366e-05
4.349999999999999645e+00 6.171564307100348558e-05
4.410000000000000142e+00 4.706283445454793131e-05
4.469999999999999751e+00 3.712872691796734219e-05
4.529999999999999361e+00 3.241002583809237026e-05
4.589999999999999858e+00 2.322097636675549592e-05
4.650000000000000355e+00 1.875062797529482002e-05
4.709999999999999964e+00 1.254181076493211191e-05
4.769999999999999574e+00 1.192092904389604490e-05
4.830000000000000071e+00 7.947286029264030496e-06
4.889999999999999680e+00 5.339582800911691160e-06
4.949999999999999289e+00 4.718701079875518266e-06
5.009999999999999787e+00 2.607703228352221175e-06
5.070000000000000284e+00 4.718701079875518266e-06
5.129999999999999893e+00 2.359350539937723981e-06
5.189999999999999503e+00 1.241763442072504818e-06
5.250000000000000000e+00 1.490116130487005612e-06
5.309999999999999609e+00 1.614292474694232186e-06
5.369999999999999218e+00 8.692344094507533090e-07
5.429999999999999716e+00 6.208817210362431975e-07
5.490000000000000213e+00 6.208817210362524090e-07
5.549999999999999822e+00 2.483526884144973002e-07
5.609999999999999432e+00 2.483526884145009530e-07
5.669999999999999929e+00 2.483526884144973002e-07
5.730000000000000426e+00 1.241763442072504765e-07
5.789999999999999147e+00 2.483526884145009530e-07
5.849999999999999645e+00 2.483526884144973002e-07
5.910000000000000142e+00 0.000000000000000000e+00
5.969999999999999751e+00 1.241763442072486501e-07
