2.999999999999999889e-02 9.621692200501760772e-02
8.999999999999999667e-02 1.615190257628758841e-01
1.499999999999999944e-01 2.413676430781682425e-01
2.099999999999999922e-01 3.235079348087310791e-01
2.700000000000000178e-01 4.038824389378229962e-01
3.299999999999999600e-01 4.793226718902587891e-01
3.900000000000000133e-01 5.495832612117131921e-01
4.499999999999999556e-01 6.114127735296885913e-01
5.100000000000000089e-01 6.632205098867410831e-01
5.700000000000000622e-01 7.043682038784033761e-01
6.299999999999998934e-01 7.343308379252758700e-01
6.899999999999999467e-01 7.540288070837649625e-01
7.500000000000000000e-01 7.628404845794035660e-01
8.100000000000000533e-01 7.623178263505306917e-01
8.699999999999998845e-01 7.523539165655779293e-01
9.299999999999999378e-01 7.339138537645333304e-01
9.899999999999999911e-01 7.083417226870848404e-01
1.050000000000000044e+00 6.778022895256672342e-01
1.109999999999999876e+00 6.423735370238640163e-01
1.169999999999999929e+00 6.045381228129063089e-01
1.229999999999999982e+00 5.640930185715352652e-01
1.290000000000000036e+00 5.231771618127837309e-01
1.349999999999999867e+00 4.810513307650879922e-01
1.409999999999999920e+00 4.400976002216335226e-01
1.469999999999999973e+00 3.997887174288428103e-01
1.530000000000000027e+00 3.614633033672965401e-01
1.589999999999999858e+00 3.247467180093138728e-01
1.649999999999999911e+00 2.897811432679491817e-01
1.709999999999999964e+00 2.579811960458753273e-01
1.770000000000000018e+00 2.283285061518357528e-01
1.829999999999999849e+00 2.012760688861209291e-01
1.889999999999999902e+00 1.762356609106062177e-01
1.949999999999999956e+00 1.538312683502831568e-01
2.009999999999999787e+00 1.338180154561995350e-01
2.070000000000000284e+00 1.159052054087319900e-01
2.129999999999999893e+00 1.000450303157169735e-01
2.189999999999999947e+00 8.590680857499496947e-02
2.250000000000000000e+00 7.355051736036929966e-02
2.309999999999999609e+00 6.272196769714349918e-02
2.370000000000000107e+00 5.335025489330286891e-02
2.429999999999999716e+00 4.511612157026922976e-02
2.490000000000000213e+00 3.809419771035509050e-02
2.549999999999999822e+00 3.224747876326240076e-02
2.609999999999999876e+00 2.703604598840095297e-02
2.669999999999999929e+00 2.262232204278308290e-02
2.729999999999999538e+00 1.889020204544065648e-02
2.790000000000000036e+00 1.579063634077706654e-02
2.849999999999999645e+00 1.304410398006437995e-02
2.910000000000000142e+00 1.078012088934579560e-02
2.969999999999999751e+00 8.951872587203970819e-03
3.030000000000000249e+00 7.361794511477145857e-03
3.089999999999999858e+00 6.043786803881321529e-03
3.149999999999999911e+00 4.981458187103303577e-03
3.209999999999999964e+00 4.062925775845841782e-03
3.269999999999999574e+00 3.304705023765560929e-03
3.330000000000000071e+00 2.728278438250221483e-03
3.389999999999999680e+00 2.165511250495908910e-03
3.450000000000000178e+00 1.760199666023252877e-03
3.509999999999999787e+00 1.442059874534605633e-03
3.569999999999999840e+00 1.182034611701973138e-03
3.629999999999999893e+00 9.398907423019400506e-04
3.689999999999999503e+00 7.430712381998691050e-04
3.750000000000000000e+00 6.183981895446771923e-04
3.809999999999999609e+00 4.793206850687658604e-04
3.870000000000000107e+00 3.988544146219885709e-04
3.929999999999999716e+00 3.180156151453650899e-04
3.989999999999999769e+00 2.513329188028987798e-04
4.049999999999999822e+00 1.909832159678125465e-04
4.109999999999999432e+00 1.544753710428883636e-04
4.169999999999999929e+00 1.221895217895497784e-04
4.230000000000000426e+00 9.511907895406149129e-05
4.290000000000000036e+00 7.512668768564798136e-05
4.349999999999999645e+00 5.972882111867307731e-05
4.410000000000000142e+00 4.569689432779977506e-05
4.469999999999999751e+00 3.774960835774707961e-05
4.529999999999999361e+00 3.079573313395202395e-05
4.589999999999999858e+00 2.297262350718161139e-05
4.650000000000000355e+00 1.887480417887382102e-05
4.709999999999999964e+00 1.440445582071928189e-05
4.769999999999999574e+00 1.117587089538581503e-05
4.830000000000000071e+00 9.313225746154846143e-06
4.889999999999999680e+00 7.450580596923766292e-06
4.949999999999999289e+00 6.332993507385295411e-06
5.009999999999999787e+00 3.973642985026008915e-06
5.070000000000000284e+00 3.849466641744002993e-06
5.129999999999999893e+00 1.490116119384753343e-06
5.189999999999999503e+00 1.986821492513033680e-06
5.250000000000000000e+00 6.208817164103231044e-07
5.309999999999999609e+00 1.241763432820627786e-06
5.369999999999999218e+00 9.934107462565168400e-07
5.429999999999999716e+00 8.692344029744394501e-07
5.490000000000000213e+00 8.692344029744522615e-07
5.549999999999999822e+00 2.483526865641255572e-07
5.609999999999999432e+00 6.208817164103231044e-07
5.669999999999999929e+00 2.483526865641255572e-07
5.730000000000000426e+00 0.000000000000000000e+00
5.789999999999999147e+00 0.000000000000000000e+00
5.849999999999999645e+00 1.241763432820627786e-07
5.910000000000000142e+00 1.241763432820646050e-07
5.969999999999999751e+00 0.000000000000000000e+00
