2.999999999999999889e-02 9.654350650715459725e-02
8.999999999999999667e-02 1.620450379603483315e-01
1.499999999999999944e-01 2.415948875863966061e-01
2.099999999999999922e-01 3.236692422901782384e-01
2.700000000000000178e-01 4.038978398136633396e-01
3.299999999999999600e-01 4.804586406582989633e-01
3.900000000000000133e-01 5.499191623175081478e-01
4.499999999999999556e-01 6.110237335986674623e-01
5.100000000000000089e-01 6.629226157783657536e-01
5.700000000000000622e-01 7.038450541882103062e-01
6.299999999999998934e-01 7.344582483256236749e-01
6.899999999999999467e-01 7.541280296007389916e-01
7.500000000000000000e-01 7.624307083271242291e-01
8.100000000000000533e-01 7.618133035437271161e-01
8.699999999999998845e-01 7.514531469701720701e-01
9.299999999999999378e-01 7.339567000713691503e-01
9.899999999999999911e-01 7.085007978615714963e-01
1.050000000000000044e+00 6.777004699734379134e-01
1.109999999999999876e+00 6.427838204511806541e-01
1.169999999999999929e+00 6.040950661209349981e-01
1.229999999999999982e+00 5.637928885504067678e-01
1.290000000000000036e+00 5.225977588886864256e-01
1.349999999999999867e+00 4.810135847405606624e-01
1.409999999999999920e+00 4.401954544598515318e-01
1.469999999999999973e+00 4.001004030314611049e-01
1.530000000000000027e+00 3.609323280125778521e-01
1.589999999999999858e+00 3.245563580931957737e-01
1.649999999999999911e+00 2.904767813072359761e-01
1.709999999999999964e+00 2.576135118127873547e-01
1.770000000000000018e+00 2.281577653797307592e-01
1.829999999999999849e+00 2.012462680631347811e-01
1.889999999999999902e+00 1.762483282107733529e-01
1.949999999999999956e+00 1.538955928427148123e-01
2.009999999999999787e+00 1.338617265263823963e-01
2.070000000000000284e+00 1.160295067928445306e-01
2.129999999999999893e+00 9.984051262220119960e-02
2.189999999999999947e+00 8.595647975273347507e-02
2.250000000000000000e+00 7.352220570188411353e-02
2.309999999999999609e+00 6.278269039677591978e-02
2.370000000000000107e+00 5.351305047804894716e-02
2.429999999999999716e+00 4.539278680130428428e-02
2.490000000000000213e+00 3.817069062221064429e-02
2.549999999999999822e+00 3.233402991543729565e-02
2.609999999999999876e+00 2.704287588876659251e-02
2.669999999999999929e+00 2.274103479639464492e-02
2.729999999999999538e+00 1.894148701634122689e-02
2.790000000000000036e+00 1.569303385187957936e-02
2.849999999999999645e+00 1.307788004287490161e-02
2.910000000000000142e+00 1.087610928373615969e-02
2.969999999999999751e+00 8.985524443180785414e-03
3.030000000000000249e+00 7.408112342716093035e-03
3.089999999999999858e+00 6.065269356458896990e-03
3.149999999999999911e+00 4.980837342497023909e-03
3.209999999999999964e+00 4.079937965273391226e-03
3.269999999999999574e+00 3.333886489276236161e-03
3.330000000000000071e+00 2.731258690838454014e-03
3.389999999999999680e+00 2.189725653750638698e-03
3.450000000000000178e+00 1.788884414649637026e-03
3.509999999999999787e+00 1.435602715380012188e-03
3.569999999999999840e+00 1.172100512972237309e-03
3.629999999999999893e+00 9.330610503732731558e-04
3.689999999999999503e+00 7.470448867508133880e-04
3.750000000000000000e+00 6.149212565142997541e-04
3.809999999999999609e+00 4.856536821945530249e-04
3.870000000000000107e+00 3.917763659738723392e-04
3.929999999999999716e+00 3.145386798769631074e-04
3.989999999999999769e+00 2.515812733638894834e-04
4.049999999999999822e+00 1.892447485718469036e-04
4.109999999999999432e+00 1.522401979980890811e-04
4.169999999999999929e+00 1.213202882904819110e-04
4.230000000000000426e+00 9.785095923531337940e-05
4.290000000000000036e+00 7.984538932526086469e-05
4.349999999999999645e+00 5.786617640057871914e-05
4.410000000000000142e+00 4.693865811034067488e-05
4.469999999999999751e+00 3.514190541065136803e-05
4.529999999999999361e+00 2.843638282346035756e-05
4.589999999999999858e+00 2.284844733413374696e-05
4.650000000000000355e+00 1.738468818901506703e-05
4.709999999999999964e+00 1.378357420700459831e-05
4.769999999999999574e+00 1.154840001127429254e-05
4.830000000000000071e+00 8.071462373471280152e-06
4.889999999999999680e+00 7.450580652434917523e-06
4.949999999999999289e+00 6.581346242984274963e-06
5.009999999999999787e+00 3.476937637802961991e-06
5.070000000000000284e+00 2.980232260974011224e-06
5.129999999999999893e+00 3.228584949388464373e-06
5.189999999999999503e+00 1.986821507316007624e-06
5.250000000000000000e+00 1.862645163108756909e-06
5.309999999999999609e+00 9.934107536579892007e-07
5.369999999999999218e+00 7.450580652435028061e-07
5.429999999999999716e+00 3.725290326217458973e-07
5.490000000000000213e+00 3.725290326217514030e-07
5.549999999999999822e+00 3.725290326217458973e-07
5.609999999999999432e+00 2.483526884145009530e-07
5.669999999999999929e+00 1.241763442072486501e-07
5.730000000000000426e+00 0.000000000000000000e+00
5.789999999999999147e+00 3.725290326217514030e-07
5.849999999999999645e+00 1.241763442072486501e-07
5.910000000000000142e+00 0.000000000000000000e+00
5.969999999999999751e+00 0.000000000000000000e+00
