2.999999999999999889e-02 9.606132904688517715e-02
8.999999999999999667e-02 1.617588102817535400e-01
1.499999999999999944e-01 2.413199593623479300e-01
2.099999999999999922e-01 3.232837965091069909e-01
2.700000000000000178e-01 4.038494080305099487e-01
3.299999999999999600e-01 4.799085358778635846e-01
3.900000000000000133e-01 5.494469155867894861e-01
4.499999999999999556e-01 6.106463571389516565e-01
5.100000000000000089e-01 6.632669518391285379e-01
5.700000000000000622e-01 7.045532266298936142e-01
6.299999999999998934e-01 7.347977409760164669e-01
6.899999999999999467e-01 7.538069039583199515e-01
7.500000000000000000e-01 7.630150765180581107e-01
8.100000000000000533e-01 7.627617567777641439e-01
8.699999999999998845e-01 7.518190890550621175e-01
9.299999999999999378e-01 7.338797052701307999e-01
9.899999999999999911e-01 7.083897789319349991e-01
1.050000000000000044e+00 6.773920108874632584e-01
1.109999999999999876e+00 6.427317857742327334e-01
1.169999999999999929e+00 6.044304619232807596e-01
1.229999999999999982e+00 5.645050356785451529e-01
1.290000000000000036e+00 5.221052716175730302e-01
1.349999999999999867e+00 4.813996454079941811e-01
1.409999999999999920e+00 4.401444147030508791e-01
1.469999999999999973e+00 4.002916316191351687e-01
1.530000000000000027e+00 3.612816333770748622e-01
1.589999999999999858e+00 3.246421615282703566e-01
1.649999999999999911e+00 2.904262393712994661e-01
1.709999999999999964e+00 2.580729623635607539e-01
1.770000000000000018e+00 2.281508098045991195e-01
1.829999999999999849e+00 2.009397993485131095e-01
1.889999999999999902e+00 1.761847486098605808e-01
1.949999999999999956e+00 1.540265977382658524e-01
2.009999999999999787e+00 1.336754610141117072e-01
2.070000000000000284e+00 1.158698151508966018e-01
2.129999999999999893e+00 9.974179168542217366e-02
2.189999999999999947e+00 8.601484199365036498e-02
2.250000000000000000e+00 7.356330752372734760e-02
2.309999999999999609e+00 6.279038886229192096e-02
2.370000000000000107e+00 5.339806278546646578e-02
2.429999999999999716e+00 4.513400296370184694e-02
2.490000000000000213e+00 3.830902278423305857e-02
2.549999999999999822e+00 3.217073778311408533e-02
2.609999999999999876e+00 2.706274390220659784e-02
2.669999999999999929e+00 2.260841429233548944e-02
2.729999999999999538e+00 1.890920102596281224e-02
2.790000000000000036e+00 1.570296784241992719e-02
2.849999999999999645e+00 1.304944356282550927e-02
2.910000000000000142e+00 1.081625620524087616e-02
2.969999999999999751e+00 8.937095602353405804e-03
3.030000000000000249e+00 7.421523332595818256e-03
3.089999999999999858e+00 6.041303277015680831e-03
3.149999999999999911e+00 4.937003056208325025e-03
3.209999999999999964e+00 4.071866472562150376e-03
3.269999999999999574e+00 3.321468830108639542e-03
3.330000000000000071e+00 2.658242980639137498e-03
3.389999999999999680e+00 2.165138721466062718e-03
3.450000000000000178e+00 1.786028345425922075e-03
3.509999999999999787e+00 1.445288459459939364e-03
3.569999999999999840e+00 1.146892706553148721e-03
3.629999999999999893e+00 9.447336196899405389e-04
3.689999999999999503e+00 7.604559262593580012e-04
3.750000000000000000e+00 5.980332692464187649e-04
3.809999999999999609e+00 4.876405000686641171e-04
3.870000000000000107e+00 3.843257824579871060e-04
3.929999999999999716e+00 3.094474474589027418e-04
3.989999999999999769e+00 2.471109231313085744e-04
4.049999999999999822e+00 1.919766267140690479e-04
4.109999999999999432e+00 1.493841409683237297e-04
4.169999999999999929e+00 1.199543476104726435e-04
4.230000000000000426e+00 8.679926395416316686e-05
4.290000000000000036e+00 7.574756940205829134e-05
4.349999999999999645e+00 5.848705768585243025e-05
4.410000000000000142e+00 4.718701044718455424e-05
4.469999999999999751e+00 3.563861052195201756e-05
4.529999999999999361e+00 3.315508365631125200e-05
4.589999999999999858e+00 2.024074395497623259e-05
4.650000000000000355e+00 1.701215902964285044e-05
4.709999999999999964e+00 1.601874828338609833e-05
4.769999999999999574e+00 1.067916552225755587e-05
4.830000000000000071e+00 5.960464477539101464e-06
4.889999999999999680e+00 7.078051567077578273e-06
4.949999999999999289e+00 4.842877388000519621e-06
5.009999999999999787e+00 3.973642985026008915e-06
5.070000000000000284e+00 2.359350522359227627e-06
5.129999999999999893e+00 1.490116119384753343e-06
5.189999999999999503e+00 1.241763432820646209e-06
5.250000000000000000e+00 9.934107462565168400e-07
5.309999999999999609e+00 1.241763432820627786e-06
5.369999999999999218e+00 1.117587089538581419e-06
5.429999999999999716e+00 4.967053731282511143e-07
5.490000000000000213e+00 1.117587089538581419e-06
5.549999999999999822e+00 8.692344029744394501e-07
5.609999999999999432e+00 3.725290298461938415e-07
5.669999999999999929e+00 1.241763432820627786e-07
5.730000000000000426e+00 1.241763432820646050e-07
5.789999999999999147e+00 0.000000000000000000e+00
5.849999999999999645e+00 2.483526865641255572e-07
5.910000000000000142e+00 1.241763432820646050e-07
5.969999999999999751e+00 0.000000000000000000e+00
