2.999999999999999889e-02 9.645583800814429287e-02
8.999999999999999667e-02 1.618216447171194894e-01
1.499999999999999944e-01 2.418948976340013213e-01
2.099999999999999922e-01 3.231935227155202650e-01
2.700000000000000178e-01 4.035058150950011080e-01
3.299999999999999600e-01 4.802987015269599702e-01
3.900000000000000133e-01 5.499256194874070358e-01
4.499999999999999556e-01 6.104492938303647254e-01
5.100000000000000089e-01 6.628273725223587931e-01
5.700000000000000622e-01 7.040756496594031688e-01
6.299999999999998934e-01 7.346658711731381963e-01
6.899999999999999467e-01 7.544172363063977871e-01
7.500000000000000000e-01 7.631618586418164041e-01
8.100000000000000533e-01 7.618101991351219349e-01
8.699999999999998845e-01 7.514659371336254168e-01
9.299999999999999378e-01 7.337073539722009929e-01
9.899999999999999911e-01 7.084975692766221078e-01
1.050000000000000044e+00 6.777980725799848116e-01
1.109999999999999876e+00 6.426597682833176117e-01
1.169999999999999929e+00 6.045036062933767385e-01
1.229999999999999982e+00 5.642080100690917144e-01
1.290000000000000036e+00 5.230106452331754197e-01
1.349999999999999867e+00 4.811614787665114967e-01
1.409999999999999920e+00 4.399149400982873548e-01
1.469999999999999973e+00 3.999960949023270151e-01
1.530000000000000027e+00 3.610873000901484997e-01
1.589999999999999858e+00 3.245947285835558138e-01
1.649999999999999911e+00 2.902558715908912790e-01
1.709999999999999964e+00 2.578074752624391341e-01
1.770000000000000018e+00 2.284020202487863915e-01
1.829999999999999849e+00 2.009339645574535482e-01
1.889999999999999902e+00 1.762971295140468020e-01
1.949999999999999956e+00 1.539135984126248358e-01
2.009999999999999787e+00 1.338850716790933593e-01
2.070000000000000284e+00 1.157698540571071716e-01
2.129999999999999893e+00 9.992259318572219162e-02
2.189999999999999947e+00 8.587216401501675256e-02
2.250000000000000000e+00 7.363893146543891433e-02
2.309999999999999609e+00 6.279560473657348763e-02
2.370000000000000107e+00 5.340104341557401491e-02
2.429999999999999716e+00 4.519422882691689208e-02
2.490000000000000213e+00 3.833870121592305308e-02
2.549999999999999822e+00 3.220488651746176295e-02
2.609999999999999876e+00 2.708795190171382761e-02
2.669999999999999929e+00 2.250671403487556482e-02
2.729999999999999538e+00 1.897575968734242780e-02
2.790000000000000036e+00 1.568011951208202193e-02
2.849999999999999645e+00 1.309414714396605131e-02
2.910000000000000142e+00 1.082780468583953958e-02
2.969999999999999751e+00 8.969008989401219475e-03
3.030000000000000249e+00 7.403890347013047414e-03
3.089999999999999858e+00 6.028761511261965592e-03
3.149999999999999911e+00 4.958485600539718971e-03
3.209999999999999964e+00 4.064664274935899518e-03
3.269999999999999574e+00 3.327056790344836996e-03
3.330000000000000071e+00 2.698103606935118356e-03
3.389999999999999680e+00 2.184386070949726963e-03
3.450000000000000178e+00 1.802295459824019988e-03
3.509999999999999787e+00 1.443922530441897698e-03
3.569999999999999840e+00 1.180047799001501287e-03
3.629999999999999893e+00 9.528050891022258511e-04
3.689999999999999503e+00 7.569789942873932521e-04
3.750000000000000000e+00 6.053596780103415306e-04
3.809999999999999609e+00 4.806866284262629845e-04
3.870000000000000107e+00 3.891686627455200964e-04
3.929999999999999716e+00 3.069639228803208784e-04
3.989999999999999769e+00 2.339482324864598697e-04
4.049999999999999822e+00 2.108514324639081811e-04
4.109999999999999432e+00 1.545995485380268245e-04
4.169999999999999929e+00 1.259148130261500940e-04
4.230000000000000426e+00 9.524325600696110952e-05
4.290000000000000036e+00 8.108715276733336125e-05
4.349999999999999645e+00 6.332993554569773110e-05
4.410000000000000142e+00 5.202988822283794465e-05
4.469999999999999751e+00 3.824631401583258232e-05
4.529999999999999361e+00 3.178914411705612198e-05
4.589999999999999858e+00 2.483526884144972790e-05
4.650000000000000355e+00 2.222756561309783410e-05
4.709999999999999964e+00 1.552204302590608163e-05
4.769999999999999574e+00 1.092751829023804257e-05
4.830000000000000071e+00 1.080334194603079122e-05
4.889999999999999680e+00 6.332993554569679937e-06
4.949999999999999289e+00 5.091230112497269775e-06
5.009999999999999787e+00 3.352761293595712758e-06
5.070000000000000284e+00 3.352761293595762733e-06
5.129999999999999893e+00 2.483526884144972790e-06
5.189999999999999503e+00 1.365939786279755321e-06
5.250000000000000000e+00 1.117587097865254103e-06
5.309999999999999609e+00 1.365939786279734992e-06
5.369999999999999218e+00 4.967053768290019060e-07
5.429999999999999716e+00 6.208817210362431975e-07
5.490000000000000213e+00 7.450580652435028061e-07
5.549999999999999822e+00 6.208817210362431975e-07
5.609999999999999432e+00 3.725290326217514030e-07
5.669999999999999929e+00 2.483526884144973002e-07
5.730000000000000426e+00 2.483526884145009530e-07
5.789999999999999147e+00 0.000000000000000000e+00
5.849999999999999645e+00 1.241763442072486501e-07
5.910000000000000142e+00 0.000000000000000000e+00
5.969999999999999751e+00 1.241763442072486501e-07
