2.999999999999999889e-02 9.599849724767353654e-02
8.999999999999999667e-02 1.616203560673250272e-01
1.499999999999999944e-01 2.414271271441448818e-01
2.099999999999999922e-01 3.229932286788011475e-01
2.700000000000000178e-01 4.036290010357251323e-01
3.299999999999999600e-01 4.794156871152275290e-01
3.900000000000000133e-01 5.498420529043980265e-01
4.499999999999999556e-01 6.115372073382717710e-01
5.100000000000000089e-01 6.626012523363215001e-01
5.700000000000000622e-01 7.041994587212726531e-01
6.299999999999998934e-01 7.347561528497367211e-01
6.899999999999999467e-01 7.541357341528289737e-01
7.500000000000000000e-01 7.631267224221429668e-01
8.100000000000000533e-01 7.622711474041820034e-01
8.699999999999998845e-01 7.516949239129072646e-01
9.299999999999999378e-01 7.335875292656940383e-01
9.899999999999999911e-01 7.088095055343129891e-01
1.050000000000000044e+00 6.781268965918847424e-01
1.109999999999999876e+00 6.428162352663729928e-01
1.169999999999999929e+00 6.043456584862711978e-01
1.229999999999999982e+00 5.645057891483965529e-01
1.290000000000000036e+00 5.226278134578652423e-01
1.349999999999999867e+00 4.817222627260620560e-01
1.409999999999999920e+00 4.402909493489701176e-01
1.469999999999999973e+00 3.997278769770441498e-01
1.530000000000000027e+00 3.615108682937053231e-01
1.589999999999999858e+00 3.246352124904881564e-01
1.649999999999999911e+00 2.900579366593249442e-01
1.709999999999999964e+00 2.581334400892271730e-01
1.770000000000000018e+00 2.284669661790183492e-01
1.829999999999999849e+00 2.010844677848288020e-01
1.889999999999999902e+00 1.763343837311025231e-01
1.949999999999999956e+00 1.538928621097334082e-01
2.009999999999999787e+00 1.338434736009955217e-01
2.070000000000000284e+00 1.157683648035182228e-01
2.129999999999999893e+00 9.983591884130110783e-02
2.189999999999999947e+00 8.580324678326574361e-02
2.250000000000000000e+00 7.352444142387962178e-02
2.309999999999999609e+00 6.274754895887095507e-02
2.370000000000000107e+00 5.333535452686773842e-02
2.429999999999999716e+00 4.516417848811809382e-02
2.490000000000000213e+00 3.815839744843634723e-02
2.549999999999999822e+00 3.221606262846878760e-02
2.609999999999999876e+00 2.697308898428729326e-02
2.669999999999999929e+00 2.251379225423620276e-02
2.729999999999999538e+00 1.888697374195316345e-02
2.790000000000000036e+00 1.564572278130633640e-02
2.849999999999999645e+00 1.304671187768446060e-02
2.910000000000000142e+00 1.072982963020348117e-02
2.969999999999999751e+00 8.858243756367413166e-03
3.030000000000000249e+00 7.387126595583451416e-03
3.089999999999999858e+00 6.031617612117786548e-03
3.149999999999999911e+00 4.931663546934709520e-03
3.209999999999999964e+00 4.070997298821763151e-03
3.269999999999999574e+00 3.297254492301557923e-03
3.330000000000000071e+00 2.713625670179111316e-03
3.389999999999999680e+00 2.201646599198079854e-03
3.450000000000000178e+00 1.780937141889388708e-03
3.509999999999999787e+00 1.435726902421218280e-03
3.569999999999999840e+00 1.167505996935166469e-03
3.629999999999999893e+00 9.220093626083330097e-04
3.689999999999999503e+00 7.579724106883858458e-04
3.750000000000000000e+00 6.202608439365149377e-04
3.809999999999999609e+00 4.784514577952736578e-04
3.870000000000000107e+00 3.873060204680660659e-04
3.929999999999999716e+00 3.178914435390347063e-04
3.989999999999999769e+00 2.478559848843429219e-04
4.049999999999999822e+00 1.924733349552734771e-04
4.109999999999999432e+00 1.591940744597833987e-04
4.169999999999999929e+00 1.291433989377318821e-04
4.230000000000000426e+00 9.735425458383009472e-05
4.290000000000000036e+00 7.860362646883104073e-05
4.349999999999999645e+00 6.208817256621818406e-05
4.410000000000000142e+00 4.842877460165018086e-05
4.469999999999999751e+00 3.588696374327357547e-05
4.529999999999999361e+00 2.955397014151984897e-05
4.589999999999999858e+00 2.148250770791116927e-05
4.650000000000000355e+00 1.949568618579250830e-05
4.709999999999999964e+00 1.502533776102457584e-05
4.769999999999999574e+00 1.154840009731658034e-05
4.830000000000000071e+00 9.313225884932725915e-06
4.889999999999999680e+00 4.967053805297380863e-06
4.949999999999999289e+00 6.208817256621816712e-06
5.009999999999999787e+00 3.849466699105469746e-06
5.070000000000000284e+00 4.097819389370399775e-06
5.129999999999999893e+00 2.731879592913559051e-06
5.189999999999999503e+00 2.235174212383853999e-06
5.250000000000000000e+00 1.241763451324363639e-06
5.309999999999999609e+00 8.692344159270415452e-07
5.369999999999999218e+00 1.117587106191927000e-06
5.429999999999999716e+00 1.241763451324345216e-06
5.490000000000000213e+00 6.208817256621818194e-07
5.549999999999999822e+00 6.208817256621726079e-07
5.609999999999999432e+00 3.725290353973090705e-07
5.669999999999999929e+00 2.483526902648690432e-07
5.730000000000000426e+00 1.241763451324363480e-07
5.789999999999999147e+00 0.000000000000000000e+00
5.849999999999999645e+00 1.241763451324345216e-07
5.910000000000000142e+00 0.000000000000000000e+00
5.969999999999999751e+00 0.000000000000000000e+00
