2.999999999999999889e-02 9.622847183885881173e-02
8.999999999999999667e-02 1.617847655482803904e-01
1.499999999999999944e-01 2.414791570327553816e-01
2.099999999999999922e-01 3.230354486361461386e-01
2.700000000000000178e-01 4.031458308768148258e-01
3.299999999999999600e-01 4.796923520121825768e-01
3.900000000000000133e-01 5.493279628355497435e-01
4.499999999999999556e-01 6.110018831144058415e-01
5.100000000000000089e-01 6.624238043391271757e-01
5.700000000000000622e-01 7.046459968583689282e-01
6.299999999999998934e-01 7.347632309014092700e-01
6.899999999999999467e-01 7.542997711047489950e-01
7.500000000000000000e-01 7.631644720310633012e-01
8.100000000000000533e-01 7.626732304097206816e-01
8.699999999999998845e-01 7.517134261883319235e-01
9.299999999999999378e-01 7.339352230320649317e-01
9.899999999999999911e-01 7.082946704073939115e-01
1.050000000000000044e+00 6.779097121642481127e-01
1.109999999999999876e+00 6.426348136261345045e-01
1.169999999999999929e+00 6.048542847959337276e-01
1.229999999999999982e+00 5.646420105990068716e-01
1.290000000000000036e+00 5.230307656978199216e-01
1.349999999999999867e+00 4.811711681063642887e-01
1.409999999999999920e+00 4.399273610104223464e-01
1.469999999999999973e+00 4.001135687050254575e-01
1.530000000000000027e+00 3.619656020695802279e-01
1.589999999999999858e+00 3.248881597055229276e-01
1.649999999999999911e+00 2.898023817410423919e-01
1.709999999999999964e+00 2.576179840805823962e-01
1.770000000000000018e+00 2.282670422633551188e-01
1.829999999999999849e+00 2.008561074861302531e-01
1.889999999999999902e+00 1.765176680165179979e-01
1.949999999999999956e+00 1.538986983979546419e-01
2.009999999999999787e+00 1.339727411762783871e-01
2.070000000000000284e+00 1.157722142702173329e-01
2.129999999999999893e+00 9.995040943151320412e-02
2.189999999999999947e+00 8.585055797076120154e-02
2.250000000000000000e+00 7.344447185761432406e-02
2.309999999999999609e+00 6.261020992115447215e-02
2.370000000000000107e+00 5.327637076292983387e-02
2.429999999999999716e+00 4.514704215248981772e-02
2.490000000000000213e+00 3.822930214150696560e-02
2.549999999999999822e+00 3.212218531154866635e-02
2.609999999999999876e+00 2.697892527250852004e-02
2.669999999999999929e+00 2.264964117581108952e-02
2.729999999999999538e+00 1.884214608136035307e-02
2.790000000000000036e+00 1.569564167204957547e-02
2.849999999999999645e+00 1.312928914719753079e-02
2.910000000000000142e+00 1.080284532114135325e-02
2.969999999999999751e+00 8.909776939597373324e-03
3.030000000000000249e+00 7.407988221565700582e-03
3.089999999999999858e+00 6.043911070285897663e-03
3.149999999999999911e+00 4.931911899624974102e-03
3.209999999999999964e+00 4.034986158733356275e-03
3.269999999999999574e+00 3.282850036266195259e-03
3.330000000000000071e+00 2.733618061745433144e-03
3.389999999999999680e+00 2.169112396773381895e-03
3.450000000000000178e+00 1.790622896809718895e-03
3.509999999999999787e+00 1.413250983952247597e-03
3.569999999999999840e+00 1.134847618165335569e-03
3.629999999999999893e+00 9.434918703162443890e-04
3.689999999999999503e+00 7.489075374937180897e-04
3.750000000000000000e+00 5.898376393790683101e-04
3.809999999999999609e+00 4.856536858129549897e-04
3.870000000000000107e+00 3.876785495034633724e-04
3.929999999999999716e+00 3.104408628310885757e-04
3.989999999999999769e+00 2.380460536188804715e-04
4.049999999999999822e+00 1.965711543446438218e-04
4.109999999999999432e+00 1.503775539553804143e-04
4.169999999999999929e+00 1.233071107165074583e-04
4.230000000000000426e+00 1.003344868670085741e-04
4.290000000000000036e+00 7.723768667237426819e-05
4.349999999999999645e+00 5.985299835383431778e-05
4.410000000000000142e+00 4.818042191138530080e-05
4.469999999999999751e+00 3.625949277867087522e-05
4.529999999999999361e+00 3.154079166363883181e-05
4.589999999999999858e+00 2.309680019463281847e-05
4.650000000000000355e+00 1.713633562827621555e-05
4.709999999999999964e+00 1.663963024774622505e-05
4.769999999999999574e+00 9.189049539800290970e-06
4.830000000000000071e+00 8.568167814138107774e-06
4.889999999999999680e+00 9.064873194667718805e-06
4.949999999999999289e+00 4.221995734502835567e-06
5.009999999999999787e+00 3.725290353973035224e-06
5.070000000000000284e+00 3.601114008840654066e-06
5.129999999999999893e+00 2.980232283178428518e-06
5.189999999999999503e+00 1.614292486721672498e-06
5.250000000000000000e+00 1.117587106191927000e-06
5.309999999999999609e+00 7.450580707946071295e-07
5.369999999999999218e+00 7.450580707946181409e-07
5.429999999999999716e+00 3.725290353973035648e-07
5.490000000000000213e+00 2.483526902648726960e-07
5.549999999999999822e+00 3.725290353973035648e-07
5.609999999999999432e+00 4.967053805297453920e-07
5.669999999999999929e+00 3.725290353973035648e-07
5.730000000000000426e+00 1.241763451324363480e-07
5.789999999999999147e+00 4.967053805297453920e-07
5.849999999999999645e+00 1.241763451324345216e-07
5.910000000000000142e+00 0.000000000000000000e+00
5.969999999999999751e+00 0.000000000000000000e+00
