2.999999999999999889e-02 9.587717552979788116e-02
8.999999999999999667e-02 1.617035518089930402e-01
1.499999999999999944e-01 2.414438873529434204e-01
2.099999999999999922e-01 3.229624281326929913e-01
2.700000000000000178e-01 4.039388149976730347e-01
3.299999999999999600e-01 4.796534776687622070e-01
3.900000000000000133e-01 5.495321005582809448e-01
4.499999999999999556e-01 6.111212074756622314e-01
5.100000000000000089e-01 6.625639895598087747e-01
5.700000000000000622e-01 7.038570940494544015e-01
6.299999999999998934e-01 7.348112761974341378e-01
6.899999999999999467e-01 7.542853554089857804e-01
7.500000000000000000e-01 7.631876816352202164e-01
8.100000000000000533e-01 7.621603707472490719e-01
8.699999999999998845e-01 7.517376293738690096e-01
9.299999999999999378e-01 7.345221936702721610e-01
9.899999999999999911e-01 7.089331746101372733e-01
1.050000000000000044e+00 6.780747324228281192e-01
1.109999999999999876e+00 6.431921074787794179e-01
1.169999999999999929e+00 6.044952819744739969e-01
1.229999999999999982e+00 5.643755197525018863e-01
1.290000000000000036e+00 5.230045566956217362e-01
1.349999999999999867e+00 4.812708745400106625e-01
1.409999999999999920e+00 4.393852005402243410e-01
1.469999999999999973e+00 3.998558968305584438e-01
1.530000000000000027e+00 3.613000114758806447e-01
1.589999999999999858e+00 3.247429927190154109e-01
1.649999999999999911e+00 2.903680006663001967e-01
1.709999999999999964e+00 2.579265584548312007e-01
1.770000000000000018e+00 2.282115320364640487e-01
1.829999999999999849e+00 2.011633167664208244e-01
1.889999999999999902e+00 1.759548981984454807e-01
1.949999999999999956e+00 1.537236074606576075e-01
2.009999999999999787e+00 1.337766647338866077e-01
2.070000000000000284e+00 1.158863306045531255e-01
2.129999999999999893e+00 1.000514874855676362e-01
2.189999999999999947e+00 8.582510054111536224e-02
2.250000000000000000e+00 7.351016004880263355e-02
2.309999999999999609e+00 6.276393930117284137e-02
2.370000000000000107e+00 5.335087577501928385e-02
2.429999999999999716e+00 4.519224166870113024e-02
2.490000000000000213e+00 3.816994527975714480e-02
2.549999999999999822e+00 3.210815290609992517e-02
2.609999999999999876e+00 2.703405916690844110e-02
2.669999999999999929e+00 2.248796323935188871e-02
2.729999999999999538e+00 1.880700389544167489e-02
2.790000000000000036e+00 1.576530436674752553e-02
2.849999999999999645e+00 1.308669646581012841e-02
2.910000000000000142e+00 1.081613202889759352e-02
2.969999999999999751e+00 8.945912122726431756e-03
3.030000000000000249e+00 7.438908020655307478e-03
3.089999999999999858e+00 6.037702163060500692e-03
3.149999999999999911e+00 4.988908767700227405e-03
3.209999999999999964e+00 4.046907027562455551e-03
3.269999999999999574e+00 3.321965535481767942e-03
3.330000000000000071e+00 2.705554167429603807e-03
3.389999999999999680e+00 2.168864011764524632e-03
3.450000000000000178e+00 1.798321803410846392e-03
3.509999999999999787e+00 1.440073053042092684e-03
3.569999999999999840e+00 1.154343287150072549e-03
3.629999999999999893e+00 9.338061014811189966e-04
3.689999999999999503e+00 7.512668768564853159e-04
3.750000000000000000e+00 6.075948476791376415e-04
3.809999999999999609e+00 4.872679710388179257e-04
3.870000000000000107e+00 3.868093093236284002e-04
3.929999999999999716e+00 3.085782130559282591e-04
3.989999999999999769e+00 2.492219209671036771e-04
4.049999999999999822e+00 1.968195041020694819e-04
4.109999999999999432e+00 1.657754182815562600e-04
4.169999999999999929e+00 1.142422358194977538e-04
4.230000000000000426e+00 9.573996067047181482e-05
4.290000000000000036e+00 7.624427477518654203e-05
4.349999999999999645e+00 6.320575873057088635e-05
4.410000000000000142e+00 4.669030507405629677e-05
4.469999999999999751e+00 3.315508365631075733e-05
4.529999999999999361e+00 3.241002559661886241e-05
4.589999999999999858e+00 2.036492029825829526e-05
4.650000000000000355e+00 1.639127731323253030e-05
4.709999999999999964e+00 1.477698485056546991e-05
4.769999999999999574e+00 1.204510529836026729e-05
4.830000000000000071e+00 9.685754776001039243e-06
4.889999999999999680e+00 5.960464477539013372e-06
4.949999999999999289e+00 5.960464477539101464e-06
5.009999999999999787e+00 3.476937611897757800e-06
5.070000000000000284e+00 3.725290298461938203e-06
5.129999999999999893e+00 2.359350522359192475e-06
5.189999999999999503e+00 1.490116119384775366e-06
5.250000000000000000e+00 7.450580596923876829e-07
5.309999999999999609e+00 1.117587089538564901e-06
5.369999999999999218e+00 8.692344029744522615e-07
5.429999999999999716e+00 8.692344029744394501e-07
5.490000000000000213e+00 6.208817164103231044e-07
5.549999999999999822e+00 2.483526865641255572e-07
5.609999999999999432e+00 2.483526865641292100e-07
5.669999999999999929e+00 0.000000000000000000e+00
5.730000000000000426e+00 0.000000000000000000e+00
5.789999999999999147e+00 1.241763432820646050e-07
5.849999999999999645e+00 2.483526865641255572e-07
5.910000000000000142e+00 2.483526865641292100e-07
5.969999999999999751e+00 2.483526865641255572e-07
