2.999999999999999889e-02 9.629254755038253732e-02
8.999999999999999667e-02 1.616913861414354947e-01
1.499999999999999944e-01 2.417713457741889060e-01
2.099999999999999922e-01 3.233503622565499502e-01
2.700000000000000178e-01 4.036667536521971189e-01
3.299999999999999600e-01 4.800463823487794435e-01
3.900000000000000133e-01 5.495201919120592526e-01
4.499999999999999556e-01 6.111137705545225396e-01
5.100000000000000089e-01 6.629098354930388348e-01
5.700000000000000622e-01 7.041103053514982113e-01
6.299999999999998934e-01 7.346820250455003976e-01
6.899999999999999467e-01 7.538436770056505809e-01
7.500000000000000000e-01 7.628660819575052709e-01
8.100000000000000533e-01 7.623696249259682700e-01
8.699999999999998845e-01 7.513142048364582770e-01
9.299999999999999378e-01 7.335965996046094340e-01
9.899999999999999911e-01 7.082918196286412948e-01
1.050000000000000044e+00 6.778584323841473358e-01
1.109999999999999876e+00 6.430198892632617014e-01
1.169999999999999929e+00 6.045637166526746098e-01
1.229999999999999982e+00 5.640792476055846993e-01
1.290000000000000036e+00 5.234333493086217315e-01
1.349999999999999867e+00 4.811597474675316510e-01
1.409999999999999920e+00 4.399011630791185290e-01
1.469999999999999973e+00 4.001515696479975848e-01
1.530000000000000027e+00 3.616412561505317202e-01
1.589999999999999858e+00 3.240734411196443676e-01
1.649999999999999911e+00 2.900088891637322974e-01
1.709999999999999964e+00 2.581868378412759402e-01
1.770000000000000018e+00 2.281917930983662357e-01
1.829999999999999849e+00 2.010395174457519918e-01
1.889999999999999902e+00 1.764408041734674970e-01
1.949999999999999956e+00 1.537310614774115292e-01
2.009999999999999787e+00 1.338506768262784641e-01
2.070000000000000284e+00 1.158367868327375289e-01
2.129999999999999893e+00 9.999250595751534021e-02
2.189999999999999947e+00 8.603943083275135406e-02
2.250000000000000000e+00 7.374373739881717738e-02
2.309999999999999609e+00 6.265379628510311938e-02
2.370000000000000107e+00 5.334839344058315419e-02
2.429999999999999716e+00 4.527519247799296348e-02
2.490000000000000213e+00 3.820732321308527302e-02
2.549999999999999822e+00 3.213957023932566270e-02
2.609999999999999876e+00 2.701667508271869689e-02
2.669999999999999929e+00 2.259947410075678967e-02
2.729999999999999538e+00 1.887157601576094218e-02
2.790000000000000036e+00 1.571749682589735839e-02
2.849999999999999645e+00 1.304845044373484884e-02
2.910000000000000142e+00 1.077093208069201426e-02
2.969999999999999751e+00 8.926416636352109413e-03
3.030000000000000249e+00 7.337331935852727666e-03
3.089999999999999858e+00 6.080667313749600622e-03
3.149999999999999911e+00 5.001947395547081711e-03
3.209999999999999964e+00 4.066154451656809818e-03
3.269999999999999574e+00 3.317991966659641825e-03
3.330000000000000071e+00 2.685437659842118598e-03
3.389999999999999680e+00 2.186000395998366052e-03
3.450000000000000178e+00 1.765415111901202276e-03
3.509999999999999787e+00 1.448144547723979620e-03
3.569999999999999840e+00 1.158316956025500248e-03
3.629999999999999893e+00 9.423742902312881673e-04
3.689999999999999503e+00 7.508943646104360246e-04
3.750000000000000000e+00 6.027519837636938823e-04
3.809999999999999609e+00 4.944702100014480893e-04
3.870000000000000107e+00 3.819664404732431881e-04
3.929999999999999716e+00 3.113100995664566683e-04
3.989999999999999769e+00 2.423922275044786004e-04
4.049999999999999822e+00 2.017865623436331619e-04
4.109999999999999432e+00 1.645336585263494633e-04
4.169999999999999929e+00 1.215686427904103618e-04
4.230000000000000426e+00 9.685754992494535482e-05
4.290000000000000036e+00 7.425745494245700174e-05
4.349999999999999645e+00 6.072223322217726695e-05
4.410000000000000142e+00 4.892548034670316512e-05
4.469999999999999751e+00 3.750125650940135818e-05
4.529999999999999361e+00 3.005067574594457781e-05
4.589999999999999858e+00 2.197921325219880857e-05
4.650000000000000355e+00 1.701215940989424653e-05
4.709999999999999964e+00 1.303851633605014154e-05
4.769999999999999574e+00 1.092751845307075680e-05
4.830000000000000071e+00 9.064873262206424485e-06
4.889999999999999680e+00 7.698933455572464689e-06
4.949999999999999289e+00 4.718701150189645135e-06
5.009999999999999787e+00 3.601114035670991452e-06
5.070000000000000284e+00 3.476937689613422464e-06
5.129999999999999893e+00 1.614292498749065163e-06
5.189999999999999503e+00 1.614292498749089092e-06
5.250000000000000000e+00 1.614292498749089092e-06
5.309999999999999609e+00 1.241763460576204037e-06
5.369999999999999218e+00 8.692344224033556159e-07
5.429999999999999716e+00 7.450580763457224644e-07
5.490000000000000213e+00 3.725290381728667379e-07
5.549999999999999822e+00 1.241763460576203931e-07
5.609999999999999432e+00 1.241763460576222195e-07
5.669999999999999929e+00 1.241763460576203931e-07
5.730000000000000426e+00 2.483526921152444390e-07
5.789999999999999147e+00 1.241763460576222195e-07
5.849999999999999645e+00 2.483526921152407862e-07
5.910000000000000142e+00 1.241763460576222195e-07
5.969999999999999751e+00 1.241763460576203931e-07
