2.999999999999999889e-02 9.620102958333806575e-02
8.999999999999999667e-02 1.619613455177647821e-01
1.499999999999999944e-01 2.415349140112952042e-01
2.099999999999999922e-01 3.232737454510324349e-01
2.700000000000000178e-01 4.037978838736339671e-01
3.299999999999999600e-01 4.799824315305597500e-01
3.900000000000000133e-01 5.493799968173602721e-01
4.499999999999999556e-01 6.106879698638909559e-01
5.100000000000000089e-01 6.626793641947558156e-01
5.700000000000000622e-01 7.044922717919714916e-01
6.299999999999998934e-01 7.347438648658370930e-01
6.899999999999999467e-01 7.540505547981826151e-01
7.500000000000000000e-01 7.634484690205155522e-01
8.100000000000000533e-01 7.617765586971970704e-01
8.699999999999998845e-01 7.519215513450261401e-01
9.299999999999999378e-01 7.334689463208621252e-01
9.899999999999999911e-01 7.084906259586795096e-01
1.050000000000000044e+00 6.780192407522920295e-01
1.109999999999999876e+00 6.428594534241552916e-01
1.169999999999999929e+00 6.046974545773786680e-01
1.229999999999999982e+00 5.643687026682450147e-01
1.290000000000000036e+00 5.230862764213906058e-01
1.349999999999999867e+00 4.808984804354263787e-01
1.409999999999999920e+00 4.402179369379115026e-01
1.469999999999999973e+00 3.997248997229436163e-01
1.530000000000000027e+00 3.611235649638174783e-01
1.589999999999999858e+00 3.248071991484988708e-01
1.649999999999999911e+00 2.898583874323104603e-01
1.709999999999999964e+00 2.579333939189723535e-01
1.770000000000000018e+00 2.283471377072843200e-01
1.829999999999999849e+00 2.009200598008445693e-01
1.889999999999999902e+00 1.761585513388785051e-01
1.949999999999999956e+00 1.536955470424390680e-01
2.009999999999999787e+00 1.341037482195439057e-01
2.070000000000000284e+00 1.159854259189685016e-01
2.129999999999999893e+00 9.999498948443649726e-02
2.189999999999999947e+00 8.587241364730384408e-02
2.250000000000000000e+00 7.359969283739033197e-02
2.309999999999999609e+00 6.281423212420957081e-02
2.370000000000000107e+00 5.335708578480719000e-02
2.429999999999999716e+00 4.520615042958492369e-02
2.490000000000000213e+00 3.804788078474728719e-02
2.549999999999999822e+00 3.216974509141766470e-02
2.609999999999999876e+00 2.708844901074000319e-02
2.669999999999999929e+00 2.253142546311721547e-02
2.729999999999999538e+00 1.887021007595431066e-02
2.790000000000000036e+00 1.576604977720589065e-02
2.849999999999999645e+00 1.311103532214789001e-02
2.910000000000000142e+00 1.079576734990353969e-02
2.969999999999999751e+00 8.975714645736983938e-03
3.030000000000000249e+00 7.413824565024223004e-03
3.089999999999999858e+00 6.045028702431063002e-03
3.149999999999999911e+00 4.996607812666603414e-03
3.209999999999999964e+00 4.086643548756317343e-03
3.269999999999999574e+00 3.325442547423099107e-03
3.330000000000000071e+00 2.685189307150003500e-03
3.389999999999999680e+00 2.193326800415765568e-03
3.450000000000000178e+00 1.784165740155903030e-03
3.509999999999999787e+00 1.435975265810332871e-03
3.569999999999999840e+00 1.162042246407228889e-03
3.629999999999999893e+00 9.304533610097565164e-04
3.689999999999999503e+00 7.513910699946665462e-04
3.750000000000000000e+00 6.059805687611920016e-04
3.809999999999999609e+00 4.844119259707807047e-04
3.870000000000000107e+00 3.850708491246837041e-04
3.929999999999999716e+00 3.175189168693377004e-04
3.989999999999999769e+00 2.528230405733188492e-04
4.049999999999999822e+00 1.928458654274844779e-04
4.109999999999999432e+00 1.528610819969329648e-04
4.169999999999999929e+00 1.172224706783936502e-04
4.230000000000000426e+00 9.462237569590812962e-05
4.290000000000000036e+00 7.537504205697558046e-05
4.349999999999999645e+00 5.836288264708244523e-05
4.410000000000000142e+00 5.041559649939462826e-05
4.469999999999999751e+00 3.824631458574708636e-05
4.529999999999999361e+00 2.868473593931073490e-05
4.589999999999999858e+00 2.272427132854452998e-05
4.650000000000000355e+00 1.701215940989424653e-05
4.709999999999999964e+00 1.428027979662634558e-05
4.769999999999999574e+00 1.130004749124362258e-05
4.830000000000000071e+00 8.568167877975935078e-06
4.889999999999999680e+00 6.829699033169121355e-06
4.949999999999999289e+00 4.594524804132023207e-06
5.009999999999999787e+00 5.091230188362436381e-06
5.070000000000000284e+00 2.731879613267689200e-06
5.129999999999999893e+00 2.359350575094787416e-06
5.189999999999999503e+00 1.614292498749089092e-06
5.250000000000000000e+00 2.110997882979577864e-06
5.309999999999999609e+00 1.614292498749065163e-06
5.369999999999999218e+00 9.934107684609777560e-07
5.429999999999999716e+00 2.483526921152407862e-07
5.490000000000000213e+00 1.241763460576222195e-07
5.549999999999999822e+00 6.208817302881020184e-07
5.609999999999999432e+00 2.483526921152444390e-07
5.669999999999999929e+00 4.967053842304815724e-07
5.730000000000000426e+00 2.483526921152444390e-07
5.789999999999999147e+00 1.241763460576222195e-07
5.849999999999999645e+00 1.241763460576203931e-07
5.910000000000000142e+00 1.241763460576222195e-07
5.969999999999999751e+00 1.241763460576203931e-07
