2.999999999999999889e-02 9.614738468548732209e-02
8.999999999999999667e-02 1.617334807177406575e-01
1.499999999999999944e-01 2.413539872768618866e-01
2.099999999999999922e-01 3.230728257160309647e-01
2.700000000000000178e-01 4.034798652452210588e-01
3.299999999999999600e-01 4.799424431712793204e-01
3.900000000000000133e-01 5.494594655850449927e-01
4.499999999999999556e-01 6.110509327707330796e-01
5.100000000000000089e-01 6.625700840736932218e-01
5.700000000000000622e-01 7.041471804799719347e-01
6.299999999999998934e-01 7.348371158267631431e-01
6.899999999999999467e-01 7.541584584239882094e-01
7.500000000000000000e-01 7.631742819623287266e-01
8.100000000000000533e-01 7.622569913008369058e-01
8.699999999999998845e-01 7.521862897105963119e-01
9.299999999999999378e-01 7.341063380356573909e-01
9.899999999999999911e-01 7.089185323653394155e-01
1.050000000000000044e+00 6.774840356531340868e-01
1.109999999999999876e+00 6.429298566221691713e-01
1.169999999999999929e+00 6.049636841559953293e-01
1.229999999999999982e+00 5.641294106463001778e-01
1.290000000000000036e+00 5.226622103054668900e-01
1.349999999999999867e+00 4.815414619675492114e-01
1.409999999999999920e+00 4.398915982230242050e-01
1.469999999999999973e+00 3.998617390770968782e-01
1.530000000000000027e+00 3.614937319580770470e-01
1.589999999999999858e+00 3.244300731683294470e-01
1.649999999999999911e+00 2.903023157065455773e-01
1.709999999999999964e+00 2.579977153439973470e-01
1.770000000000000018e+00 2.282533828653905694e-01
1.829999999999999849e+00 2.009802838312626516e-01
1.889999999999999902e+00 1.761862413513595460e-01
1.949999999999999956e+00 1.539571854565120190e-01
2.009999999999999787e+00 1.338840792658538281e-01
2.070000000000000284e+00 1.155828453438903641e-01
2.129999999999999893e+00 9.971670954997396974e-02
2.189999999999999947e+00 8.582323917483204723e-02
2.250000000000000000e+00 7.358056913187949188e-02
2.309999999999999609e+00 6.269700918640204457e-02
2.370000000000000107e+00 5.325935860364668789e-02
2.429999999999999716e+00 4.525979427387006454e-02
2.490000000000000213e+00 3.812859512560456271e-02
2.549999999999999822e+00 3.208890605105316901e-02
2.609999999999999876e+00 2.713116547164088482e-02
2.669999999999999929e+00 2.264082465530668428e-02
2.729999999999999538e+00 1.892509587990882231e-02
2.790000000000000036e+00 1.572432640777516807e-02
2.849999999999999645e+00 1.307241638112687475e-02
2.910000000000000142e+00 1.080309367383161696e-02
2.969999999999999751e+00 8.963917826075116363e-03
3.030000000000000249e+00 7.413948686132057486e-03
3.089999999999999858e+00 6.058563879011524475e-03
3.149999999999999911e+00 4.963701043978878749e-03
3.209999999999999964e+00 4.062553307352756958e-03
3.269999999999999574e+00 3.316998531177615169e-03
3.330000000000000071e+00 2.698724508763219055e-03
3.389999999999999680e+00 2.199783954021093321e-03
3.450000000000000178e+00 1.764049158951377623e-03
3.509999999999999787e+00 1.456464352058335155e-03
3.569999999999999840e+00 1.156330125873247273e-03
3.629999999999999893e+00 9.572754446259446222e-04
3.689999999999999503e+00 7.466723632813342506e-04
3.750000000000000000e+00 5.919486372463196415e-04
3.809999999999999609e+00 4.850328040872927760e-04
3.870000000000000107e+00 3.915280162025689455e-04
3.929999999999999716e+00 3.017485186718180720e-04
3.989999999999999769e+00 2.418955203179860174e-04
4.049999999999999822e+00 1.921008059198761977e-04
4.109999999999999432e+00 1.547237260350156933e-04
4.169999999999999929e+00 1.226862289908452989e-04
4.230000000000000426e+00 9.474655133604893546e-05
4.290000000000000036e+00 7.289151459273905697e-05
4.349999999999999645e+00 5.948046931843701125e-05
4.410000000000000142e+00 4.917383267244479391e-05
4.469999999999999751e+00 3.725290353973034801e-05
4.529999999999999361e+00 2.868473572559279589e-05
4.589999999999999858e+00 2.421438730082473129e-05
4.650000000000000355e+00 2.086162598224930456e-05
4.709999999999999964e+00 1.291433989377318855e-05
4.769999999999999574e+00 9.934107610594909111e-06
4.830000000000000071e+00 8.816520504402979358e-06
4.889999999999999680e+00 5.836288221224422091e-06
4.949999999999999289e+00 4.221995734502835567e-06
5.009999999999999787e+00 3.725290353973035224e-06
5.070000000000000284e+00 3.104408628310908356e-06
5.129999999999999893e+00 3.104408628310862616e-06
5.189999999999999503e+00 2.483526902648727278e-06
5.250000000000000000e+00 1.365939796456799854e-06
5.309999999999999609e+00 1.365939796456779526e-06
5.369999999999999218e+00 4.967053805297453920e-07
5.429999999999999716e+00 4.967053805297380863e-07
5.490000000000000213e+00 6.208817256621818194e-07
5.549999999999999822e+00 2.483526902648690432e-07
5.609999999999999432e+00 3.725290353973090705e-07
5.669999999999999929e+00 4.967053805297380863e-07
5.730000000000000426e+00 1.241763451324363480e-07
5.789999999999999147e+00 1.241763451324363480e-07
5.849999999999999645e+00 0.000000000000000000e+00
5.910000000000000142e+00 2.483526902648726960e-07
5.969999999999999751e+00 0.000000000000000000e+00
