2.999999999999999889e-02 9.619221162939228797e-02
8.999999999999999667e-02 1.616463077190988251e-01
1.499999999999999944e-01 2.415033696207158631e-01
2.099999999999999922e-01 3.228576257044397102e-01
2.700000000000000178e-01 4.035189777874870209e-01
3.299999999999999600e-01 4.798550194491074672e-01
3.900000000000000133e-01 5.495660047945827298e-01
4.499999999999999556e-01 6.108590757662486492e-01
5.100000000000000089e-01 6.630532492924717802e-01
5.700000000000000622e-01 7.043443672682676571e-01
6.299999999999998934e-01 7.346755569279863618e-01
6.899999999999999467e-01 7.537170059014129953e-01
7.500000000000000000e-01 7.629954623405788006e-01
8.100000000000000533e-01 7.621936556860339218e-01
8.699999999999998845e-01 7.521665400676427193e-01
9.299999999999999378e-01 7.342122549877476700e-01
9.899999999999999911e-01 7.086786183864762778e-01
1.050000000000000044e+00 6.782351733115943304e-01
1.109999999999999876e+00 6.426066208079967979e-01
1.169999999999999929e+00 6.046596959580452513e-01
1.229999999999999982e+00 5.641092898754469509e-01
1.290000000000000036e+00 5.227401891554920299e-01
1.349999999999999867e+00 4.813412861129236497e-01
1.409999999999999920e+00 4.401162299522472510e-01
1.469999999999999973e+00 4.001095920809324413e-01
1.530000000000000027e+00 3.615412888045701489e-01
1.589999999999999858e+00 3.246884817234322318e-01
1.649999999999999911e+00 2.899630637712505843e-01
1.709999999999999964e+00 2.580611675336545452e-01
1.770000000000000018e+00 2.282840527217895321e-01
1.829999999999999849e+00 2.009492382477910399e-01
1.889999999999999902e+00 1.761979126150252373e-01
1.949999999999999956e+00 1.537092041500597028e-01
2.009999999999999787e+00 1.337957888876083468e-01
2.070000000000000284e+00 1.158688226034403496e-01
2.129999999999999893e+00 1.000531025234840110e-01
2.189999999999999947e+00 8.593971594626549637e-02
2.250000000000000000e+00 7.344745154267133536e-02
2.309999999999999609e+00 6.279920585055548399e-02
2.370000000000000107e+00 5.330741445204174173e-02
2.429999999999999716e+00 4.528847867217019457e-02
2.490000000000000213e+00 3.807519901351527625e-02
2.549999999999999822e+00 3.226560874977910803e-02
2.609999999999999876e+00 2.704200665435714176e-02
2.669999999999999929e+00 2.254471199620298322e-02
2.729999999999999538e+00 1.888573183779216833e-02
2.790000000000000036e+00 1.570507895726767911e-02
2.849999999999999645e+00 1.303640514390968022e-02
2.910000000000000142e+00 1.075218129221732453e-02
2.969999999999999751e+00 8.919586804406735847e-03
3.030000000000000249e+00 7.364278093210934774e-03
3.089999999999999858e+00 6.064400122049446243e-03
3.149999999999999911e+00 4.947930611282101883e-03
3.209999999999999964e+00 4.062925806116998023e-03
3.269999999999999574e+00 3.278752192448217313e-03
3.330000000000000071e+00 2.710645417700050571e-03
3.389999999999999680e+00 2.187738832243322704e-03
3.450000000000000178e+00 1.771003021083793075e-03
3.509999999999999787e+00 1.431877425053794698e-03
3.569999999999999840e+00 1.137579489282621687e-03
3.629999999999999893e+00 9.390215148952211393e-04
3.689999999999999503e+00 7.526328222401396225e-04
3.750000000000000000e+00 6.059805597313777789e-04
3.809999999999999609e+00 4.834185079988225311e-04
3.870000000000000107e+00 3.839532562888156109e-04
3.929999999999999716e+00 3.041078669635541363e-04
3.989999999999999769e+00 2.474834540050501906e-04
4.049999999999999822e+00 1.923491571770281450e-04
4.109999999999999432e+00 1.500050238023585602e-04
4.169999999999999929e+00 1.256664603377356218e-04
4.230000000000000426e+00 1.002103097752511229e-04
4.290000000000000036e+00 7.835527319477388238e-05
4.349999999999999645e+00 5.985299790789472719e-05
4.410000000000000142e+00 4.755953983137692993e-05
4.469999999999999751e+00 3.787378498321083335e-05
4.529999999999999361e+00 2.905726454449660922e-05
4.589999999999999858e+00 2.185503658047575987e-05
4.650000000000000355e+00 1.639127743535706300e-05
4.709999999999999964e+00 1.229345807651761429e-05
4.769999999999999574e+00 1.204510538810329625e-05
4.830000000000000071e+00 8.319815061885782852e-06
4.889999999999999680e+00 5.960464521947934357e-06
4.949999999999999289e+00 4.221995703046516254e-06
5.009999999999999787e+00 3.725290326217458761e-06
5.070000000000000284e+00 2.235174195730508206e-06
5.129999999999999893e+00 2.980232260973967179e-06
5.189999999999999503e+00 1.614292474694256115e-06
5.250000000000000000e+00 1.117587097865254103e-06
5.309999999999999609e+00 1.241763442072486395e-06
5.369999999999999218e+00 9.934107536580038120e-07
5.429999999999999716e+00 1.241763442072486395e-06
5.490000000000000213e+00 6.208817210362524090e-07
5.549999999999999822e+00 1.241763442072486501e-07
5.609999999999999432e+00 1.241763442072504765e-07
5.669999999999999929e+00 2.483526884144973002e-07
5.730000000000000426e+00 0.000000000000000000e+00
5.789999999999999147e+00 3.725290326217514030e-07
5.849999999999999645e+00 0.000000000000000000e+00
5.910000000000000142e+00 0.000000000000000000e+00
5.969999999999999751e+00 0.000000000000000000e+00
