2.999999999999999889e-02 9.637475157342481613e-02
8.999999999999999667e-02 1.617312455435282736e-01
1.499999999999999944e-01 2.415320561557817991e-01
2.099999999999999922e-01 3.229645439430755549e-01
2.700000000000000178e-01 4.031227340766201928e-01
3.299999999999999600e-01 4.800435227162170859e-01
3.900000000000000133e-01 5.494479171849476762e-01
4.499999999999999556e-01 6.115198226499530820e-01
5.100000000000000089e-01 6.624608088899767155e-01
5.700000000000000622e-01 7.044001276950067059e-01
6.299999999999998934e-01 7.348595917452321880e-01
6.899999999999999467e-01 7.540957493696963665e-01
7.500000000000000000e-01 7.631484532825412170e-01
8.100000000000000533e-01 7.623779390609958240e-01
8.699999999999998845e-01 7.522368294830651392e-01
9.299999999999999378e-01 7.335802028613312986e-01
9.899999999999999911e-01 7.085484868568446837e-01
1.050000000000000044e+00 6.780675402989114753e-01
1.109999999999999876e+00 6.422980473781353394e-01
1.169999999999999929e+00 6.045860638904476669e-01
1.229999999999999982e+00 5.643208905704943934e-01
1.290000000000000036e+00 5.231803981937045434e-01
1.349999999999999867e+00 4.812068067174173347e-01
1.409999999999999920e+00 4.400448318329175934e-01
1.469999999999999973e+00 3.998627324878579747e-01
1.530000000000000027e+00 3.612504704979626058e-01
1.589999999999999858e+00 3.245422044079840362e-01
1.649999999999999911e+00 2.899189833291217488e-01
1.709999999999999964e+00 2.580891091340148935e-01
1.770000000000000018e+00 2.281167888857448811e-01
1.829999999999999849e+00 2.011145184603508329e-01
1.889999999999999902e+00 1.762272195452532497e-01
1.949999999999999956e+00 1.537378900310081287e-01
2.009999999999999787e+00 1.337078730321109021e-01
2.070000000000000284e+00 1.155812310514036517e-01
2.129999999999999893e+00 9.997971504896446815e-02
2.189999999999999947e+00 8.591177690891148300e-02
2.250000000000000000e+00 7.362850120110059349e-02
2.309999999999999609e+00 6.286949012979099749e-02
2.370000000000000107e+00 5.350125412396466995e-02
2.429999999999999716e+00 4.525842833407361238e-02
2.490000000000000213e+00 3.824060218891402185e-02
2.549999999999999822e+00 3.228423544194649469e-02
2.609999999999999876e+00 2.692664703120776007e-02
2.669999999999999929e+00 2.260431680983774824e-02
2.729999999999999538e+00 1.893652010366100522e-02
2.790000000000000036e+00 1.580814544073956204e-02
2.849999999999999645e+00 1.302845795494999258e-02
2.910000000000000142e+00 1.077651993597327461e-02
2.969999999999999751e+00 8.975962931552962029e-03
3.030000000000000249e+00 7.384146363300272964e-03
3.089999999999999858e+00 6.073340864082284879e-03
3.149999999999999911e+00 4.915148093032095308e-03
3.209999999999999964e+00 4.068017066538584699e-03
3.269999999999999574e+00 3.313894122549304426e-03
3.330000000000000071e+00 2.708534440028681749e-03
3.389999999999999680e+00 2.165759635454806136e-03
3.450000000000000178e+00 1.776342617119488739e-03
3.509999999999999787e+00 1.426662029226550632e-03
3.569999999999999840e+00 1.149997132271493062e-03
3.629999999999999893e+00 9.345511734667090323e-04
3.689999999999999503e+00 7.675339892635833078e-04
3.750000000000000000e+00 6.018827448569145184e-04
3.809999999999999609e+00 4.880130363704712282e-04
3.870000000000000107e+00 3.885477839193904933e-04
3.929999999999999716e+00 3.008792842558910595e-04
3.989999999999999769e+00 2.466142214330186030e-04
4.049999999999999822e+00 2.009173264242790195e-04
4.109999999999999432e+00 1.533577862385588936e-04
4.169999999999999929e+00 1.142422375218397565e-04
4.230000000000000426e+00 9.896854707055176086e-05
4.290000000000000036e+00 7.748603936263913469e-05
4.349999999999999645e+00 6.196399622108573048e-05
4.410000000000000142e+00 4.619360038926632135e-05
4.469999999999999751e+00 4.085401754857095294e-05
4.529999999999999361e+00 3.166496800877126506e-05
4.589999999999999858e+00 2.185503674330847241e-05
4.650000000000000355e+00 1.688798293801134227e-05
4.709999999999999964e+00 1.552204314155431562e-05
4.769999999999999574e+00 1.092751837165439884e-05
4.830000000000000071e+00 9.437402230065162554e-06
4.889999999999999680e+00 6.581346292019028374e-06
4.949999999999999289e+00 4.470348424767707999e-06
5.009999999999999787e+00 3.973643044237904691e-06
5.070000000000000284e+00 3.973643044237963136e-06
5.129999999999999893e+00 8.692344159270415452e-07
5.189999999999999503e+00 1.614292486721672498e-06
5.250000000000000000e+00 1.490116141589236282e-06
5.309999999999999609e+00 1.365939796456779526e-06
5.369999999999999218e+00 3.725290353973090705e-07
5.429999999999999716e+00 2.483526902648690432e-07
5.490000000000000213e+00 7.450580707946181409e-07
5.549999999999999822e+00 2.483526902648690432e-07
5.609999999999999432e+00 3.725290353973090705e-07
5.669999999999999929e+00 2.483526902648690432e-07
5.730000000000000426e+00 1.241763451324363480e-07
5.789999999999999147e+00 4.967053805297453920e-07
5.849999999999999645e+00 2.483526902648690432e-07
5.910000000000000142e+00 0.000000000000000000e+00
5.969999999999999751e+00 1.241763451324345216e-07
