2.999999999999999889e-02 9.593442153881803769e-02
8.999999999999999667e-02 1.617594323686716573e-01
1.499999999999999944e-01 2.415895480035956666e-01
2.099999999999999922e-01 3.231236114337316390e-01
2.700000000000000178e-01 4.038405945189838531e-01
3.299999999999999600e-01 4.800915753848222778e-01
3.900000000000000133e-01 5.492965421276531091e-01
4.499999999999999556e-01 6.115322357281961496e-01
5.100000000000000089e-01 6.627914855588828980e-01
5.700000000000000622e-01 7.041278037239702137e-01
6.299999999999998934e-01 7.347090845409223192e-01
6.899999999999999467e-01 7.539177990499961179e-01
7.500000000000000000e-01 7.628442155533343705e-01
8.100000000000000533e-01 7.619713800299029449e-01
8.699999999999998845e-01 7.519565578695882602e-01
9.299999999999999378e-01 7.339514846649124458e-01
9.899999999999999911e-01 7.089768899652620915e-01
1.050000000000000044e+00 6.777650416724256832e-01
1.109999999999999876e+00 6.429992664083801213e-01
1.169999999999999929e+00 6.044817512567963735e-01
1.229999999999999982e+00 5.639188033634329189e-01
1.290000000000000036e+00 5.228515753362459328e-01
1.349999999999999867e+00 4.813972896441610638e-01
1.409999999999999920e+00 4.400170130532257140e-01
1.469999999999999973e+00 3.999612013496047780e-01
1.530000000000000027e+00 3.613861925506553496e-01
1.589999999999999858e+00 3.246635222782465746e-01
1.649999999999999911e+00 2.899268042787420674e-01
1.709999999999999964e+00 2.577311068107516756e-01
1.770000000000000018e+00 2.281033761409679839e-01
1.829999999999999849e+00 2.010858322264190146e-01
1.889999999999999902e+00 1.764214300345982867e-01
1.949999999999999956e+00 1.537613582146267477e-01
2.009999999999999787e+00 1.339457939114107043e-01
2.070000000000000284e+00 1.158679533690308988e-01
2.129999999999999893e+00 9.998281871266270771e-02
2.189999999999999947e+00 8.592009608388073705e-02
2.250000000000000000e+00 7.356653665676610165e-02
2.309999999999999609e+00 6.271451758380613972e-02
2.370000000000000107e+00 5.343345344141210707e-02
2.429999999999999716e+00 4.523545537319369203e-02
2.490000000000000213e+00 3.820272811901611471e-02
2.549999999999999822e+00 3.220886016047638800e-02
2.609999999999999876e+00 2.700835486507697711e-02
2.669999999999999929e+00 2.263908601780049643e-02
2.729999999999999538e+00 1.895663653033450788e-02
2.790000000000000036e+00 1.569365473360061214e-02
2.849999999999999645e+00 1.307266463641819712e-02
2.910000000000000142e+00 1.081538705141881461e-02
2.969999999999999751e+00 8.946408894755501773e-03
3.030000000000000249e+00 7.371977026551783385e-03
3.089999999999999858e+00 6.039564853207996312e-03
3.149999999999999911e+00 4.933277802665647291e-03
3.209999999999999964e+00 4.038463066308170708e-03
3.269999999999999574e+00 3.299117112898205823e-03
3.330000000000000071e+00 2.695123374674144364e-03
3.389999999999999680e+00 2.201770759138741915e-03
3.450000000000000178e+00 1.775845898507875812e-03
3.509999999999999787e+00 1.436223597101048220e-03
3.569999999999999840e+00 1.146396009721336413e-03
3.629999999999999893e+00 9.364138116668688965e-04
3.689999999999999503e+00 7.506460007328235196e-04
3.750000000000000000e+00 6.124377296301547610e-04
3.809999999999999609e+00 4.832943316546152272e-04
3.870000000000000107e+00 3.854433724193026068e-04
3.929999999999999716e+00 3.137936218117196095e-04
3.989999999999999769e+00 2.489735701355371865e-04
4.049999999999999822e+00 1.846502238361787205e-04
4.109999999999999432e+00 1.557171356358920714e-04
4.169999999999999929e+00 1.238038151746269041e-04
4.230000000000000426e+00 9.213884740177985457e-05
4.290000000000000036e+00 7.090469254233897078e-05
4.349999999999999645e+00 5.625188392588446006e-05
4.410000000000000142e+00 4.904965596186393258e-05
4.469999999999999751e+00 3.899137208107607348e-05
4.529999999999999361e+00 2.880891185608210991e-05
4.589999999999999858e+00 2.235174195730475172e-05
4.650000000000000355e+00 1.937150969633107169e-05
4.709999999999999964e+00 1.291433979755385749e-05
4.769999999999999574e+00 8.940696782922032826e-06
4.830000000000000071e+00 7.947286029264030496e-06
4.889999999999999680e+00 7.202227964020420752e-06
4.949999999999999289e+00 5.463759145119021284e-06
5.009999999999999787e+00 4.718701079875447962e-06
5.070000000000000284e+00 2.483526884145009636e-06
5.129999999999999893e+00 2.483526884144972790e-06
5.189999999999999503e+00 1.738468818901506618e-06
5.250000000000000000e+00 1.117587097865254103e-06
5.309999999999999609e+00 1.117587097865237586e-06
5.369999999999999218e+00 7.450580652435028061e-07
5.429999999999999716e+00 7.450580652434917946e-07
5.490000000000000213e+00 4.967053768290019060e-07
5.549999999999999822e+00 8.692344094507404977e-07
5.609999999999999432e+00 1.241763442072504765e-07
5.669999999999999929e+00 0.000000000000000000e+00
5.730000000000000426e+00 0.000000000000000000e+00
5.789999999999999147e+00 0.000000000000000000e+00
5.849999999999999645e+00 1.241763442072486501e-07
5.910000000000000142e+00 0.000000000000000000e+00
5.969999999999999751e+00 0.000000000000000000e+00
