2.999999999999999889e-02 9.621108643371180380e-02
8.999999999999999667e-02 1.617093893019561357e-01
1.499999999999999944e-01 2.416022139907048061e-01
2.099999999999999922e-01 3.237164293009770488e-01
2.700000000000000178e-01 4.037084708887473394e-01
3.299999999999999600e-01 4.797546849629880650e-01
3.900000000000000133e-01 5.497347604463603821e-01
4.499999999999999556e-01 6.104844357357753770e-01
5.100000000000000089e-01 6.628371824535511658e-01
5.700000000000000622e-01 7.041880292509108408e-01
6.299999999999998934e-01 7.342158561017311236e-01
6.899999999999999467e-01 7.545363214204924285e-01
7.500000000000000000e-01 7.629313873469678597e-01
8.100000000000000533e-01 7.617217855780463731e-01
8.699999999999998845e-01 7.518662816673495897e-01
9.299999999999999378e-01 7.337093407937083089e-01
9.899999999999999911e-01 7.089299513071517511e-01
1.050000000000000044e+00 6.775072515818514329e-01
1.109999999999999876e+00 6.424903917498188122e-01
1.169999999999999929e+00 6.052268093220398715e-01
1.229999999999999982e+00 5.644129010370336763e-01
1.290000000000000036e+00 5.228595226222753078e-01
1.349999999999999867e+00 4.814509338248585957e-01
1.409999999999999920e+00 4.401147398361167640e-01
1.469999999999999973e+00 3.997853676462073125e-01
1.530000000000000027e+00 3.612827536559306552e-01
1.589999999999999858e+00 3.245060666737918376e-01
1.649999999999999911e+00 2.899358691518691966e-01
1.709999999999999964e+00 2.581160534777940940e-01
1.770000000000000018e+00 2.283727146315535084e-01
1.829999999999999849e+00 2.010386452156202597e-01
1.889999999999999902e+00 1.764912171400427332e-01
1.949999999999999956e+00 1.538397134878215500e-01
2.009999999999999787e+00 1.335814605175066339e-01
2.070000000000000284e+00 1.158390202808306096e-01
2.129999999999999893e+00 1.001575348289623080e-01
2.189999999999999947e+00 8.587725524512923592e-02
2.250000000000000000e+00 7.345117683299755285e-02
2.309999999999999609e+00 6.282267517961065417e-02
2.370000000000000107e+00 5.336217621983713882e-02
2.429999999999999716e+00 4.518988265486963835e-02
2.490000000000000213e+00 3.817975549533777352e-02
2.549999999999999822e+00 3.227492197559465176e-02
2.609999999999999876e+00 2.702809890380592980e-02
2.669999999999999929e+00 2.264380471888036844e-02
2.729999999999999538e+00 1.886921638401260759e-02
2.790000000000000036e+00 1.573028675514175426e-02
2.849999999999999645e+00 1.307961851169380310e-02
2.910000000000000142e+00 1.083835967509715406e-02
2.969999999999999751e+00 8.961558408748784496e-03
3.030000000000000249e+00 7.378682549138974867e-03
3.089999999999999858e+00 5.988528375738816703e-03
3.149999999999999911e+00 4.932656920944610175e-03
3.209999999999999964e+00 4.046534528681641069e-03
3.269999999999999574e+00 3.310417160221065976e-03
3.330000000000000071e+00 2.684320032728113644e-03
3.389999999999999680e+00 2.166753030072297512e-03
3.450000000000000178e+00 1.772617313558487321e-03
3.509999999999999787e+00 1.439948887427265709e-03
3.569999999999999840e+00 1.152604826931698896e-03
3.629999999999999893e+00 9.376555751089412846e-04
3.689999999999999503e+00 7.495284136349582727e-04
3.750000000000000000e+00 6.133069640396056170e-04
3.809999999999999609e+00 4.868954456366254673e-04
3.870000000000000107e+00 3.832081982235721130e-04
3.929999999999999716e+00 3.039836906193468867e-04
3.989999999999999769e+00 2.387911099105426334e-04
4.049999999999999822e+00 1.960744475032456075e-04
4.109999999999999432e+00 1.534819614401615776e-04
4.169999999999999929e+00 1.163532345221919654e-04
4.230000000000000426e+00 9.176631836915809205e-05
4.290000000000000036e+00 7.338821942648393680e-05
4.349999999999999645e+00 5.749364736795697017e-05
4.410000000000000142e+00 4.693865811034067488e-05
4.469999999999999751e+00 3.563861078748035987e-05
4.529999999999999361e+00 2.918144088870385888e-05
4.589999999999999858e+00 2.657373766035120614e-05
4.650000000000000355e+00 1.688798281218606502e-05
4.709999999999999964e+00 1.365939786279734865e-05
4.769999999999999574e+00 1.167257635548154559e-05
4.830000000000000071e+00 1.030663656920178921e-05
4.889999999999999680e+00 6.208817210362431975e-06
4.949999999999999289e+00 3.849466670424764745e-06
5.009999999999999787e+00 3.725290326217458761e-06
5.070000000000000284e+00 2.731879572559510642e-06
5.129999999999999893e+00 1.738468818901480995e-06
5.189999999999999503e+00 1.241763442072504818e-06
5.250000000000000000e+00 1.241763442072504818e-06
5.309999999999999609e+00 1.490116130486983589e-06
5.369999999999999218e+00 7.450580652435028061e-07
5.429999999999999716e+00 1.241763442072486501e-07
5.490000000000000213e+00 3.725290326217514030e-07
5.549999999999999822e+00 4.967053768289946003e-07
5.609999999999999432e+00 3.725290326217514030e-07
5.669999999999999929e+00 6.208817210362431975e-07
5.730000000000000426e+00 1.241763442072504765e-07
5.789999999999999147e+00 2.483526884145009530e-07
5.849999999999999645e+00 0.000000000000000000e+00
5.910000000000000142e+00 1.241763442072504765e-07
5.969999999999999751e+00 0.000000000000000000e+00
