2.999999999999999889e-02 9.621642601651270166e-02
8.999999999999999667e-02 1.621102305410571376e-01
1.499999999999999944e-01 2.416385976595575580e-01
2.099999999999999922e-01 3.235618297524390230e-01
2.700000000000000178e-01 4.038771023641807845e-01
3.299999999999999600e-01 4.798324193544618033e-01
3.900000000000000133e-01 5.499375404164509318e-01
4.499999999999999556e-01 6.108404493146175618e-01
5.100000000000000089e-01 6.627038170598725797e-01
5.700000000000000622e-01 7.035317572717754153e-01
6.299999999999998934e-01 7.344114338438575418e-01
6.899999999999999467e-01 7.541641649169033013e-01
7.500000000000000000e-01 7.631717927493529841e-01
8.100000000000000533e-01 7.614385393369096366e-01
8.699999999999998845e-01 7.520289526782610867e-01
9.299999999999999378e-01 7.336477493269815131e-01
9.899999999999999911e-01 7.087140086445753440e-01
1.050000000000000044e+00 6.781348388254748727e-01
1.109999999999999876e+00 6.431245603396853472e-01
1.169999999999999929e+00 6.040879880693151849e-01
1.229999999999999982e+00 5.642361980992266490e-01
1.290000000000000036e+00 5.231689700720396630e-01
1.349999999999999867e+00 4.812835441128672787e-01
1.409999999999999920e+00 4.400060855349354205e-01
1.469999999999999973e+00 3.997501015644524536e-01
1.530000000000000027e+00 3.613213724989791653e-01
1.589999999999999858e+00 3.246471310008112177e-01
1.649999999999999911e+00 2.897022934484153600e-01
1.709999999999999964e+00 2.581627437832160199e-01
1.770000000000000018e+00 2.284768985843433631e-01
1.829999999999999849e+00 2.010910476328757190e-01
1.889999999999999902e+00 1.761843773935066471e-01
1.949999999999999956e+00 1.540002735008815238e-01
2.009999999999999787e+00 1.335645725346944479e-01
2.070000000000000284e+00 1.159006117475574055e-01
2.129999999999999893e+00 9.985839401576704355e-02
2.189999999999999947e+00 8.586558266877376833e-02
2.250000000000000000e+00 7.336984132754181820e-02
2.309999999999999609e+00 6.286688195814843505e-02
2.370000000000000107e+00 5.332691013808228686e-02
2.429999999999999716e+00 4.520552887423975180e-02
2.490000000000000213e+00 3.814809052756492486e-02
2.549999999999999822e+00 3.224089765728185841e-02
2.609999999999999876e+00 2.702785055111751530e-02
2.669999999999999929e+00 2.265771246943158387e-02
2.729999999999999538e+00 1.889827364855710401e-02
2.790000000000000036e+00 1.581385743479322981e-02
2.849999999999999645e+00 1.304037878692431048e-02
2.910000000000000142e+00 1.089374232461358914e-02
2.969999999999999751e+00 8.994589316307914639e-03
3.030000000000000249e+00 7.357075865246913426e-03
3.089999999999999858e+00 6.027519747819893095e-03
3.149999999999999911e+00 4.996483561867137366e-03
3.209999999999999964e+00 4.066526920099008263e-03
3.269999999999999574e+00 3.316625977431428025e-03
3.330000000000000071e+00 2.731258690838454014e-03
3.389999999999999680e+00 2.191339946225332944e-03
3.450000000000000178e+00 1.791864646910611017e-03
3.509999999999999787e+00 1.420701554075142229e-03
3.569999999999999840e+00 1.182531325885646280e-03
3.629999999999999893e+00 9.418775708119878813e-04
3.689999999999999503e+00 7.532537039611757624e-04
3.750000000000000000e+00 6.067256177966212768e-04
3.809999999999999609e+00 4.967053768289982985e-04
3.870000000000000107e+00 4.008412391010015099e-04
3.929999999999999716e+00 3.144145035327558578e-04
3.989999999999999769e+00 2.395361679757861584e-04
4.049999999999999822e+00 1.969436819126963280e-04
4.109999999999999432e+00 1.626710109114981064e-04
4.169999999999999929e+00 1.206994065694456627e-04
4.230000000000000426e+00 1.002103097752511229e-04
4.290000000000000036e+00 7.885197857160288100e-05
4.349999999999999645e+00 6.469587533197750442e-05
4.410000000000000142e+00 5.016724305972919304e-05
4.469999999999999751e+00 4.010895917894130683e-05
4.529999999999999361e+00 3.191332046126337164e-05
4.589999999999999858e+00 2.160668389206126056e-05
4.650000000000000355e+00 2.036492044998907910e-05
4.709999999999999964e+00 1.539786668169883198e-05
4.769999999999999574e+00 1.055498925761629021e-05
4.830000000000000071e+00 8.940696782922032826e-06
4.889999999999999680e+00 6.457169898776928746e-06
4.949999999999999289e+00 4.470348391461016413e-06
5.009999999999999787e+00 4.470348391460950344e-06
5.070000000000000284e+00 3.352761293595762733e-06
5.129999999999999893e+00 1.986821507315978401e-06
5.189999999999999503e+00 2.483526884145009636e-06
5.250000000000000000e+00 1.738468818901506618e-06
5.309999999999999609e+00 7.450580652434917946e-07
5.369999999999999218e+00 1.490116130487005612e-06
5.429999999999999716e+00 2.483526884144973002e-07
5.490000000000000213e+00 4.967053768290019060e-07
5.549999999999999822e+00 1.241763442072486501e-07
5.609999999999999432e+00 3.725290326217514030e-07
5.669999999999999929e+00 3.725290326217458973e-07
5.730000000000000426e+00 1.241763442072504765e-07
5.789999999999999147e+00 2.483526884145009530e-07
5.849999999999999645e+00 0.000000000000000000e+00
5.910000000000000142e+00 1.241763442072504765e-07
5.969999999999999751e+00 0.000000000000000000e+00
