2.999999999999999889e-02 9.640206965110255377e-02
8.999999999999999667e-02 1.619949948936327822e-01
1.499999999999999944e-01 2.421359239181075929e-01
2.099999999999999922e-01 3.235604638126526877e-01
2.700000000000000178e-01 4.038300395297261813e-01
3.299999999999999600e-01 4.802672849118755916e-01
3.900000000000000133e-01 5.499872109541338316e-01
4.499999999999999556e-01 6.113549119086681971e-01
5.100000000000000089e-01 6.627334952061381124e-01
5.700000000000000622e-01 7.042466404853765516e-01
6.299999999999998934e-01 7.344239756546224740e-01
6.899999999999999467e-01 7.536554144346863104e-01
7.500000000000000000e-01 7.629213290630870725e-01
8.100000000000000533e-01 7.613516158959645619e-01
8.699999999999998845e-01 7.516890820241658444e-01
9.299999999999999378e-01 7.337597563894565633e-01
9.899999999999999911e-01 7.079797539212778767e-01
1.050000000000000044e+00 6.771704853363613719e-01
1.109999999999999876e+00 6.428044337243189466e-01
1.169999999999999929e+00 6.043948278158511878e-01
1.229999999999999982e+00 5.641890110884280052e-01
1.290000000000000036e+00 5.229115525104980344e-01
1.349999999999999867e+00 4.808185037038111287e-01
1.409999999999999920e+00 4.400506648425058231e-01
1.469999999999999973e+00 3.997399191042274591e-01
1.530000000000000027e+00 3.612568007999913955e-01
1.589999999999999858e+00 3.246180737362667212e-01
1.649999999999999911e+00 2.899003547174259232e-01
1.709999999999999964e+00 2.583764512715966966e-01
1.770000000000000018e+00 2.281858292335215699e-01
1.829999999999999849e+00 2.009096259939889273e-01
1.889999999999999902e+00 1.763122790280401142e-01
1.949999999999999956e+00 1.539930712729174755e-01
2.009999999999999787e+00 1.338751375715567793e-01
2.070000000000000284e+00 1.158797501217305875e-01
2.129999999999999893e+00 1.001734294010208359e-01
2.189999999999999947e+00 8.587638601071979905e-02
2.250000000000000000e+00 7.379589036451689177e-02
2.309999999999999609e+00 6.273898032361498178e-02
2.370000000000000107e+00 5.340464452955601821e-02
2.429999999999999716e+00 4.530809853455493308e-02
2.490000000000000213e+00 3.831560441590050464e-02
2.549999999999999822e+00 3.227765385516720431e-02
2.609999999999999876e+00 2.706721445223121345e-02
2.669999999999999929e+00 2.271632370389740571e-02
2.729999999999999538e+00 1.903337751105458817e-02
2.790000000000000036e+00 1.577362429927008092e-02
2.849999999999999645e+00 1.306322723425844615e-02
2.910000000000000142e+00 1.081029582130631737e-02
2.969999999999999751e+00 8.947774834541779784e-03
3.030000000000000249e+00 7.376695727631659739e-03
3.089999999999999858e+00 6.020193343511665365e-03
3.149999999999999911e+00 4.960472422047034965e-03
3.209999999999999964e+00 4.031385014688357478e-03
3.269999999999999574e+00 3.315632566677770461e-03
3.330000000000000071e+00 2.713625649961024563e-03
3.389999999999999680e+00 2.204502638711301407e-03
3.450000000000000178e+00 1.807635042624931724e-03
3.509999999999999787e+00 1.433740070216903443e-03
3.569999999999999840e+00 1.161172994681999122e-03
3.629999999999999893e+00 9.540468525442982392e-04
3.689999999999999503e+00 7.657955147261079776e-04
3.750000000000000000e+00 6.063530887639995278e-04
3.809999999999999609e+00 4.604458843204812905e-04
3.870000000000000107e+00 3.892928390897273461e-04
3.929999999999999716e+00 3.101925078297094237e-04
3.989999999999999769e+00 2.487252174471227414e-04
4.049999999999999822e+00 1.911073937349556484e-04
4.109999999999999432e+00 1.542270195054050756e-04
4.169999999999999929e+00 1.244246968956631253e-04
4.230000000000000426e+00 9.412566890909586262e-05
4.290000000000000036e+00 7.587174631062891636e-05
4.349999999999999645e+00 6.183981941521073523e-05
4.410000000000000142e+00 4.979471402710743729e-05
4.469999999999999751e+00 3.725290326217458507e-05
4.529999999999999361e+00 3.067155701919086830e-05
4.589999999999999858e+00 2.483526884144972790e-05
4.650000000000000355e+00 1.788139356584406565e-05
4.709999999999999964e+00 1.378357420700459831e-05
4.769999999999999574e+00 1.105169463444529222e-05
4.830000000000000071e+00 8.319815061885782852e-06
4.889999999999999680e+00 8.071462373471161567e-06
4.949999999999999289e+00 5.215406456704519431e-06
5.009999999999999787e+00 3.601113982010210376e-06
5.070000000000000284e+00 1.986821507316007624e-06
5.129999999999999893e+00 2.359350539937723981e-06
5.189999999999999503e+00 1.986821507316007624e-06
5.250000000000000000e+00 1.117587097865254103e-06
5.309999999999999609e+00 8.692344094507404977e-07
5.369999999999999218e+00 9.934107536580038120e-07
5.429999999999999716e+00 3.725290326217458973e-07
5.490000000000000213e+00 4.967053768290019060e-07
5.549999999999999822e+00 6.208817210362431975e-07
5.609999999999999432e+00 1.241763442072504765e-07
5.669999999999999929e+00 1.241763442072486501e-07
5.730000000000000426e+00 1.241763442072504765e-07
5.789999999999999147e+00 0.000000000000000000e+00
5.849999999999999645e+00 1.241763442072486501e-07
5.910000000000000142e+00 0.000000000000000000e+00
5.969999999999999751e+00 1.241763442072486501e-07
