2.999999999999999889e-02 9.637512338440956672e-02
8.999999999999999667e-02 1.618698251386718745e-01
1.499999999999999944e-01 2.417478728424599099e-01
2.099999999999999922e-01 3.235243284964883781e-01
2.700000000000000178e-01 4.039249102567005756e-01
3.299999999999999600e-01 4.802924927097496632e-01
3.900000000000000133e-01 5.494053206051786598e-01
4.499999999999999556e-01 6.113961384549448930e-01
5.100000000000000089e-01 6.631288726860939953e-01
5.700000000000000622e-01 7.043716860639933630e-01
6.299999999999998934e-01 7.337413782905151116e-01
6.899999999999999467e-01 7.540162708909524669e-01
7.500000000000000000e-01 7.632061895966983922e-01
8.100000000000000533e-01 7.618260937071804628e-01
8.699999999999998845e-01 7.516448752456280635e-01
9.299999999999999378e-01 7.334268396106368160e-01
9.899999999999999911e-01 7.087895078618533518e-01
1.050000000000000044e+00 6.774781943173069365e-01
1.109999999999999876e+00 6.428719856555678014e-01
1.169999999999999929e+00 6.042219743447146962e-01
1.229999999999999982e+00 5.633706889801022299e-01
1.290000000000000036e+00 5.224631517315657669e-01
1.349999999999999867e+00 4.811409896697173005e-01
1.409999999999999920e+00 4.401177200683777380e-01
1.469999999999999973e+00 4.000855018701562349e-01
1.530000000000000027e+00 3.614382224388781872e-01
1.589999999999999858e+00 3.245410844028582820e-01
1.649999999999999911e+00 2.902261934446256908e-01
1.709999999999999964e+00 2.581457316240596822e-01
1.770000000000000018e+00 2.285603450876506348e-01
1.829999999999999849e+00 2.010788783511434086e-01
1.889999999999999902e+00 1.763208471957904144e-01
1.949999999999999956e+00 1.540811123009604433e-01
2.009999999999999787e+00 1.338521649478784381e-01
2.070000000000000284e+00 1.159778494336543148e-01
2.129999999999999893e+00 9.990496014484476217e-02
2.189999999999999947e+00 8.594133023874017674e-02
2.250000000000000000e+00 7.349091326314388661e-02
2.309999999999999609e+00 6.272060222467229496e-02
2.370000000000000107e+00 5.331784526495515070e-02
2.429999999999999716e+00 4.512208237093248003e-02
2.490000000000000213e+00 3.825227448035480732e-02
2.549999999999999822e+00 3.216477755828281437e-02
2.609999999999999876e+00 2.709167719204004510e-02
2.669999999999999929e+00 2.263871348876787468e-02
2.729999999999999538e+00 1.888486260338272105e-02
2.790000000000000036e+00 1.582714430362340899e-02
2.849999999999999645e+00 1.311997582356115924e-02
2.910000000000000142e+00 1.076372969222859875e-02
2.969999999999999751e+00 8.888170189322299949e-03
3.030000000000000249e+00 7.368003383537152264e-03
3.089999999999999858e+00 6.056328659675975015e-03
3.149999999999999911e+00 5.013744073711945068e-03
3.209999999999999964e+00 4.076461027635588236e-03
3.269999999999999574e+00 3.346925005417997374e-03
3.330000000000000071e+00 2.706050892964381900e-03
3.389999999999999680e+00 2.198542174189353424e-03
3.450000000000000178e+00 1.793106410352683514e-03
3.509999999999999787e+00 1.456712693895244413e-03
3.569999999999999840e+00 1.175949979642662048e-03
3.629999999999999893e+00 9.375313987647341434e-04
3.689999999999999503e+00 7.634361641861702342e-04
3.750000000000000000e+00 6.123135532859475113e-04
3.809999999999999609e+00 4.867712692924182718e-04
3.870000000000000107e+00 3.974884778074057692e-04
3.929999999999999716e+00 3.160287960074501033e-04
3.989999999999999769e+00 2.518296260523039285e-04
4.049999999999999822e+00 1.887480431950179320e-04
4.109999999999999432e+00 1.553446066032703225e-04
4.169999999999999929e+00 1.252939313051138728e-04
4.230000000000000426e+00 9.921689902159312562e-05
4.290000000000000036e+00 7.512668824538543198e-05
4.349999999999999645e+00 5.948046887527297822e-05
4.410000000000000142e+00 4.693865811034067488e-05
4.469999999999999751e+00 3.874301939266157417e-05
4.529999999999999361e+00 2.806385379083860520e-05
4.589999999999999858e+00 2.309680002254824288e-05
4.650000000000000355e+00 1.837809894267307105e-05
4.709999999999999964e+00 1.142422366706687348e-05
4.769999999999999574e+00 9.437402159751036532e-06
4.830000000000000071e+00 9.934107536580038544e-06
4.889999999999999680e+00 7.698933340849415988e-06
4.949999999999999289e+00 4.346172047253766757e-06
5.009999999999999787e+00 4.221995703046453574e-06
5.070000000000000284e+00 3.601113982010263739e-06
5.129999999999999893e+00 3.228584949388464373e-06
5.189999999999999503e+00 1.365939786279755321e-06
5.250000000000000000e+00 1.365939786279755321e-06
5.309999999999999609e+00 1.117587097865237586e-06
5.369999999999999218e+00 9.934107536580038120e-07
5.429999999999999716e+00 7.450580652434917946e-07
5.490000000000000213e+00 7.450580652435028061e-07
5.549999999999999822e+00 2.483526884144973002e-07
5.609999999999999432e+00 3.725290326217514030e-07
5.669999999999999929e+00 1.241763442072486501e-07
5.730000000000000426e+00 3.725290326217514030e-07
5.789999999999999147e+00 0.000000000000000000e+00
5.849999999999999645e+00 2.483526884144973002e-07
5.910000000000000142e+00 0.000000000000000000e+00
5.969999999999999751e+00 0.000000000000000000e+00
