2.999999999999999889e-02 9.611969407667032839e-02
8.999999999999999667e-02 1.619007474608886443e-01
1.499999999999999944e-01 2.413780792862244284e-01
2.099999999999999922e-01 3.233806612849880469e-01
2.700000000000000178e-01 4.037107120787015169e-01
3.299999999999999600e-01 4.797399151267092154e-01
3.900000000000000133e-01 5.499071254063748748e-01
4.499999999999999556e-01 6.107743966007470604e-01
5.100000000000000089e-01 6.634832818591328563e-01
5.700000000000000622e-01 7.041875430387460888e-01
6.299999999999998934e-01 7.347949013440667754e-01
6.899999999999999467e-01 7.543715506527415293e-01
7.500000000000000000e-01 7.628902963449865071e-01
8.100000000000000533e-01 7.622404815260683808e-01
8.699999999999998845e-01 7.516823877025191614e-01
9.299999999999999378e-01 7.335737511569347946e-01
9.899999999999999911e-01 7.083626001458941390e-01
1.050000000000000044e+00 6.780625782970660653e-01
1.109999999999999876e+00 6.427711640421083228e-01
1.169999999999999929e+00 6.047607845138680549e-01
1.229999999999999982e+00 5.642175800550928155e-01
1.290000000000000036e+00 5.225967732652314623e-01
1.349999999999999867e+00 4.807197906734494985e-01
1.409999999999999920e+00 4.396566598537310355e-01
1.469999999999999973e+00 4.002414733225433396e-01
1.530000000000000027e+00 3.609905720971897658e-01
1.589999999999999858e+00 3.245388540646683695e-01
1.649999999999999911e+00 2.901674623576478984e-01
1.709999999999999964e+00 2.579032190668803515e-01
1.770000000000000018e+00 2.282482933358224719e-01
1.829999999999999849e+00 2.008862838347169055e-01
1.889999999999999902e+00 1.765015264066896739e-01
1.949999999999999956e+00 1.536930635155178970e-01
2.009999999999999787e+00 1.340909580558999614e-01
2.070000000000000284e+00 1.159233377459396863e-01
2.129999999999999893e+00 9.997748061964237265e-02
2.189999999999999947e+00 8.585962348365991370e-02
2.250000000000000000e+00 7.338822052005419816e-02
2.309999999999999609e+00 6.295119863391111792e-02
2.370000000000000107e+00 5.338589469709255353e-02
2.429999999999999716e+00 4.519621632190031629e-02
2.490000000000000213e+00 3.824606623305525088e-02
2.549999999999999822e+00 3.215956263104093743e-02
2.609999999999999876e+00 2.716394822914303814e-02
2.669999999999999929e+00 2.263747206265042181e-02
2.729999999999999538e+00 1.890212339689111704e-02
2.790000000000000036e+00 1.575984095990300843e-02
2.849999999999999645e+00 1.300958324741881278e-02
2.910000000000000142e+00 1.085065329486100717e-02
2.969999999999999751e+00 8.933122159039220966e-03
3.030000000000000249e+00 7.377316719283282323e-03
3.089999999999999858e+00 6.050119932619424899e-03
3.149999999999999911e+00 4.971275838070848656e-03
3.209999999999999964e+00 4.084408374527280158e-03
3.269999999999999574e+00 3.302718276094554397e-03
3.330000000000000071e+00 2.720827918468540687e-03
3.389999999999999680e+00 2.219155480395750522e-03
3.450000000000000178e+00 1.765415111901202276e-03
3.509999999999999787e+00 1.446902784263403479e-03
3.569999999999999840e+00 1.173590646590587892e-03
3.629999999999999893e+00 9.380281181192713473e-04
3.689999999999999503e+00 7.403393751955382809e-04
3.750000000000000000e+00 5.972882245371585784e-04
3.809999999999999609e+00 4.909932723118346550e-04
3.870000000000000107e+00 4.041940064175573760e-04
3.929999999999999716e+00 3.062188693780941743e-04
3.989999999999999769e+00 2.440065200032276872e-04
4.049999999999999822e+00 1.964469794631554884e-04
4.109999999999999432e+00 1.511226131521262747e-04
4.169999999999999929e+00 1.213202900982951146e-04
4.230000000000000426e+00 9.847184242369444159e-05
4.290000000000000036e+00 8.133550666774136525e-05
4.349999999999999645e+00 6.357828918150257639e-05
4.410000000000000142e+00 5.153318361391322731e-05
4.469999999999999751e+00 3.948807804632328871e-05
4.529999999999999361e+00 3.029902843805982505e-05
4.589999999999999858e+00 2.235174229037166927e-05
4.650000000000000355e+00 2.110997882979577864e-05
4.709999999999999964e+00 1.415610345056872534e-05
4.769999999999999574e+00 1.341104537422320214e-05
4.830000000000000071e+00 9.437402300379290270e-06
4.889999999999999680e+00 7.202228071341982905e-06
4.949999999999999289e+00 5.215406534420133696e-06
5.009999999999999787e+00 3.104408651440510092e-06
5.070000000000000284e+00 3.228584997498178184e-06
5.129999999999999893e+00 3.476937689613371218e-06
5.189999999999999503e+00 2.483526921152444919e-06
5.250000000000000000e+00 6.208817302881112299e-07
5.309999999999999609e+00 9.934107684609631447e-07
5.369999999999999218e+00 8.692344224033556159e-07
5.429999999999999716e+00 7.450580763457224644e-07
5.490000000000000213e+00 4.967053842304888780e-07
5.549999999999999822e+00 2.483526921152407862e-07
5.609999999999999432e+00 3.725290381728667379e-07
5.669999999999999929e+00 2.483526921152407862e-07
5.730000000000000426e+00 4.967053842304888780e-07
5.789999999999999147e+00 1.241763460576222195e-07
5.849999999999999645e+00 2.483526921152407862e-07
5.910000000000000142e+00 0.000000000000000000e+00
5.969999999999999751e+00 1.241763460576203931e-07
