2.999999999999999889e-02 9.623082975546519424e-02
8.999999999999999667e-02 1.618884503841400146e-01
1.499999999999999944e-01 2.413660287857055664e-01
2.099999999999999922e-01 3.231378893057505475e-01
2.700000000000000178e-01 4.041188706954320642e-01
3.299999999999999600e-01 4.797145724296569824e-01
3.900000000000000133e-01 5.495826403299968188e-01
4.499999999999999556e-01 6.109464913606643677e-01
5.100000000000000089e-01 6.627086549997324161e-01
5.700000000000000622e-01 7.043797522783286080e-01
6.299999999999998934e-01 7.352275153001156527e-01
6.899999999999999467e-01 7.538297524054838883e-01
7.500000000000000000e-01 7.628541439771645560e-01
8.100000000000000533e-01 7.616358498732256344e-01
8.699999999999998845e-01 7.519055157899864339e-01
9.299999999999999378e-01 7.336563120285662931e-01
9.899999999999999911e-01 7.087002197901401956e-01
1.050000000000000044e+00 6.780280421177540262e-01
1.109999999999999876e+00 6.429160634676633901e-01
1.169999999999999929e+00 6.049140046040211161e-01
1.229999999999999982e+00 5.642749369144434146e-01
1.290000000000000036e+00 5.229149013757720121e-01
1.349999999999999867e+00 4.807803779840464919e-01
1.409999999999999920e+00 4.398917158444718423e-01
1.469999999999999973e+00 3.997042775154110439e-01
1.530000000000000027e+00 3.615582982699073189e-01
1.589999999999999858e+00 3.248183677593876051e-01
1.649999999999999911e+00 2.898667007684704866e-01
1.709999999999999964e+00 2.580770601828890620e-01
1.770000000000000018e+00 2.283822745084768957e-01
1.829999999999999849e+00 2.011112868785856489e-01
1.889999999999999902e+00 1.762236158053078761e-01
1.949999999999999956e+00 1.540267219146091437e-01
2.009999999999999787e+00 1.334832360347110725e-01
2.070000000000000284e+00 1.157744477192559768e-01
2.129999999999999893e+00 1.000143587589263083e-01
2.189999999999999947e+00 8.585676550865228851e-02
2.250000000000000000e+00 7.331930100917809223e-02
2.309999999999999609e+00 6.276369094848627261e-02
2.370000000000000107e+00 5.337186157703394801e-02
2.429999999999999716e+00 4.528810580571488581e-02
2.490000000000000213e+00 3.830802937348680437e-02
2.549999999999999822e+00 3.225294252236681619e-02
2.609999999999999876e+00 2.703666687011736444e-02
2.669999999999999929e+00 2.263921002546944242e-02
2.729999999999999538e+00 1.890237132708229989e-02
2.790000000000000036e+00 1.572370529174803300e-02
2.849999999999999645e+00 1.307452718416848673e-02
2.910000000000000142e+00 1.086642344792682936e-02
2.969999999999999751e+00 8.974721034367871136e-03
3.030000000000000249e+00 7.342547178268425678e-03
3.089999999999999858e+00 6.060550610224400142e-03
3.149999999999999911e+00 4.976739486058585731e-03
3.209999999999999964e+00 4.067520300547278721e-03
3.269999999999999574e+00 3.313273191452023331e-03
3.330000000000000071e+00 2.702077229817705876e-03
3.389999999999999680e+00 2.189353108406065160e-03
3.450000000000000178e+00 1.762683192888894008e-03
3.509999999999999787e+00 1.410767436027525554e-03
3.569999999999999840e+00 1.170610388120022979e-03
3.629999999999999893e+00 9.421259164810171990e-04
3.689999999999999503e+00 7.567306359608960871e-04
3.750000000000000000e+00 5.856156349182123485e-04
3.809999999999999609e+00 4.826734463373815831e-04
3.870000000000000107e+00 4.054357608159379705e-04
3.929999999999999716e+00 3.052254517873125364e-04
3.989999999999999769e+00 2.472350994745906201e-04
4.049999999999999822e+00 1.985579729080183661e-04
4.109999999999999432e+00 1.522401968638112152e-04
4.169999999999999929e+00 1.233071088790883255e-04
4.230000000000000426e+00 9.462237358093322705e-05
4.290000000000000036e+00 7.922450701395604617e-05
4.349999999999999645e+00 6.059805552164753296e-05
4.410000000000000142e+00 4.482765992482532619e-05
4.469999999999999751e+00 3.737707932790089498e-05
4.529999999999999361e+00 3.154079119364441353e-05
4.589999999999999858e+00 2.346932888030986547e-05
4.650000000000000355e+00 1.825392246246349749e-05
4.709999999999999964e+00 1.303851604461659080e-05
4.769999999999999574e+00 1.130004723866787940e-05
4.830000000000000071e+00 9.561578432718974876e-06
4.889999999999999680e+00 6.457169850667264063e-06
4.949999999999999289e+00 4.967053731282584835e-06
5.009999999999999787e+00 3.849466641743946242e-06
5.070000000000000284e+00 2.607703208923356784e-06
5.129999999999999893e+00 1.614292462666816016e-06
5.189999999999999503e+00 1.117587089538581419e-06
5.250000000000000000e+00 9.934107462565168400e-07
5.309999999999999609e+00 4.967053731282511143e-07
5.369999999999999218e+00 3.725290298461938415e-07
5.429999999999999716e+00 8.692344029744394501e-07
5.490000000000000213e+00 3.725290298461938415e-07
5.549999999999999822e+00 2.483526865641255572e-07
5.609999999999999432e+00 2.483526865641292100e-07
5.669999999999999929e+00 2.483526865641255572e-07
5.730000000000000426e+00 1.241763432820646050e-07
5.789999999999999147e+00 2.483526865641292100e-07
5.849999999999999645e+00 0.000000000000000000e+00
5.910000000000000142e+00 0.000000000000000000e+00
5.969999999999999751e+00 2.483526865641255572e-07
