2.999999999999999889e-02 9.619233652242527299e-02
8.999999999999999667e-02 1.620709920238106172e-01
1.499999999999999944e-01 2.415232396352773869e-01
2.099999999999999922e-01 3.235058286315078413e-01
2.700000000000000178e-01 4.035236994950527900e-01
3.299999999999999600e-01 4.801265966911106853e-01
3.900000000000000133e-01 5.497070732172391061e-01
4.499999999999999556e-01 6.107034873570525990e-01
5.100000000000000089e-01 6.634568273542839068e-01
5.700000000000000622e-01 7.040333107714854544e-01
6.299999999999998934e-01 7.343974073886491150e-01
6.899999999999999467e-01 7.538855188173871902e-01
7.500000000000000000e-01 7.632520163543816683e-01
8.100000000000000533e-01 7.617008054509887272e-01
8.699999999999998845e-01 7.516231499854207909e-01
9.299999999999999378e-01 7.333345820506592672e-01
9.899999999999999911e-01 7.086926555935434413e-01
1.050000000000000044e+00 6.780201049350708109e-01
1.109999999999999876e+00 6.429561820073371736e-01
1.169999999999999929e+00 6.048152934235621059e-01
1.229999999999999982e+00 5.643667116418482621e-01
1.290000000000000036e+00 5.227759558376081639e-01
1.349999999999999867e+00 4.813340874711780626e-01
1.409999999999999920e+00 4.397250777442016090e-01
1.469999999999999973e+00 3.996382216558584943e-01
1.530000000000000027e+00 3.611901207942282421e-01
1.589999999999999858e+00 3.245883980083733023e-01
1.649999999999999911e+00 2.901572777354308741e-01
1.709999999999999964e+00 2.579047072614932268e-01
1.770000000000000018e+00 2.281529242021784198e-01
1.829999999999999849e+00 2.010811150235102263e-01
1.889999999999999902e+00 1.761046574926075359e-01
1.949999999999999956e+00 1.539700997964058016e-01
2.009999999999999787e+00 1.337009191567834765e-01
2.070000000000000284e+00 1.161512004755615307e-01
2.129999999999999893e+00 9.994395226156632672e-02
2.189999999999999947e+00 8.607469627372522913e-02
2.250000000000000000e+00 7.370660812218890467e-02
2.309999999999999609e+00 6.277399852038416384e-02
2.370000000000000107e+00 5.319900889991232423e-02
2.429999999999999716e+00 4.525681404158688609e-02
2.490000000000000213e+00 3.824370659754233043e-02
2.549999999999999822e+00 3.218787459812371549e-02
2.609999999999999876e+00 2.705777725166761197e-02
2.669999999999999929e+00 2.265448405327125450e-02
2.729999999999999538e+00 1.892931787564332280e-02
2.790000000000000036e+00 1.582453671829704353e-02
2.849999999999999645e+00 1.309923847167548082e-02
2.910000000000000142e+00 1.083140588052181226e-02
2.969999999999999751e+00 8.934115503243331841e-03
3.030000000000000249e+00 7.321188956318128160e-03
3.089999999999999858e+00 6.070981513524767448e-03
3.149999999999999911e+00 4.938120716881596456e-03
3.209999999999999964e+00 4.069631359025305782e-03
3.269999999999999574e+00 3.316377649451952847e-03
3.330000000000000071e+00 2.671281536488951096e-03
3.389999999999999680e+00 2.193326784074206819e-03
3.450000000000000178e+00 1.759206281491212638e-03
3.509999999999999787e+00 1.432995022828304843e-03
3.569999999999999840e+00 1.164898293687385324e-03
3.629999999999999893e+00 9.379039347852847911e-04
3.689999999999999503e+00 7.386009008477259063e-04
3.750000000000000000e+00 6.022552738923118250e-04
3.809999999999999609e+00 4.791965158660682709e-04
3.870000000000000107e+00 3.864367860521390535e-04
3.929999999999999716e+00 3.221134392735374775e-04
3.989999999999999769e+00 2.476076321940780690e-04
4.049999999999999822e+00 1.952052145481870493e-04
4.109999999999999432e+00 1.531094335482940136e-04
4.169999999999999929e+00 1.308818677695859883e-04
4.230000000000000426e+00 9.462237499091649543e-05
4.290000000000000036e+00 7.798274474316888125e-05
4.349999999999999645e+00 5.823870586711265163e-05
4.410000000000000142e+00 5.327165206181519284e-05
4.469999999999999751e+00 4.147489927423312597e-05
4.529999999999999361e+00 2.669791420347381305e-05
4.589999999999999858e+00 2.334515288489768836e-05
4.650000000000000355e+00 1.812974638933570866e-05
4.709999999999999964e+00 1.490116141589214090e-05
4.769999999999999574e+00 1.067916568138952556e-05
4.830000000000000071e+00 7.450580707946180562e-06
4.889999999999999680e+00 4.470348424767641930e-06
4.949999999999999289e+00 4.470348424767707999e-06
5.009999999999999787e+00 5.463759185827118103e-06
5.070000000000000284e+00 2.980232283178472564e-06
5.129999999999999893e+00 2.731879592913559051e-06
5.189999999999999503e+00 1.614292486721672498e-06
5.250000000000000000e+00 1.365939796456799854e-06
5.309999999999999609e+00 1.614292486721648569e-06
5.369999999999999218e+00 6.208817256621818194e-07
5.429999999999999716e+00 1.117587106191910483e-06
5.490000000000000213e+00 4.967053805297453920e-07
5.549999999999999822e+00 3.725290353973035648e-07
5.609999999999999432e+00 3.725290353973090705e-07
5.669999999999999929e+00 1.241763451324345216e-07
5.730000000000000426e+00 1.241763451324363480e-07
5.789999999999999147e+00 2.483526902648726960e-07
5.849999999999999645e+00 2.483526902648690432e-07
5.910000000000000142e+00 0.000000000000000000e+00
5.969999999999999751e+00 0.000000000000000000e+00
