2.999999999999999889e-02 9.624511075202457633e-02
8.999999999999999667e-02 1.620110136420355174e-01
1.499999999999999944e-01 2.414928146314582469e-01
2.099999999999999922e-01 3.235494121180182980e-01
2.700000000000000178e-01 4.037347962737192764e-01
3.299999999999999600e-01 4.796630428209631147e-01
3.900000000000000133e-01 5.498521070916362330e-01
4.499999999999999556e-01 6.110207533664064883e-01
5.100000000000000089e-01 6.629054794428651531e-01
5.700000000000000622e-01 7.044818304813050824e-01
6.299999999999998934e-01 7.346522117752752878e-01
6.899999999999999467e-01 7.537261949508844427e-01
7.500000000000000000e-01 7.636354672186229653e-01
8.100000000000000533e-01 7.619152523223212681e-01
8.699999999999998845e-01 7.515780683724445632e-01
9.299999999999999378e-01 7.334590012837864936e-01
9.899999999999999911e-01 7.081841481838430097e-01
1.050000000000000044e+00 6.780465494447435182e-01
1.109999999999999876e+00 6.424079386572653094e-01
1.169999999999999929e+00 6.047883426506440729e-01
1.229999999999999982e+00 5.644907596048516218e-01
1.290000000000000036e+00 5.231702118354818465e-01
1.349999999999999867e+00 4.812479055020797425e-01
1.409999999999999920e+00 4.395746969151594352e-01
1.469999999999999973e+00 3.996624330654421353e-01
1.530000000000000027e+00 3.613899178409815671e-01
1.589999999999999858e+00 3.245205953060640858e-01
1.649999999999999911e+00 2.900419157498221878e-01
1.709999999999999964e+00 2.576683977569269590e-01
1.770000000000000018e+00 2.282734977325318881e-01
1.829999999999999849e+00 2.009281282692758075e-01
1.889999999999999902e+00 1.760451757116503202e-01
1.949999999999999956e+00 1.540491989804991524e-01
2.009999999999999787e+00 1.336593190853245794e-01
2.070000000000000284e+00 1.158462225087946301e-01
2.129999999999999893e+00 1.001308369149577493e-01
2.189999999999999947e+00 8.574475908586011441e-02
2.250000000000000000e+00 7.372833843326813408e-02
2.309999999999999609e+00 6.296647138620264927e-02
2.370000000000000107e+00 5.323377787992684962e-02
2.429999999999999716e+00 4.534522726147290766e-02
2.490000000000000213e+00 3.824767995561914602e-02
2.549999999999999822e+00 3.223866248308612792e-02
2.609999999999999876e+00 2.707615514901413542e-02
2.669999999999999929e+00 2.268676973397608029e-02
2.729999999999999538e+00 1.886673285712845913e-02
2.790000000000000036e+00 1.580963543909018679e-02
2.849999999999999645e+00 1.312568793539469099e-02
2.910000000000000142e+00 1.081253099550204787e-02
2.969999999999999751e+00 8.986021148557614413e-03
3.030000000000000249e+00 7.375826493222208992e-03
3.089999999999999858e+00 6.080418870452181448e-03
3.149999999999999911e+00 4.960348245702827716e-03
3.209999999999999964e+00 4.036352068456646597e-03
3.269999999999999574e+00 3.342951362403364952e-03
3.330000000000000071e+00 2.727036695135407526e-03
3.389999999999999680e+00 2.191339946225332944e-03
3.450000000000000178e+00 1.764794203873430592e-03
3.509999999999999787e+00 1.438210418608364431e-03
3.569999999999999840e+00 1.163159816189315117e-03
3.629999999999999893e+00 9.370346933879051448e-04
3.689999999999999503e+00 7.643053985956209818e-04
3.750000000000000000e+00 6.241103059856363371e-04
3.809999999999999609e+00 4.865229166040037183e-04
3.870000000000000107e+00 3.834565509119866123e-04
3.929999999999999716e+00 3.015001637352018936e-04
3.989999999999999769e+00 2.397845206642006577e-04
4.049999999999999822e+00 1.957019184706238586e-04
4.109999999999999432e+00 1.554687829474775992e-04
4.169999999999999929e+00 1.234312861420051551e-04
4.230000000000000426e+00 9.201467105757259136e-05
4.290000000000000036e+00 8.021791835788261366e-05
4.349999999999999645e+00 5.885958715423672316e-05
4.410000000000000142e+00 5.078812478076544132e-05
4.469999999999999751e+00 3.737707960638184151e-05
4.529999999999999361e+00 2.930561723291111192e-05
4.589999999999999858e+00 2.607703228352221091e-05
4.650000000000000355e+00 1.788139356584406565e-05
4.709999999999999964e+00 1.365939786279734865e-05
4.769999999999999574e+00 1.043081291340903886e-05
4.830000000000000071e+00 9.934107536580038544e-06
4.889999999999999680e+00 9.313225815543646268e-06
4.949999999999999289e+00 5.091230112497269775e-06
5.009999999999999787e+00 4.221995703046453574e-06
5.070000000000000284e+00 3.228584949388512230e-06
5.129999999999999893e+00 2.483526884144972790e-06
5.189999999999999503e+00 1.862645163108756909e-06
5.250000000000000000e+00 9.934107536580038120e-07
5.309999999999999609e+00 1.117587097865237586e-06
5.369999999999999218e+00 8.692344094507533090e-07
5.429999999999999716e+00 6.208817210362431975e-07
5.490000000000000213e+00 3.725290326217514030e-07
5.549999999999999822e+00 4.967053768289946003e-07
5.609999999999999432e+00 0.000000000000000000e+00
5.669999999999999929e+00 2.483526884144973002e-07
5.730000000000000426e+00 1.241763442072504765e-07
5.789999999999999147e+00 0.000000000000000000e+00
5.849999999999999645e+00 1.241763442072486501e-07
5.910000000000000142e+00 0.000000000000000000e+00
5.969999999999999751e+00 0.000000000000000000e+00
