2.999999999999999889e-02 9.621903730417954992e-02
8.999999999999999667e-02 1.615439924294548024e-01
1.499999999999999944e-01 2.413939792540958085e-01
2.099999999999999922e-01 3.232468064090672222e-01
2.700000000000000178e-01 4.031595022898690206e-01
3.299999999999999600e-01 4.801323231120452895e-01
3.900000000000000133e-01 5.500734098288451168e-01
4.499999999999999556e-01 6.109872485145193544e-01
5.100000000000000089e-01 6.629247514720889578e-01
5.700000000000000622e-01 7.043583012582106395e-01
6.299999999999998934e-01 7.344749153170703204e-01
6.899999999999999467e-01 7.538798291728810996e-01
7.500000000000000000e-01 7.631754222938352816e-01
8.100000000000000533e-01 7.617793076039052202e-01
8.699999999999998845e-01 7.517930456307410081e-01
9.299999999999999378e-01 7.339526295938766376e-01
9.899999999999999911e-01 7.090095747564536532e-01
1.050000000000000044e+00 6.777521525808635205e-01
1.109999999999999876e+00 6.426073898050530531e-01
1.169999999999999929e+00 6.049448273802963127e-01
1.229999999999999982e+00 5.643356843740793272e-01
1.290000000000000036e+00 5.230915035199315000e-01
1.349999999999999867e+00 4.810790435955489830e-01
1.409999999999999920e+00 4.398758409365142175e-01
1.469999999999999973e+00 3.998189101535584156e-01
1.530000000000000027e+00 3.612846297599951462e-01
1.589999999999999858e+00 3.247793909063672046e-01
1.649999999999999911e+00 2.899357557764736248e-01
1.709999999999999964e+00 2.581801380893647413e-01
1.770000000000000018e+00 2.282182477611519600e-01
1.829999999999999849e+00 2.010156800803595822e-01
1.889999999999999902e+00 1.764683752666679484e-01
1.949999999999999956e+00 1.540608772960695982e-01
2.009999999999999787e+00 1.338357786562144047e-01
2.070000000000000284e+00 1.159823241027240770e-01
2.129999999999999893e+00 9.980338761324916708e-02
2.189999999999999947e+00 8.571868524684647661e-02
2.250000000000000000e+00 7.330328553780693368e-02
2.309999999999999609e+00 6.275500140982370745e-02
2.370000000000000107e+00 5.319180825713408500e-02
2.429999999999999716e+00 4.527320666839108887e-02
2.490000000000000213e+00 3.822284611068967747e-02
2.549999999999999822e+00 3.223754609693044865e-02
2.609999999999999876e+00 2.700078111393782246e-02
2.669999999999999929e+00 2.268242440691498746e-02
2.729999999999999538e+00 1.900009895861589498e-02
2.790000000000000036e+00 1.577275565244157240e-02
2.849999999999999645e+00 1.301604070834499680e-02
2.910000000000000142e+00 1.082532156223004957e-02
2.969999999999999751e+00 8.885562817106959846e-03
3.030000000000000249e+00 7.358938784551857272e-03
3.089999999999999858e+00 6.055708003547643006e-03
3.149999999999999911e+00 4.935637337072404374e-03
3.209999999999999964e+00 4.055227023845128786e-03
3.269999999999999574e+00 3.351643831356335840e-03
3.330000000000000071e+00 2.710148813284132645e-03
3.389999999999999680e+00 2.204875249881927454e-03
3.450000000000000178e+00 1.786649307011780327e-03
3.509999999999999787e+00 1.423309310325898431e-03
3.569999999999999840e+00 1.145278465288419130e-03
3.629999999999999893e+00 9.182840996213591277e-04
3.689999999999999503e+00 7.381042174644164349e-04
3.750000000000000000e+00 6.041179370734160855e-04
3.809999999999999609e+00 4.741052998450776424e-04
3.870000000000000107e+00 3.818422726620256287e-04
3.929999999999999716e+00 3.062188762226195548e-04
3.989999999999999769e+00 2.376735316667064957e-04
4.049999999999999822e+00 1.969436892494205466e-04
4.109999999999999432e+00 1.563380231809736131e-04
4.169999999999999929e+00 1.306335189725034071e-04
4.230000000000000426e+00 8.878608941572368595e-05
4.290000000000000036e+00 7.649263088123773907e-05
4.349999999999999645e+00 5.724529681209597015e-05
4.410000000000000142e+00 4.855295239377336859e-05
4.469999999999999751e+00 3.613531751045484362e-05
4.529999999999999361e+00 3.116826355712817224e-05
4.589999999999999858e+00 2.222756644113888644e-05
4.650000000000000355e+00 1.726051248781201855e-05
4.709999999999999964e+00 1.130004774381920991e-05
4.769999999999999574e+00 1.266598758098435879e-05
4.830000000000000071e+00 7.698933627657158867e-06
4.889999999999999680e+00 5.960464743992551141e-06
4.949999999999999289e+00 4.594524906827659761e-06
5.009999999999999787e+00 3.476937767328988024e-06
5.070000000000000284e+00 1.862645232497699760e-06
5.129999999999999893e+00 2.731879674329919132e-06
5.189999999999999503e+00 2.110997930164059799e-06
5.250000000000000000e+00 6.208817441658999906e-07
5.309999999999999609e+00 1.241763488331781558e-06
5.369999999999999218e+00 3.725290464995399520e-07
5.429999999999999716e+00 4.967053953327125598e-07
5.490000000000000213e+00 4.967053953327198654e-07
5.549999999999999822e+00 4.967053953327125598e-07
5.609999999999999432e+00 4.967053953327198654e-07
5.669999999999999929e+00 3.725290464995344463e-07
5.730000000000000426e+00 2.483526976663599327e-07
5.789999999999999147e+00 1.241763488331799664e-07
5.849999999999999645e+00 0.000000000000000000e+00
5.910000000000000142e+00 2.483526976663599327e-07
5.969999999999999751e+00 1.241763488331781399e-07
