2.999999999999999889e-02 9.605822535399267947e-02
8.999999999999999667e-02 1.619849366097519949e-01
1.499999999999999944e-01 2.416082986315709891e-01
2.099999999999999922e-01 3.231018805734953148e-01
2.700000000000000178e-01 4.033383012066654727e-01
3.299999999999999600e-01 4.796660230532240887e-01
3.900000000000000133e-01 5.495987873494534437e-01
4.499999999999999556e-01 6.109175628243702638e-01
5.100000000000000089e-01 6.630676537483998212e-01
5.700000000000000622e-01 7.039650085367145094e-01
6.299999999999998934e-01 7.346785371602473358e-01
6.899999999999999467e-01 7.539184199317172652e-01
7.500000000000000000e-01 7.631789949773170045e-01
8.100000000000000533e-01 7.623661366281377916e-01
8.699999999999998845e-01 7.519954250653251293e-01
9.299999999999999378e-01 7.337036286818747755e-01
9.899999999999999911e-01 7.086598677585009831e-01
1.050000000000000044e+00 6.779905459135060486e-01
1.109999999999999876e+00 6.429232704857252845e-01
1.169999999999999929e+00 6.046790674677415822e-01
1.229999999999999982e+00 5.644634408091259159e-01
1.290000000000000036e+00 5.229829539084173140e-01
1.349999999999999867e+00 4.810140814459375469e-01
1.409999999999999920e+00 4.401166024812798727e-01
1.469999999999999973e+00 3.997406641622927026e-01
1.530000000000000027e+00 3.614567247141650119e-01
1.589999999999999858e+00 3.246989125363456408e-01
1.649999999999999911e+00 2.901454788208910340e-01
1.709999999999999964e+00 2.580543378347230909e-01
1.770000000000000018e+00 2.283557024723970874e-01
1.829999999999999849e+00 2.010547881403672021e-01
1.889999999999999902e+00 1.763101680301885632e-01
1.949999999999999956e+00 1.536592852596883885e-01
2.009999999999999787e+00 1.337281127800153957e-01
2.070000000000000284e+00 1.156913746075681898e-01
2.129999999999999893e+00 1.000820356116843002e-01
2.189999999999999947e+00 8.588545088384691439e-02
2.250000000000000000e+00 7.346856152118658168e-02
2.309999999999999609e+00 6.274096714512228390e-02
2.370000000000000107e+00 5.336515645209811282e-02
2.429999999999999716e+00 4.539576703356525827e-02
2.490000000000000213e+00 3.814523447164816505e-02
2.549999999999999822e+00 3.207884752809139761e-02
2.609999999999999876e+00 2.701791644358093533e-02
2.669999999999999929e+00 2.254284935103987447e-02
2.729999999999999538e+00 1.887430761412510483e-02
2.790000000000000036e+00 1.578653863906763835e-02
2.849999999999999645e+00 1.308172950954532461e-02
2.910000000000000142e+00 1.082892227293740482e-02
2.969999999999999751e+00 8.873889909738467974e-03
3.030000000000000249e+00 7.348259344808199568e-03
3.089999999999999858e+00 6.069739704850357978e-03
3.149999999999999911e+00 4.926944809111077558e-03
3.209999999999999964e+00 4.030639956623113980e-03
3.269999999999999574e+00 3.305201753764361490e-03
3.330000000000000071e+00 2.717599292975656118e-03
3.389999999999999680e+00 2.181157486000338472e-03
3.450000000000000178e+00 1.780316246899336799e-03
3.509999999999999787e+00 1.447523644423908155e-03
3.569999999999999840e+00 1.147141067786579911e-03
3.629999999999999893e+00 9.386489858625993903e-04
3.689999999999999503e+00 7.552405254684917569e-04
3.750000000000000000e+00 6.062289124197923866e-04
3.809999999999999609e+00 4.760921036905947472e-04
3.870000000000000107e+00 3.837049036004011116e-04
3.929999999999999716e+00 3.173947357937298495e-04
3.989999999999999769e+00 2.528230368059619800e-04
4.049999999999999822e+00 2.009173249273282899e-04
4.109999999999999432e+00 1.572072517663790944e-04
4.169999999999999929e+00 1.246730495840776246e-04
4.230000000000000426e+00 9.983778074262937390e-05
4.290000000000000036e+00 7.736186244111589868e-05
4.349999999999999645e+00 5.997717425210197684e-05
4.410000000000000142e+00 4.743536348716968028e-05
4.469999999999999751e+00 4.072984089997755511e-05
4.529999999999999361e+00 3.265837852650687635e-05
4.589999999999999858e+00 1.999239141736703198e-05
4.650000000000000355e+00 1.825392259846581801e-05
4.709999999999999964e+00 1.403192689541909592e-05
4.769999999999999574e+00 9.313225815543785182e-06
4.830000000000000071e+00 8.816520438714783170e-06
4.889999999999999680e+00 8.195638717678409529e-06
4.949999999999999289e+00 3.973643014632015248e-06
5.009999999999999787e+00 4.470348391460950344e-06
5.070000000000000284e+00 2.856055916766760721e-06
5.129999999999999893e+00 2.359350539937723981e-06
5.189999999999999503e+00 2.483526884145009636e-06
5.250000000000000000e+00 9.934107536580038120e-07
5.309999999999999609e+00 3.725290326217458973e-07
5.369999999999999218e+00 8.692344094507533090e-07
5.429999999999999716e+00 4.967053768289946003e-07
5.490000000000000213e+00 6.208817210362524090e-07
5.549999999999999822e+00 3.725290326217458973e-07
5.609999999999999432e+00 6.208817210362524090e-07
5.669999999999999929e+00 0.000000000000000000e+00
5.730000000000000426e+00 1.241763442072504765e-07
5.789999999999999147e+00 3.725290326217514030e-07
5.849999999999999645e+00 0.000000000000000000e+00
5.910000000000000142e+00 1.241763442072504765e-07
5.969999999999999751e+00 1.241763442072486501e-07
