2.999999999999999889e-02 9.626100675848389687e-02
8.999999999999999667e-02 1.618290977092134153e-01
1.499999999999999944e-01 2.413322582145291662e-01
2.099999999999999922e-01 3.231721691999572821e-01
2.700000000000000178e-01 4.038125366824687479e-01
3.299999999999999600e-01 4.800583032780009751e-01
3.900000000000000133e-01 5.493581417804540568e-01
4.499999999999999556e-01 6.107583778521056272e-01
5.100000000000000089e-01 6.630438217704349713e-01
5.700000000000000622e-01 7.043219018451803981e-01
6.299999999999998934e-01 7.348799621411162830e-01
6.899999999999999467e-01 7.545806636195026007e-01
7.500000000000000000e-01 7.632173768405022818e-01
8.100000000000000533e-01 7.618418754552234162e-01
8.699999999999998845e-01 7.516509710869665462e-01
9.299999999999999378e-01 7.332882697373482861e-01
9.899999999999999911e-01 7.081813026806500488e-01
1.050000000000000044e+00 6.781752062429403649e-01
1.109999999999999876e+00 6.427499298869324695e-01
1.169999999999999929e+00 6.047550724019493673e-01
1.229999999999999982e+00 5.646747973612770144e-01
1.290000000000000036e+00 5.228662359361765377e-01
1.349999999999999867e+00 4.812806952285917372e-01
1.409999999999999920e+00 4.401573388810353649e-01
1.469999999999999973e+00 3.993877609433971743e-01
1.530000000000000027e+00 3.614684026768195113e-01
1.589999999999999858e+00 3.247115833620344838e-01
1.649999999999999911e+00 2.899999484668161487e-01
1.709999999999999964e+00 2.576496509682306701e-01
1.770000000000000018e+00 2.282752396029169573e-01
1.829999999999999849e+00 2.011644388498859681e-01
1.889999999999999902e+00 1.760780850666331665e-01
1.949999999999999956e+00 1.540501946867796346e-01
2.009999999999999787e+00 1.338176459182271461e-01
2.070000000000000284e+00 1.157928284062331309e-01
2.129999999999999893e+00 1.001191658304941140e-01
2.189999999999999947e+00 8.593512270206295212e-02
2.250000000000000000e+00 7.354443436339469509e-02
2.309999999999999609e+00 6.255358597383461894e-02
2.370000000000000107e+00 5.329561849350866742e-02
2.429999999999999716e+00 4.524129233551923285e-02
2.490000000000000213e+00 3.821539467557901609e-02
2.549999999999999822e+00 3.210244151185443623e-02
2.609999999999999876e+00 2.704002023577753086e-02
2.669999999999999929e+00 2.269322724203029495e-02
2.729999999999999538e+00 1.886102102634604552e-02
2.790000000000000036e+00 1.573413645626908081e-02
2.849999999999999645e+00 1.310656497368981564e-02
2.910000000000000142e+00 1.086195334235225129e-02
2.969999999999999751e+00 8.960440955171896510e-03
3.030000000000000249e+00 7.391969528118081355e-03
3.089999999999999858e+00 6.030375893596263102e-03
3.149999999999999911e+00 4.981582474793631518e-03
3.209999999999999964e+00 4.095335892980350549e-03
3.269999999999999574e+00 3.309796327819838815e-03
3.330000000000000071e+00 2.673640906966644713e-03
3.389999999999999680e+00 2.190098215418267557e-03
3.450000000000000178e+00 1.804903189947525870e-03
3.509999999999999787e+00 1.447275313301576343e-03
3.569999999999999840e+00 1.172224706783953985e-03
3.629999999999999893e+00 9.360412965823494778e-04
3.689999999999999503e+00 7.644295863307168978e-04
3.750000000000000000e+00 5.954255793462942580e-04
3.809999999999999609e+00 4.944702100014480893e-04
3.870000000000000107e+00 3.892928448906428666e-04
3.929999999999999716e+00 3.067155747623246417e-04
3.989999999999999769e+00 2.433856382729395623e-04
4.049999999999999822e+00 1.970678611934435862e-04
4.109999999999999432e+00 1.548479035338549427e-04
4.169999999999999929e+00 1.241763460576203969e-04
4.230000000000000426e+00 9.251137781292856192e-05
4.290000000000000036e+00 7.872780340053133017e-05
4.349999999999999645e+00 6.370246552756020678e-05
4.410000000000000142e+00 4.669030611766596025e-05
4.469999999999999751e+00 3.973643073843852918e-05
4.529999999999999361e+00 3.017485209200220143e-05
4.589999999999999858e+00 2.173086056008356810e-05
4.650000000000000355e+00 1.788139383229760173e-05
4.709999999999999964e+00 1.365939806633824271e-05
4.769999999999999574e+00 1.266598729787746888e-05
4.830000000000000071e+00 8.940696916148800863e-06
4.889999999999999680e+00 5.960464610765779715e-06
4.949999999999999289e+00 5.091230188362511767e-06
5.009999999999999787e+00 4.346172112016714129e-06
5.070000000000000284e+00 3.973643073843911024e-06
5.129999999999999893e+00 2.359350575094787416e-06
5.189999999999999503e+00 9.934107684609777560e-07
5.250000000000000000e+00 1.490116152691466952e-06
5.309999999999999609e+00 1.117587114518583591e-06
5.369999999999999218e+00 1.365939806633844600e-06
5.429999999999999716e+00 4.967053842304815724e-07
5.490000000000000213e+00 6.208817302881112299e-07
5.549999999999999822e+00 6.208817302881020184e-07
5.609999999999999432e+00 1.241763460576222195e-07
5.669999999999999929e+00 2.483526921152407862e-07
5.730000000000000426e+00 2.483526921152444390e-07
5.789999999999999147e+00 2.483526921152444390e-07
5.849999999999999645e+00 1.241763460576203931e-07
5.910000000000000142e+00 2.483526921152444390e-07
5.969999999999999751e+00 0.000000000000000000e+00
