2.999999999999999889e-02 9.626746392847888856e-02
8.999999999999999667e-02 1.617706106502202756e-01
1.499999999999999944e-01 2.420586898389662511e-01
2.099999999999999922e-01 3.233026785396638236e-01
2.700000000000000178e-01 4.036565711918204125e-01
3.299999999999999600e-01 4.797097402746172135e-01
3.900000000000000133e-01 5.498589449841044807e-01
4.499999999999999556e-01 6.111112870276014242e-01
5.100000000000000089e-01 6.626336672994066479e-01
5.700000000000000622e-01 7.037126926914217817e-01
6.299999999999998934e-01 7.345881477278808358e-01
6.899999999999999467e-01 7.546287198654269002e-01
7.500000000000000000e-01 7.634724350553045991e-01
8.100000000000000533e-01 7.614401649757269741e-01
8.699999999999998845e-01 7.518657961656461941e-01
9.299999999999999378e-01 7.333467567963414258e-01
9.899999999999999911e-01 7.081325013766494036e-01
1.050000000000000044e+00 6.773782424539425140e-01
1.109999999999999876e+00 6.428775831706796673e-01
1.169999999999999929e+00 6.050908452416892125e-01
1.229999999999999982e+00 5.641513940626441403e-01
1.290000000000000036e+00 5.227933444210407510e-01
1.349999999999999867e+00 4.814336804869347453e-01
1.409999999999999920e+00 4.400131701432624665e-01
1.469999999999999973e+00 4.001488377683843356e-01
1.530000000000000027e+00 3.613526703222937897e-01
1.589999999999999858e+00 3.246846370949399985e-01
1.649999999999999911e+00 2.899383569991715870e-01
1.709999999999999964e+00 2.578947750753484147e-01
1.770000000000000018e+00 2.282201053052673734e-01
1.829999999999999849e+00 2.013500824872421213e-01
1.889999999999999902e+00 1.763947347490801010e-01
1.949999999999999956e+00 1.538662895182682788e-01
2.009999999999999787e+00 1.337830007176770697e-01
2.070000000000000284e+00 1.160143590075999181e-01
2.129999999999999893e+00 9.989068135374809532e-02
2.189999999999999947e+00 8.588197522595028555e-02
2.250000000000000000e+00 7.334699397316307712e-02
2.309999999999999609e+00 6.275152306945046277e-02
2.370000000000000107e+00 5.338825404766765065e-02
2.429999999999999716e+00 4.520168008112684932e-02
2.490000000000000213e+00 3.815293397351203486e-02
2.549999999999999822e+00 3.226772022845712795e-02
2.609999999999999876e+00 2.712744038340209746e-02
2.669999999999999929e+00 2.263312589053840737e-02
2.729999999999999538e+00 1.884264292712951872e-02
2.790000000000000036e+00 1.577213441816271294e-02
2.849999999999999645e+00 1.307204394948579575e-02
2.910000000000000142e+00 1.083413784083534469e-02
2.969999999999999751e+00 8.954356314215074220e-03
3.030000000000000249e+00 7.319078012982258193e-03
3.089999999999999858e+00 6.046518818583754458e-03
3.149999999999999911e+00 5.003437511699773167e-03
3.209999999999999964e+00 4.079565497031032925e-03
3.269999999999999574e+00 3.245845509600163523e-03
3.330000000000000071e+00 2.683575014651254278e-03
3.389999999999999680e+00 2.192209213301246976e-03
3.450000000000000178e+00 1.772865692664659558e-03
3.509999999999999787e+00 1.408656469677656243e-03
3.569999999999999840e+00 1.172473059476069300e-03
3.629999999999999893e+00 9.433677009997491021e-04
3.689999999999999503e+00 7.571031819133170566e-04
3.750000000000000000e+00 6.003926331885990402e-04
3.809999999999999609e+00 4.880130400064517423e-04
3.870000000000000107e+00 3.859400835470870898e-04
3.929999999999999716e+00 3.124276866809752606e-04
3.989999999999999769e+00 2.489735738455325508e-04
4.049999999999999822e+00 1.980612719619045481e-04
4.109999999999999432e+00 1.542270218035668179e-04
4.169999999999999929e+00 1.246730514418508643e-04
4.230000000000000426e+00 1.055498941489789000e-04
4.290000000000000036e+00 7.649262917149417273e-05
4.349999999999999645e+00 5.960464610765866790e-05
4.410000000000000142e+00 4.731118784795406481e-05
4.469999999999999751e+00 3.948807804632328871e-05
4.529999999999999361e+00 3.191332093680891182e-05
4.589999999999999858e+00 2.197921325219880857e-05
4.650000000000000355e+00 1.986821536921955936e-05
4.709999999999999964e+00 1.465280883479920628e-05
4.769999999999999574e+00 1.105169479912837873e-05
4.830000000000000071e+00 9.313225954321668342e-06
4.889999999999999680e+00 6.084640956823399950e-06
4.949999999999999289e+00 6.457169994996356367e-06
5.009999999999999787e+00 4.097819419901472813e-06
5.070000000000000284e+00 3.601114035671044816e-06
5.129999999999999893e+00 2.483526921152408074e-06
5.189999999999999503e+00 1.986821536921955512e-06
5.250000000000000000e+00 1.365939806633844600e-06
5.309999999999999609e+00 1.365939806633824271e-06
5.369999999999999218e+00 3.725290381728667379e-07
5.429999999999999716e+00 8.692344224033428046e-07
5.490000000000000213e+00 6.208817302881112299e-07
5.549999999999999822e+00 4.967053842304815724e-07
5.609999999999999432e+00 2.483526921152444390e-07
5.669999999999999929e+00 2.483526921152407862e-07
5.730000000000000426e+00 3.725290381728667379e-07
5.789999999999999147e+00 2.483526921152444390e-07
5.849999999999999645e+00 3.725290381728612322e-07
5.910000000000000142e+00 0.000000000000000000e+00
5.969999999999999751e+00 1.241763460576203931e-07
