2.999999999999999889e-02 9.611410542499183862e-02
8.999999999999999667e-02 1.618036403527405021e-01
1.499999999999999944e-01 2.415472056698879655e-01
2.099999999999999922e-01 3.233554510775524249e-01
2.700000000000000178e-01 4.036277592722737895e-01
3.299999999999999600e-01 4.796563408720941890e-01
3.900000000000000133e-01 5.500427218781320793e-01
4.499999999999999556e-01 6.103944124340178190e-01
5.100000000000000089e-01 6.627800662733122072e-01
5.700000000000000622e-01 7.039440279793353072e-01
6.299999999999998934e-01 7.342534870046407702e-01
6.899999999999999467e-01 7.537026070610071127e-01
7.500000000000000000e-01 7.633928323297618501e-01
8.100000000000000533e-01 7.624941681200397836e-01
8.699999999999998845e-01 7.521266850649327429e-01
9.299999999999999378e-01 7.339306285072949576e-01
9.899999999999999911e-01 7.084199643396326129e-01
1.050000000000000044e+00 6.783901504435655427e-01
1.109999999999999876e+00 6.427113062547359368e-01
1.169999999999999929e+00 6.048739046584645784e-01
1.229999999999999982e+00 5.645719751403521780e-01
1.290000000000000036e+00 5.229444631379529529e-01
1.349999999999999867e+00 4.811223668027272415e-01
1.409999999999999920e+00 4.402216589483862186e-01
1.469999999999999973e+00 3.997779200441324843e-01
1.530000000000000027e+00 3.611023281182195732e-01
1.589999999999999858e+00 3.245148856120548264e-01
1.649999999999999911e+00 2.901155544834663758e-01
1.709999999999999964e+00 2.582302976384304727e-01
1.770000000000000018e+00 2.282278025382932785e-01
1.829999999999999849e+00 2.007566422336791723e-01
1.889999999999999902e+00 1.763892696756510781e-01
1.949999999999999956e+00 1.539311084240342076e-01
2.009999999999999787e+00 1.338377614891194389e-01
2.070000000000000284e+00 1.159381138673142714e-01
2.129999999999999893e+00 9.970143585952268017e-02
2.189999999999999947e+00 8.585552502456648971e-02
2.250000000000000000e+00 7.355163604346362516e-02
2.309999999999999609e+00 6.273426208994177522e-02
2.370000000000000107e+00 5.327562570485903926e-02
2.429999999999999716e+00 4.515436855685262679e-02
2.490000000000000213e+00 3.826580998697590164e-02
2.549999999999999822e+00 3.220203070146881313e-02
2.609999999999999876e+00 2.701456388356152441e-02
2.669999999999999929e+00 2.264156971337747890e-02
2.729999999999999538e+00 1.885071424917449112e-02
2.790000000000000036e+00 1.570594830869556299e-02
2.849999999999999645e+00 1.308793842426842977e-02
2.910000000000000142e+00 1.078161116612370678e-02
2.969999999999999751e+00 8.926664922535385710e-03
3.030000000000000249e+00 7.359311094273785284e-03
3.089999999999999858e+00 6.035963784197420634e-03
3.149999999999999911e+00 4.942218536270966828e-03
3.209999999999999964e+00 4.085774283892522687e-03
3.269999999999999574e+00 3.319357881735131299e-03
3.330000000000000071e+00 2.662961721365077628e-03
3.389999999999999680e+00 2.189477317375101463e-03
3.450000000000000178e+00 1.787766840871672950e-03
3.509999999999999787e+00 1.465901754288400326e-03
3.569999999999999840e+00 1.146396018262652505e-03
3.629999999999999893e+00 9.627392038117719292e-04
3.689999999999999503e+00 7.636845225644779515e-04
3.750000000000000000e+00 6.036212136887686517e-04
3.809999999999999609e+00 4.747261674413006467e-04
3.870000000000000107e+00 3.762543257512793778e-04
3.929999999999999716e+00 3.145386822204589475e-04
3.989999999999999769e+00 2.458691633622239899e-04
4.049999999999999822e+00 1.929700403358032372e-04
4.109999999999999432e+00 1.625468357783591846e-04
4.169999999999999929e+00 1.279016354864075632e-04
4.230000000000000426e+00 1.015762503183329201e-04
4.290000000000000036e+00 7.761021570777157472e-05
4.349999999999999645e+00 5.749364779631803180e-05
4.410000000000000142e+00 4.619360038926632135e-05
4.469999999999999751e+00 3.923972506184930713e-05
4.529999999999999361e+00 3.116826262824151850e-05
4.589999999999999858e+00 2.421438730082473129e-05
4.650000000000000355e+00 1.701215928314377891e-05
4.709999999999999964e+00 1.229345816811101721e-05
4.769999999999999574e+00 1.067916568138952556e-05
4.830000000000000071e+00 7.574757053078617202e-06
4.889999999999999680e+00 7.078051672548767307e-06
4.949999999999999289e+00 5.587935530959635210e-06
5.009999999999999787e+00 3.104408628310862616e-06
5.070000000000000284e+00 2.980232283178472564e-06
5.129999999999999893e+00 2.235174212383820965e-06
5.189999999999999503e+00 1.614292486721672498e-06
5.250000000000000000e+00 6.208817256621818194e-07
5.309999999999999609e+00 8.692344159270415452e-07
5.369999999999999218e+00 9.934107610594907840e-07
5.429999999999999716e+00 9.934107610594761727e-07
5.490000000000000213e+00 1.241763451324363480e-07
5.549999999999999822e+00 7.450580707946071295e-07
5.609999999999999432e+00 3.725290353973090705e-07
5.669999999999999929e+00 2.483526902648690432e-07
5.730000000000000426e+00 2.483526902648726960e-07
5.789999999999999147e+00 1.241763451324363480e-07
5.849999999999999645e+00 2.483526902648690432e-07
5.910000000000000142e+00 0.000000000000000000e+00
5.969999999999999751e+00 1.241763451324345216e-07
