2.999999999999999889e-02 9.609448699438036257e-02
8.999999999999999667e-02 1.617414304139643266e-01
1.499999999999999944e-01 2.412884257621097372e-01
2.099999999999999922e-01 3.232160058582626005e-01
2.700000000000000178e-01 4.039425523263976414e-01
3.299999999999999600e-01 4.798784995042830737e-01
3.900000000000000133e-01 5.493071093948813655e-01
4.499999999999999556e-01 6.109739525409725314e-01
5.100000000000000089e-01 6.624705045164769324e-01
5.700000000000000622e-01 7.041859339928414618e-01
6.299999999999998934e-01 7.346241643416143718e-01
6.899999999999999467e-01 7.544460620814374963e-01
7.500000000000000000e-01 7.631001600553632969e-01
8.100000000000000533e-01 7.618939110207736398e-01
8.699999999999998845e-01 7.521312907973324302e-01
9.299999999999999378e-01 7.335363795420435373e-01
9.899999999999999911e-01 7.089673442334132325e-01
1.050000000000000044e+00 6.777964734374419820e-01
1.109999999999999876e+00 6.429841312662022412e-01
1.169999999999999929e+00 6.049247017977044116e-01
1.229999999999999982e+00 5.642277667192940882e-01
1.290000000000000036e+00 5.229157861942799190e-01
1.349999999999999867e+00 4.815564944810613035e-01
1.409999999999999920e+00 4.400823396468855897e-01
1.469999999999999973e+00 3.997181971783891896e-01
1.530000000000000027e+00 3.610880532191607095e-01
1.589999999999999858e+00 3.247123308394062602e-01
1.649999999999999911e+00 2.902607209561480772e-01
1.709999999999999964e+00 2.579557475831828484e-01
1.770000000000000018e+00 2.283434141181936439e-01
1.829999999999999849e+00 2.011995822548739987e-01
1.889999999999999902e+00 1.762325617541637968e-01
1.949999999999999956e+00 1.539842581942951760e-01
2.009999999999999787e+00 1.336580803093734282e-01
2.070000000000000284e+00 1.157170816972974414e-01
2.129999999999999893e+00 1.000886191950822734e-01
2.189999999999999947e+00 8.587179340536829630e-02
2.250000000000000000e+00 7.347502033338004779e-02
2.309999999999999609e+00 6.263529447620985735e-02
2.370000000000000107e+00 5.322533507819970922e-02
2.429999999999999716e+00 4.525681471596598726e-02
2.490000000000000213e+00 3.816423430534898742e-02
2.549999999999999822e+00 3.206196026191987514e-02
2.609999999999999876e+00 2.706038535814656379e-02
2.669999999999999929e+00 2.263027000318773574e-02
2.729999999999999538e+00 1.892224010593412942e-02
2.790000000000000036e+00 1.567304181078199576e-02
2.849999999999999645e+00 1.303367355566242836e-02
2.910000000000000142e+00 1.079291137435767212e-02
2.969999999999999751e+00 8.956715731522901791e-03
3.030000000000000249e+00 7.333234171069680229e-03
3.089999999999999858e+00 6.044035336694175697e-03
3.149999999999999911e+00 4.983445157114056549e-03
3.209999999999999964e+00 4.078447940303320252e-03
3.269999999999999574e+00 3.333638211100442561e-03
3.330000000000000071e+00 2.690901439117432403e-03
3.389999999999999680e+00 2.174948717403868415e-03
3.450000000000000178e+00 1.765539301401553018e-03
3.509999999999999787e+00 1.429269753772111073e-03
3.569999999999999840e+00 1.156330143103909483e-03
3.629999999999999893e+00 9.376555960671772993e-04
3.689999999999999503e+00 7.746120524787514228e-04
3.750000000000000000e+00 6.054838678881679925e-04
3.809999999999999609e+00 4.818042262932920039e-04
3.870000000000000107e+00 3.874302025863585186e-04
3.929999999999999716e+00 3.177672719290036696e-04
3.989999999999999769e+00 2.518296316811348802e-04
4.049999999999999822e+00 2.012898584591290088e-04
4.109999999999999432e+00 1.518676723599743654e-04
4.169999999999999929e+00 1.218169963901329723e-04
4.230000000000000426e+00 9.350478927805452596e-05
4.290000000000000036e+00 7.127722316813081430e-05
4.349999999999999645e+00 6.283323157330091284e-05
4.410000000000000142e+00 4.780789358838113788e-05
4.469999999999999751e+00 3.923972564656678935e-05
4.529999999999999361e+00 2.905726519397710574e-05
4.589999999999999858e+00 2.260009515087074418e-05
4.650000000000000355e+00 1.490116163793697621e-05
4.709999999999999964e+00 1.303851643319466128e-05
4.769999999999999574e+00 8.568167941813760688e-06
4.830000000000000071e+00 1.043081314655588250e-05
4.889999999999999680e+00 7.450580818968377993e-06
4.949999999999999289e+00 4.097819450432668671e-06
5.009999999999999787e+00 4.967053879312252278e-06
5.070000000000000284e+00 2.359350592673354497e-06
5.129999999999999893e+00 2.110997898707707027e-06
5.189999999999999503e+00 1.490116163793697621e-06
5.250000000000000000e+00 1.490116163793697621e-06
5.309999999999999609e+00 8.692344288796441698e-07
5.369999999999999218e+00 7.450580818968488107e-07
5.429999999999999716e+00 7.450580818968377993e-07
5.490000000000000213e+00 3.725290409484244054e-07
5.549999999999999822e+00 2.483526939656125821e-07
5.609999999999999432e+00 0.000000000000000000e+00
5.669999999999999929e+00 1.241763469828062911e-07
5.730000000000000426e+00 2.483526939656162879e-07
5.789999999999999147e+00 2.483526939656162879e-07
5.849999999999999645e+00 1.241763469828062911e-07
5.910000000000000142e+00 1.241763469828081439e-07
5.969999999999999751e+00 0.000000000000000000e+00
