2.999999999999999889e-02 9.616961153474658242e-02
8.999999999999999667e-02 1.620738468722044134e-01
1.499999999999999944e-01 2.416379767778364940e-01
2.099999999999999922e-01 3.233738267673091915e-01
2.700000000000000178e-01 4.034182707723349970e-01
3.299999999999999600e-01 4.796305086187808153e-01
3.900000000000000133e-01 5.494924923988121490e-01
4.499999999999999556e-01 6.107093190951347061e-01
5.100000000000000089e-01 6.625874638253503868e-01
5.700000000000000622e-01 7.044137818446796206e-01
6.299999999999998934e-01 7.338961020153974557e-01
6.899999999999999467e-01 7.538829054972738808e-01
7.500000000000000000e-01 7.632604546591169603e-01
8.100000000000000533e-01 7.621703105333229589e-01
8.699999999999998845e-01 7.523605035172944433e-01
9.299999999999999378e-01 7.337441101700864499e-01
9.899999999999999911e-01 7.087919913887373857e-01
1.050000000000000044e+00 6.784676314279503018e-01
1.109999999999999876e+00 6.433243600775148119e-01
1.169999999999999929e+00 6.043953245212281278e-01
1.229999999999999982e+00 5.643051159702616726e-01
1.290000000000000036e+00 5.229622164589345923e-01
1.349999999999999867e+00 4.810750520309432510e-01
1.409999999999999920e+00 4.399745447435068346e-01
1.469999999999999973e+00 3.997735708935076238e-01
1.530000000000000027e+00 3.609908150706994667e-01
1.589999999999999858e+00 3.245857878867728918e-01
1.649999999999999911e+00 2.900234134745353076e-01
1.709999999999999964e+00 2.583882480242964408e-01
1.770000000000000018e+00 2.279927350182793244e-01
1.829999999999999849e+00 2.014404798654749196e-01
1.889999999999999902e+00 1.760489010019765377e-01
1.949999999999999956e+00 1.540262263568208112e-01
2.009999999999999787e+00 1.339926083931768375e-01
2.070000000000000284e+00 1.157742002291544253e-01
2.129999999999999893e+00 9.983182027810669212e-02
2.189999999999999947e+00 8.592059278925757992e-02
2.250000000000000000e+00 7.344037349105152213e-02
2.309999999999999609e+00 6.278939591936311126e-02
2.370000000000000107e+00 5.333572665852099465e-02
2.429999999999999716e+00 4.512531095588186852e-02
2.490000000000000213e+00 3.826220858789139423e-02
2.549999999999999822e+00 3.213249170878892946e-02
2.609999999999999876e+00 2.710235635764186510e-02
2.669999999999999929e+00 2.253254271447067622e-02
2.729999999999999538e+00 1.888101313671229284e-02
2.790000000000000036e+00 1.566521835077715197e-02
2.849999999999999645e+00 1.306571076114258941e-02
2.910000000000000142e+00 1.084680366650324877e-02
2.969999999999999751e+00 8.939082490447274043e-03
3.030000000000000249e+00 7.377937491073731369e-03
3.089999999999999858e+00 6.071850702701881222e-03
3.149999999999999911e+00 4.990274744656774883e-03
3.209999999999999964e+00 4.027163018985310122e-03
3.269999999999999574e+00 3.302097345159179815e-03
3.330000000000000071e+00 2.690404673594268443e-03
3.389999999999999680e+00 2.174327787068939741e-03
3.450000000000000178e+00 1.779322836145678802e-03
3.509999999999999787e+00 1.427779605694955460e-03
3.569999999999999840e+00 1.161048818337792089e-03
3.629999999999999893e+00 9.303291708007136633e-04
3.689999999999999503e+00 7.508943534212380189e-04
3.750000000000000000e+00 6.028761511261966459e-04
3.809999999999999609e+00 4.934767918796096990e-04
3.870000000000000107e+00 3.962467143653333268e-04
3.929999999999999716e+00 3.011276347025801446e-04
3.989999999999999769e+00 2.524505077733402310e-04
4.049999999999999822e+00 1.871337507203236865e-04
4.109999999999999432e+00 1.527369033749180797e-04
4.169999999999999929e+00 1.255422839935283722e-04
4.230000000000000426e+00 9.437402159751036193e-05
4.290000000000000036e+00 7.686515706428690006e-05
4.349999999999999645e+00 6.159146672679623592e-05
4.410000000000000142e+00 4.929800865027843867e-05
4.469999999999999751e+00 3.390014196857887824e-05
4.529999999999999361e+00 2.582867959510809784e-05
4.589999999999999858e+00 2.297262367834099661e-05
4.650000000000000355e+00 2.073744948261083145e-05
4.709999999999999964e+00 1.564621937011332790e-05
4.769999999999999574e+00 1.142422366706704289e-05
4.830000000000000071e+00 6.953875275606026472e-06
4.889999999999999680e+00 5.836288177740686395e-06
4.949999999999999289e+00 4.097819358839265751e-06
5.009999999999999787e+00 3.601113982010210376e-06
5.070000000000000284e+00 3.228584949388512230e-06
5.129999999999999893e+00 2.235174195730475172e-06
5.189999999999999503e+00 1.614292474694256115e-06
5.250000000000000000e+00 1.738468818901506618e-06
5.309999999999999609e+00 1.365939786279734992e-06
5.369999999999999218e+00 3.725290326217514030e-07
5.429999999999999716e+00 9.934107536579892007e-07
5.490000000000000213e+00 6.208817210362524090e-07
5.549999999999999822e+00 2.483526884144973002e-07
5.609999999999999432e+00 1.241763442072504765e-07
5.669999999999999929e+00 2.483526884144973002e-07
5.730000000000000426e+00 1.241763442072504765e-07
5.789999999999999147e+00 1.241763442072504765e-07
5.849999999999999645e+00 1.241763442072486501e-07
5.910000000000000142e+00 0.000000000000000000e+00
5.969999999999999751e+00 0.000000000000000000e+00
