2.999999999999999889e-02 9.607101623323087425e-02
8.999999999999999667e-02 1.617586885158025789e-01
1.499999999999999944e-01 2.417881077794448719e-01
2.099999999999999922e-01 3.232212164484642991e-01
2.700000000000000178e-01 4.036684891134772468e-01
3.299999999999999600e-01 4.799857807157305034e-01
3.900000000000000133e-01 5.496279728853897817e-01
4.499999999999999556e-01 6.110457173642375173e-01
5.100000000000000089e-01 6.624570835996227425e-01
5.700000000000000622e-01 7.042182093493877248e-01
6.299999999999998934e-01 7.344505548643659454e-01
6.899999999999999467e-01 7.542554401495367156e-01
7.500000000000000000e-01 7.634313269967528681e-01
8.100000000000000533e-01 7.623486334435446432e-01
8.699999999999998845e-01 7.516113532326330615e-01
9.299999999999999378e-01 7.339218119867906287e-01
9.899999999999999911e-01 7.082034007937215714e-01
1.050000000000000044e+00 6.776429813749036413e-01
1.109999999999999876e+00 6.429405357878504867e-01
1.169999999999999929e+00 6.044529468484656221e-01
1.229999999999999982e+00 5.644548768468922173e-01
1.290000000000000036e+00 5.228266197864221976e-01
1.349999999999999867e+00 4.812998147999215104e-01
1.409999999999999920e+00 4.399484709890948420e-01
1.469999999999999973e+00 3.998185257089907907e-01
1.530000000000000027e+00 3.614457998888558898e-01
1.589999999999999858e+00 3.245761045502051911e-01
1.649999999999999911e+00 2.899210943269889817e-01
1.709999999999999964e+00 2.577357032557679450e-01
1.770000000000000018e+00 2.284001593053371082e-01
1.829999999999999849e+00 2.013444930515361220e-01
1.889999999999999902e+00 1.763060715244123278e-01
1.949999999999999956e+00 1.540731661628657045e-01
2.009999999999999787e+00 1.338824649733671157e-01
2.070000000000000284e+00 1.157427844764209457e-01
2.129999999999999893e+00 9.994122038197339464e-02
2.189999999999999947e+00 8.591264614332740079e-02
2.250000000000000000e+00 7.363942871947226632e-02
2.309999999999999609e+00 6.264920129352606615e-02
2.370000000000000107e+00 5.330617308576161839e-02
2.429999999999999716e+00 4.521906443266662107e-02
2.490000000000000213e+00 3.814486222681691407e-02
2.549999999999999822e+00 3.214590299346895691e-02
2.609999999999999876e+00 2.702648481269423822e-02
2.669999999999999929e+00 2.270738317629767203e-02
2.729999999999999538e+00 1.889628696783809611e-02
2.790000000000000036e+00 1.568160974504960795e-02
2.849999999999999645e+00 1.319497843377258860e-02
2.910000000000000142e+00 1.082246518367227690e-02
2.969999999999999751e+00 8.896738423358467596e-03
3.030000000000000249e+00 7.347390165141071475e-03
3.089999999999999858e+00 6.074085922153079492e-03
3.149999999999999911e+00 4.964446102049673362e-03
3.209999999999999964e+00 4.041567505025375935e-03
3.269999999999999574e+00 3.317122707522747460e-03
3.330000000000000071e+00 2.672150770904878000e-03
3.389999999999999680e+00 2.186993790472452608e-03
3.450000000000000178e+00 1.778329438641607562e-03
3.509999999999999787e+00 1.425420265775226205e-03
3.569999999999999840e+00 1.161421356023677274e-03
3.629999999999999893e+00 9.254863002720412762e-04
3.689999999999999503e+00 7.544954730246775793e-04
3.750000000000000000e+00 6.026278029277091315e-04
3.809999999999999609e+00 4.942218536270929314e-04
3.870000000000000107e+00 3.796070870698551366e-04
3.929999999999999716e+00 3.063430434417182039e-04
3.989999999999999769e+00 2.446273999108996167e-04
4.049999999999999822e+00 1.899898080526248121e-04
4.109999999999999432e+00 1.591940744597833987e-04
4.169999999999999929e+00 1.264115193448183370e-04
4.230000000000000426e+00 9.735425458383009472e-05
4.290000000000000036e+00 7.276733824760663050e-05
4.349999999999999645e+00 6.345411236267497015e-05
4.410000000000000142e+00 4.780789287598799427e-05
4.469999999999999751e+00 4.333754445121964507e-05
4.529999999999999361e+00 2.806385399993061269e-05
4.589999999999999858e+00 2.322097653976525511e-05
4.650000000000000355e+00 1.651545390261403235e-05
4.709999999999999964e+00 1.192092913271371407e-05
4.769999999999999574e+00 1.303851623890581662e-05
4.830000000000000071e+00 7.698933398211052994e-06
4.889999999999999680e+00 5.339582840694684005e-06
4.949999999999999289e+00 5.215406495562326140e-06
5.009999999999999787e+00 3.849466699105469746e-06
5.070000000000000284e+00 2.980232283178472564e-06
5.129999999999999893e+00 2.359350557516255487e-06
5.189999999999999503e+00 1.862645176986545141e-06
5.250000000000000000e+00 1.862645176986545141e-06
5.309999999999999609e+00 9.934107610594761727e-07
5.369999999999999218e+00 9.934107610594907840e-07
5.429999999999999716e+00 4.967053805297380863e-07
5.490000000000000213e+00 2.483526902648726960e-07
5.549999999999999822e+00 6.208817256621726079e-07
5.609999999999999432e+00 1.241763451324363480e-07
5.669999999999999929e+00 1.241763451324345216e-07
5.730000000000000426e+00 2.483526902648726960e-07
5.789999999999999147e+00 1.241763451324363480e-07
5.849999999999999645e+00 1.241763451324345216e-07
5.910000000000000142e+00 1.241763451324363480e-07
5.969999999999999751e+00 0.000000000000000000e+00
