2.999999999999999889e-02 9.604543805291645975e-02
8.999999999999999667e-02 1.616742522148136851e-01
1.499999999999999944e-01 2.415442308365391422e-01
2.099999999999999922e-01 3.234699488978813875e-01
2.700000000000000178e-01 4.035737515827175770e-01
3.299999999999999600e-01 4.796172360436582460e-01
3.900000000000000133e-01 5.496071235440842528e-01
4.499999999999999556e-01 6.113268662738378101e-01
5.100000000000000089e-01 6.629123288981236817e-01
5.700000000000000622e-01 7.045251890219204061e-01
6.299999999999998934e-01 7.344633614444501246e-01
6.899999999999999467e-01 7.540787540653870469e-01
7.500000000000000000e-01 7.631535615705031805e-01
8.100000000000000533e-01 7.621212835903454774e-01
8.699999999999998845e-01 7.519375812984109286e-01
9.299999999999999378e-01 7.337904498151354149e-01
9.899999999999999911e-01 7.082791641955257234e-01
1.050000000000000044e+00 6.780973577784005224e-01
1.109999999999999876e+00 6.424725295034265926e-01
1.169999999999999929e+00 6.047811584465632162e-01
1.229999999999999982e+00 5.644843192578965496e-01
1.290000000000000036e+00 5.227911170370066474e-01
1.349999999999999867e+00 4.812511484294311748e-01
1.409999999999999920e+00 4.396165574447518098e-01
1.469999999999999973e+00 3.998076071270156850e-01
1.530000000000000027e+00 3.613925363145468750e-01
1.589999999999999858e+00 3.248253337352980386e-01
1.649999999999999911e+00 2.900444079207032955e-01
1.709999999999999964e+00 2.579422142831810372e-01
1.770000000000000018e+00 2.282686616580441030e-01
1.829999999999999849e+00 2.009170825624370660e-01
1.889999999999999902e+00 1.764421727424674291e-01
1.949999999999999956e+00 1.538626906969654262e-01
2.009999999999999787e+00 1.339567254219224679e-01
2.070000000000000284e+00 1.157056583354493934e-01
2.129999999999999893e+00 9.989887848119721747e-02
2.189999999999999947e+00 8.598889234124026948e-02
2.250000000000000000e+00 7.354306951946520954e-02
2.309999999999999609e+00 6.271476780554030572e-02
2.370000000000000107e+00 5.337484379764059761e-02
2.429999999999999716e+00 4.521745115086871214e-02
2.490000000000000213e+00 3.815939171212628933e-02
2.549999999999999822e+00 3.215347846920829644e-02
2.609999999999999876e+00 2.698786657258388927e-02
2.669999999999999929e+00 2.271495844106964299e-02
2.729999999999999538e+00 1.885133555226034541e-02
2.790000000000000036e+00 1.569117167434982973e-02
2.849999999999999645e+00 1.300635485623110980e-02
2.910000000000000142e+00 1.082544565792302460e-02
2.969999999999999751e+00 8.937095935286173964e-03
3.030000000000000249e+00 7.426118133941713405e-03
3.089999999999999858e+00 6.073216823484127447e-03
3.149999999999999911e+00 4.992385891292992761e-03
3.209999999999999964e+00 4.061559987374639691e-03
3.269999999999999574e+00 3.296261155217677669e-03
3.330000000000000071e+00 2.720331253620405371e-03
3.389999999999999680e+00 2.181654256395531427e-03
3.450000000000000178e+00 1.790002055093720991e-03
3.509999999999999787e+00 1.441687399211800209e-03
3.569999999999999840e+00 1.179923657821759560e-03
3.629999999999999893e+00 9.459754183630917235e-04
3.689999999999999503e+00 7.472932617103027371e-04
3.750000000000000000e+00 6.191432706692537790e-04
3.809999999999999609e+00 4.772097050104175901e-04
3.870000000000000107e+00 3.835807386877907420e-04
3.929999999999999716e+00 3.051012868099391389e-04
3.989999999999999769e+00 2.481043431201721081e-04
4.049999999999999822e+00 1.889964015159641445e-04
4.109999999999999432e+00 1.529852606226486656e-04
4.169999999999999929e+00 1.271565802577840287e-04
4.230000000000000426e+00 1.003344891096592058e-04
4.290000000000000036e+00 7.885198092157505369e-05
4.349999999999999645e+00 6.134311586654906062e-05
4.410000000000000142e+00 4.818042298830169567e-05
4.469999999999999751e+00 3.501773011005380218e-05
4.529999999999999361e+00 2.967814715001058009e-05
4.589999999999999858e+00 2.558032766904639539e-05
4.650000000000000355e+00 1.949568662155506580e-05
4.709999999999999964e+00 1.564621983640701857e-05
4.769999999999999574e+00 1.167257670335144132e-05
4.830000000000000071e+00 9.313226093099554891e-06
4.889999999999999680e+00 6.457170091215595100e-06
4.949999999999999289e+00 4.967053916319762100e-06
5.009999999999999787e+00 4.097819480963743403e-06
5.070000000000000284e+00 2.235174262343892649e-06
5.129999999999999893e+00 2.483526958159844204e-06
5.189999999999999503e+00 1.490116174895928715e-06
5.250000000000000000e+00 1.862645218619910682e-06
5.309999999999999609e+00 4.967053916319688620e-07
5.369999999999999218e+00 1.117587131171946324e-06
5.429999999999999716e+00 3.725290437239766730e-07
5.490000000000000213e+00 6.208817395399702625e-07
5.549999999999999822e+00 6.208817395399610510e-07
5.609999999999999432e+00 4.967053916319761677e-07
5.669999999999999929e+00 3.725290437239766730e-07
5.730000000000000426e+00 1.241763479079940419e-07
5.789999999999999147e+00 1.241763479079940419e-07
5.849999999999999645e+00 1.241763479079922155e-07
5.910000000000000142e+00 0.000000000000000000e+00
5.969999999999999751e+00 0.000000000000000000e+00
