2.999999999999999889e-02 9.619606181277924606e-02
8.999999999999999667e-02 1.617050443347053668e-01
1.499999999999999944e-01 2.412496791469506408e-01
2.099999999999999922e-01 3.231491941682874125e-01
2.700000000000000178e-01 4.034146726640265301e-01
3.299999999999999600e-01 4.799472860487394854e-01
3.900000000000000133e-01 5.494470479505317861e-01
4.499999999999999556e-01 6.110485734201754893e-01
5.100000000000000089e-01 6.627019593522238683e-01
5.700000000000000622e-01 7.047580039216784220e-01
6.299999999999998934e-01 7.347223768838607727e-01
6.899999999999999467e-01 7.536379111851930768e-01
7.500000000000000000e-01 7.632926220192399747e-01
8.100000000000000533e-01 7.620133573116870673e-01
8.699999999999998845e-01 7.517859451738894139e-01
9.299999999999999378e-01 7.338343918398173571e-01
9.899999999999999911e-01 7.088060285966494289e-01
1.050000000000000044e+00 6.780711414129202419e-01
1.109999999999999876e+00 6.429031587079655496e-01
1.169999999999999929e+00 6.044158181212710979e-01
1.229999999999999982e+00 5.643942787904676628e-01
1.290000000000000036e+00 5.232056059917664648e-01
1.349999999999999867e+00 4.812295309885765704e-01
1.409999999999999920e+00 4.399454907568116635e-01
1.469999999999999973e+00 3.998972535118048288e-01
1.530000000000000027e+00 3.616128170730589786e-01
1.589999999999999858e+00 3.245451846402672147e-01
1.649999999999999911e+00 2.901339325825459947e-01
1.709999999999999964e+00 2.580400594776875445e-01
1.770000000000000018e+00 2.282746170204082159e-01
1.829999999999999849e+00 2.012744575928814283e-01
1.889999999999999902e+00 1.762876934253327643e-01
1.949999999999999956e+00 1.539246512540873302e-01
2.009999999999999787e+00 1.337827513682257607e-01
2.070000000000000284e+00 1.156799512457839380e-01
2.129999999999999893e+00 9.994569073039816232e-02
2.189999999999999947e+00 8.585862943319479135e-02
2.250000000000000000e+00 7.342199593914536249e-02
2.309999999999999609e+00 6.268297725940207010e-02
2.370000000000000107e+00 5.334069410970843084e-02
2.429999999999999716e+00 4.520751603256930456e-02
2.490000000000000213e+00 3.807830370582592633e-02
2.549999999999999822e+00 3.215422280859283471e-02
2.609999999999999876e+00 2.702573975462344361e-02
2.669999999999999929e+00 2.257749471928914217e-02
2.729999999999999538e+00 1.889355508824518137e-02
2.790000000000000036e+00 1.572892093254506587e-02
2.849999999999999645e+00 1.304435252712694490e-02
2.910000000000000142e+00 1.083686963970763827e-02
2.969999999999999751e+00 8.904685709446944625e-03
3.030000000000000249e+00 7.383773834264875657e-03
3.089999999999999858e+00 6.036336313232817941e-03
3.149999999999999911e+00 4.952400996571825961e-03
3.209999999999999964e+00 4.029398223202396677e-03
3.269999999999999574e+00 3.330533752797050495e-03
3.330000000000000071e+00 2.701953093736662089e-03
3.389999999999999680e+00 2.186745437782188026e-03
3.450000000000000178e+00 1.778577791331872578e-03
3.509999999999999787e+00 1.431256553996450602e-03
3.569999999999999840e+00 1.172721403430728761e-03
3.629999999999999893e+00 9.380281111304171904e-04
3.689999999999999503e+00 7.462998342459369440e-04
3.750000000000000000e+00 5.974123964321468401e-04
3.809999999999999609e+00 4.924833847952389066e-04
3.870000000000000107e+00 3.777444418928686039e-04
3.929999999999999716e+00 3.139178004947967881e-04
3.989999999999999769e+00 2.479801612294753755e-04
4.049999999999999822e+00 1.878788101853733994e-04
4.109999999999999432e+00 1.586973690792536386e-04
4.169999999999999929e+00 1.220653472651831258e-04
4.230000000000000426e+00 9.325643519445969579e-05
4.290000000000000036e+00 7.438163073432826954e-05
4.349999999999999645e+00 6.109476180515867739e-05
4.410000000000000142e+00 4.967053805297453369e-05
4.469999999999999751e+00 3.911554871671686710e-05
4.529999999999999361e+00 2.918144110612253905e-05
4.589999999999999858e+00 2.433856364595716454e-05
4.650000000000000355e+00 1.763304100880595872e-05
4.709999999999999964e+00 1.390775065483266472e-05
4.769999999999999574e+00 9.064873194667854331e-06
4.830000000000000071e+00 8.816520504402979358e-06
4.889999999999999680e+00 6.581346292019028374e-06
4.949999999999999289e+00 5.712111876092071849e-06
5.009999999999999787e+00 3.849466699105469746e-06
5.070000000000000284e+00 2.110997867251417784e-06
5.129999999999999893e+00 2.483526902648690432e-06
5.189999999999999503e+00 2.856055938046035925e-06
5.250000000000000000e+00 9.934107610594907840e-07
5.309999999999999609e+00 9.934107610594761727e-07
5.369999999999999218e+00 7.450580707946181409e-07
5.429999999999999716e+00 1.117587106191910483e-06
5.490000000000000213e+00 8.692344159270543566e-07
5.549999999999999822e+00 2.483526902648690432e-07
5.609999999999999432e+00 3.725290353973090705e-07
5.669999999999999929e+00 2.483526902648690432e-07
5.730000000000000426e+00 1.241763451324363480e-07
5.789999999999999147e+00 1.241763451324363480e-07
5.849999999999999645e+00 2.483526902648690432e-07
5.910000000000000142e+00 1.241763451324363480e-07
5.969999999999999751e+00 0.000000000000000000e+00
