2.999999999999999889e-02 9.649309019247691299e-02
8.999999999999999667e-02 1.618863393863042288e-01
1.499999999999999944e-01 2.414818853139877319e-01
2.099999999999999922e-01 3.237823645273844586e-01
2.700000000000000178e-01 4.037170360485712872e-01
3.299999999999999600e-01 4.799185941616694318e-01
3.900000000000000133e-01 5.496794978777568286e-01
4.499999999999999556e-01 6.114235768715541308e-01
5.100000000000000089e-01 6.620486577351881730e-01
5.700000000000000622e-01 7.043668379386273104e-01
6.299999999999998934e-01 7.340997457504279122e-01
6.899999999999999467e-01 7.539535562197360319e-01
7.500000000000000000e-01 7.625731329123172086e-01
8.100000000000000533e-01 7.625342657168713290e-01
8.699999999999998845e-01 7.520963748296108919e-01
9.299999999999999378e-01 7.342719783385588395e-01
9.899999999999999911e-01 7.077618191639576395e-01
1.050000000000000044e+00 6.782509386539453677e-01
1.109999999999999876e+00 6.428353488445299746e-01
1.169999999999999929e+00 6.041020154952997379e-01
1.229999999999999982e+00 5.640925218661620999e-01
1.290000000000000036e+00 5.228806287050261625e-01
1.349999999999999867e+00 4.810345669587449136e-01
1.409999999999999920e+00 4.401815434296921792e-01
1.469999999999999973e+00 3.997797767321265017e-01
1.530000000000000027e+00 3.614625583092368477e-01
1.589999999999999858e+00 3.244999796152123750e-01
1.649999999999999911e+00 2.897538244724270906e-01
1.709999999999999964e+00 2.575633426507311641e-01
1.770000000000000018e+00 2.284401406844463467e-01
1.829999999999999849e+00 2.011639376481372254e-01
1.889999999999999902e+00 1.764096319675443891e-01
1.949999999999999956e+00 1.538816839456556840e-01
2.009999999999999787e+00 1.339933524529137998e-01
2.070000000000000284e+00 1.158624887466429693e-01
2.129999999999999893e+00 1.000208159287769710e-01
2.189999999999999947e+00 8.587116996447301254e-02
2.250000000000000000e+00 7.367370029290511158e-02
2.309999999999999609e+00 6.300235788027440387e-02
2.370000000000000107e+00 5.337670445442194850e-02
2.429999999999999716e+00 4.513400296370184694e-02
2.490000000000000213e+00 3.817714750766750681e-02
2.549999999999999822e+00 3.227181732654568758e-02
2.609999999999999876e+00 2.705429991086341635e-02
2.669999999999999929e+00 2.267695963382718866e-02
2.729999999999999538e+00 1.890348891417183846e-02
2.790000000000000036e+00 1.577710111935931928e-02
2.849999999999999645e+00 1.307589312394458886e-02
2.910000000000000142e+00 1.080123086770374587e-02
2.969999999999999751e+00 8.952990174293509393e-03
3.030000000000000249e+00 7.303928335507704414e-03
3.089999999999999858e+00 6.035342812538141768e-03
3.149999999999999911e+00 5.005548397700024243e-03
3.209999999999999964e+00 4.043430089950558054e-03
3.269999999999999574e+00 3.314018249511715714e-03
3.330000000000000071e+00 2.688045303026832811e-03
3.389999999999999680e+00 2.193450927734373265e-03
3.450000000000000178e+00 1.794223984082538286e-03
3.509999999999999787e+00 1.446654399236041921e-03
3.569999999999999840e+00 1.148631175359097686e-03
3.629999999999999893e+00 9.338061014811189966e-04
3.689999999999999503e+00 7.387250661849969081e-04
3.750000000000000000e+00 6.210058927536005321e-04
3.809999999999999609e+00 4.891306161880488827e-04
3.870000000000000107e+00 3.881752490997311201e-04
3.929999999999999716e+00 3.168980280558265157e-04
3.989999999999999769e+00 2.468625704447444287e-04
4.049999999999999822e+00 1.911073923110946193e-04
4.109999999999999432e+00 1.541028420130421722e-04
4.169999999999999929e+00 1.206994056701650127e-04
4.230000000000000426e+00 9.561578432718975554e-05
4.290000000000000036e+00 7.003545761108340162e-05
4.349999999999999645e+00 6.047387917836546690e-05
4.410000000000000142e+00 4.706283410390248818e-05
4.469999999999999751e+00 3.899137179056771311e-05
4.529999999999999361e+00 2.992649873097757168e-05
4.589999999999999858e+00 2.533197402954080556e-05
4.650000000000000355e+00 1.775721708933524002e-05
4.709999999999999964e+00 1.303851604461659080e-05
4.769999999999999574e+00 9.561578432718974876e-06
4.830000000000000071e+00 9.189049402872781776e-06
4.889999999999999680e+00 6.208817164103138718e-06
4.949999999999999289e+00 5.339582761128777936e-06
5.009999999999999787e+00 4.097819328308071587e-06
5.070000000000000284e+00 3.973642985026067360e-06
5.129999999999999893e+00 2.483526865641255572e-06
5.189999999999999503e+00 1.862645149230969101e-06
5.250000000000000000e+00 9.934107462565168400e-07
5.309999999999999609e+00 1.738468805948878900e-06
5.369999999999999218e+00 9.934107462565168400e-07
5.429999999999999716e+00 6.208817164103138929e-07
5.490000000000000213e+00 0.000000000000000000e+00
5.549999999999999822e+00 4.967053731282511143e-07
5.609999999999999432e+00 0.000000000000000000e+00
5.669999999999999929e+00 0.000000000000000000e+00
5.730000000000000426e+00 1.241763432820646050e-07
5.789999999999999147e+00 1.241763432820646050e-07
5.849999999999999645e+00 1.241763432820627786e-07
5.910000000000000142e+00 0.000000000000000000e+00
5.969999999999999751e+00 0.000000000000000000e+00
