2.999999999999999889e-02 9.612527986367544464e-02
8.999999999999999667e-02 1.615244895219802856e-01
1.499999999999999944e-01 2.415988594293594360e-01
2.099999999999999922e-01 3.233401725689570294e-01
2.700000000000000178e-01 4.038753608862559186e-01
3.299999999999999600e-01 4.794018963972727643e-01
3.900000000000000133e-01 5.496197690566381189e-01
4.499999999999999556e-01 6.107681741317113611e-01
5.100000000000000089e-01 6.628723194201781022e-01
5.700000000000000622e-01 7.043171674013144479e-01
6.299999999999998934e-01 7.347813496987032345e-01
6.899999999999999467e-01 7.544240603844317716e-01
7.500000000000000000e-01 7.630789031585051285e-01
8.100000000000000533e-01 7.621984928846367024e-01
8.699999999999998845e-01 7.517623404661821773e-01
9.299999999999999378e-01 7.339734584093087211e-01
9.899999999999999911e-01 7.089342921972268119e-01
1.050000000000000044e+00 6.778458754221592386e-01
1.109999999999999876e+00 6.427327791849790639e-01
1.169999999999999929e+00 6.047833710908884219e-01
1.229999999999999982e+00 5.645373215277984524e-01
1.290000000000000036e+00 5.227004488309239250e-01
1.349999999999999867e+00 4.811469465494151443e-01
1.409999999999999920e+00 4.400140295426047121e-01
1.469999999999999973e+00 3.998586287101106307e-01
1.530000000000000027e+00 3.610890358686443813e-01
1.589999999999999858e+00 3.246217966079720796e-01
1.649999999999999911e+00 2.900940676530199824e-01
1.709999999999999964e+00 2.579466750224428950e-01
1.770000000000000018e+00 2.279929816722876257e-01
1.829999999999999849e+00 2.009018013874687980e-01
1.889999999999999902e+00 1.762410004933673557e-01
1.949999999999999956e+00 1.538476596275963892e-01
2.009999999999999787e+00 1.338798552751540027e-01
2.070000000000000284e+00 1.160000761349994913e-01
2.129999999999999893e+00 9.958135584990174261e-02
2.189999999999999947e+00 8.583851158618982513e-02
2.250000000000000000e+00 7.356752951939894702e-02
2.309999999999999609e+00 6.273736556371047046e-02
2.370000000000000107e+00 5.345928172270451861e-02
2.429999999999999716e+00 4.535975555578863894e-02
2.490000000000000213e+00 3.827301164468126238e-02
2.549999999999999822e+00 3.211436172326403299e-02
2.609999999999999876e+00 2.701667447884895101e-02
2.669999999999999929e+00 2.266839146614072625e-02
2.729999999999999538e+00 1.888349652290342504e-02
2.790000000000000036e+00 1.578728357950845082e-02
2.849999999999999645e+00 1.305863261222838141e-02
2.910000000000000142e+00 1.082643866539000424e-02
2.969999999999999751e+00 8.931756019592276483e-03
3.030000000000000249e+00 7.383277018864943184e-03
3.089999999999999858e+00 6.059433023134861568e-03
3.149999999999999911e+00 4.962707559267712232e-03
3.209999999999999964e+00 4.099681973457332956e-03
3.269999999999999574e+00 3.326063354810076048e-03
3.330000000000000071e+00 2.682954072952268339e-03
3.389999999999999680e+00 2.162406841913857170e-03
3.450000000000000178e+00 1.779943704605101021e-03
3.509999999999999787e+00 1.447026928265888112e-03
3.569999999999999840e+00 1.157323519388842080e-03
3.629999999999999893e+00 9.347995122273754709e-04
3.689999999999999503e+00 7.552405198415113215e-04
3.750000000000000000e+00 6.165355443954462352e-04
3.809999999999999609e+00 4.819283882776892003e-04
3.870000000000000107e+00 3.890444835027055486e-04
3.929999999999999716e+00 3.118067979812619360e-04
3.989999999999999769e+00 2.483526865641292485e-04
4.049999999999999822e+00 2.025316158930443716e-04
4.109999999999999432e+00 1.578281323115041134e-04
4.169999999999999929e+00 1.261631647745757839e-04
4.230000000000000426e+00 9.872019290924135963e-05
4.290000000000000036e+00 7.313986619313497860e-05
4.349999999999999645e+00 5.997717380523720943e-05
4.410000000000000142e+00 4.606942335764597325e-05
4.469999999999999751e+00 3.439684708913139083e-05
4.529999999999999361e+00 2.868473529815692463e-05
4.589999999999999858e+00 2.582867940266905625e-05
4.650000000000000355e+00 1.651545365651459297e-05
4.709999999999999964e+00 1.316269238789865347e-05
4.769999999999999574e+00 9.934107462565169671e-06
4.830000000000000071e+00 9.064873059590717409e-06
4.889999999999999680e+00 8.195638656616143175e-06
4.949999999999999289e+00 5.215406417846713569e-06
5.009999999999999787e+00 4.097819328308071587e-06
5.070000000000000284e+00 3.476937611897809046e-06
5.129999999999999893e+00 2.359350522359192475e-06
5.189999999999999503e+00 1.986821492513033680e-06
5.250000000000000000e+00 9.934107462565168400e-07
5.309999999999999609e+00 1.117587089538564901e-06
5.369999999999999218e+00 1.241763432820646209e-06
5.429999999999999716e+00 1.117587089538564901e-06
5.490000000000000213e+00 3.725290298461938415e-07
5.549999999999999822e+00 4.967053731282511143e-07
5.609999999999999432e+00 1.241763432820646050e-07
5.669999999999999929e+00 2.483526865641255572e-07
5.730000000000000426e+00 0.000000000000000000e+00
5.789999999999999147e+00 2.483526865641292100e-07
5.849999999999999645e+00 0.000000000000000000e+00
5.910000000000000142e+00 1.241763432820646050e-07
5.969999999999999751e+00 1.241763432820627786e-07
