2.999999999999999889e-02 9.619469587298278002e-02
8.999999999999999667e-02 1.619743828272976194e-01
1.499999999999999944e-01 2.414653734584456812e-01
2.099999999999999922e-01 3.231482007575264270e-01
2.700000000000000178e-01 4.034789960108051132e-01
3.299999999999999600e-01 4.797431401373417614e-01
3.900000000000000133e-01 5.502647491832288740e-01
4.499999999999999556e-01 6.103528133583985271e-01
5.100000000000000089e-01 6.626356491839231477e-01
5.700000000000000622e-01 7.041283056755117675e-01
6.299999999999998934e-01 7.349477569502761432e-01
6.899999999999999467e-01 7.543339195996603408e-01
7.500000000000000000e-01 7.629815602746832237e-01
8.100000000000000533e-01 7.621081038630229676e-01
8.699999999999998845e-01 7.518284134839247068e-01
9.299999999999999378e-01 7.337756564285696781e-01
9.899999999999999911e-01 7.091713554040289802e-01
1.050000000000000044e+00 6.780864151033715315e-01
1.109999999999999876e+00 6.426185465249220075e-01
1.169999999999999929e+00 6.043611805294127892e-01
1.229999999999999982e+00 5.643951480248835528e-01
1.290000000000000036e+00 5.227274028866614186e-01
1.349999999999999867e+00 4.809478990378162067e-01
1.409999999999999920e+00 4.398000802566615630e-01
1.469999999999999973e+00 3.996404568300708782e-01
1.530000000000000027e+00 3.613341653545817933e-01
1.589999999999999858e+00 3.246039200515147827e-01
1.649999999999999911e+00 2.904209041161470717e-01
1.709999999999999964e+00 2.581470994871916669e-01
1.770000000000000018e+00 2.283023083453727398e-01
1.829999999999999849e+00 2.011234591572003683e-01
1.889999999999999902e+00 1.762495712873770881e-01
1.949999999999999956e+00 1.540992431953435160e-01
2.009999999999999787e+00 1.336637904295888968e-01
2.070000000000000284e+00 1.160476374037210795e-01
2.129999999999999893e+00 9.980288793349587073e-02
2.189999999999999947e+00 8.587228883115936851e-02
2.250000000000000000e+00 7.352667659809200562e-02
2.309999999999999609e+00 6.278877550545490516e-02
2.370000000000000107e+00 5.337111731426587985e-02
2.429999999999999716e+00 4.535218147464859656e-02
2.490000000000000213e+00 3.805620031639235512e-02
2.549999999999999822e+00 3.218241083893789295e-02
2.609999999999999876e+00 2.696154058418997676e-02
2.669999999999999929e+00 2.257786724832453948e-02
2.729999999999999538e+00 1.889194079575846202e-02
2.790000000000000036e+00 1.571327471305837900e-02
2.849999999999999645e+00 1.306459327138353131e-02
2.910000000000000142e+00 1.085164662477840040e-02
2.969999999999999751e+00 8.917227520305319455e-03
3.030000000000000249e+00 7.353350629707428379e-03
3.089999999999999858e+00 5.995233942993982365e-03
3.149999999999999911e+00 4.947806471801926426e-03
3.209999999999999964e+00 4.086395165618184576e-03
3.269999999999999574e+00 3.294025907328114455e-03
3.330000000000000071e+00 2.708534440028681749e-03
3.389999999999999680e+00 2.208476298180364096e-03
3.450000000000000178e+00 1.769140389101807624e-03
3.509999999999999787e+00 1.441066485261913079e-03
3.569999999999999840e+00 1.157447712979439193e-03
3.629999999999999893e+00 9.282181798649548213e-04
3.689999999999999503e+00 7.568548235821939262e-04
3.750000000000000000e+00 6.113201470869795810e-04
3.809999999999999609e+00 4.940976772819606405e-04
3.870000000000000107e+00 3.761301494061469242e-04
3.929999999999999716e+00 3.022452240523478321e-04
3.989999999999999769e+00 2.518296279285808944e-04
4.049999999999999822e+00 1.955777435835843558e-04
4.109999999999999432e+00 1.599391325305780118e-04
4.169999999999999929e+00 1.326203366014400403e-04
4.230000000000000426e+00 1.000861341767436940e-04
4.290000000000000036e+00 7.475415976972557607e-05
4.349999999999999645e+00 5.873541124764239141e-05
4.410000000000000142e+00 4.793206922112042752e-05
4.469999999999999751e+00 4.097819389370338619e-05
4.529999999999999361e+00 3.141661531850639856e-05
4.589999999999999858e+00 2.272427115923551194e-05
4.650000000000000355e+00 1.713633562827621555e-05
4.709999999999999964e+00 1.490116141589214090e-05
4.769999999999999574e+00 1.291433989377337998e-05
4.830000000000000071e+00 7.823109743343489633e-06
4.889999999999999680e+00 8.568167814137980719e-06
4.949999999999999289e+00 6.705522637151563269e-06
5.009999999999999787e+00 5.091230150429814962e-06
5.070000000000000284e+00 2.980232283178472564e-06
5.129999999999999893e+00 2.607703247781124530e-06
5.189999999999999503e+00 1.986821522118981568e-06
5.250000000000000000e+00 1.241763451324363639e-06
5.309999999999999609e+00 7.450580707946071295e-07
5.369999999999999218e+00 7.450580707946181409e-07
5.429999999999999716e+00 2.483526902648690432e-07
5.490000000000000213e+00 2.483526902648726960e-07
5.549999999999999822e+00 2.483526902648690432e-07
5.609999999999999432e+00 4.967053805297453920e-07
5.669999999999999929e+00 6.208817256621726079e-07
5.730000000000000426e+00 6.208817256621818194e-07
5.789999999999999147e+00 3.725290353973090705e-07
5.849999999999999645e+00 2.483526902648690432e-07
5.910000000000000142e+00 2.483526902648726960e-07
5.969999999999999751e+00 0.000000000000000000e+00
