2.999999999999999889e-02 9.602705780705399208e-02
8.999999999999999667e-02 1.616926267001921047e-01
1.499999999999999944e-01 2.415544078979056375e-01
2.099999999999999922e-01 3.230804004730841172e-01
2.700000000000000178e-01 4.034940213485661564e-01
3.299999999999999600e-01 4.795228513010768023e-01
3.900000000000000133e-01 5.497094325677965854e-01
4.499999999999999556e-01 6.112951876416085062e-01
5.100000000000000089e-01 6.628651270697278886e-01
5.700000000000000622e-01 7.052011892974560103e-01
6.299999999999998934e-01 7.340374201641103324e-01
6.899999999999999467e-01 7.543968770066424856e-01
7.500000000000000000e-01 7.630061471910194459e-01
8.100000000000000533e-01 7.620376958753328767e-01
8.699999999999998845e-01 7.517783704168362613e-01
9.299999999999999378e-01 7.335928688485348070e-01
9.899999999999999911e-01 7.086118167928622258e-01
1.050000000000000044e+00 6.775469930601162316e-01
1.109999999999999876e+00 6.430270867004078683e-01
1.169999999999999929e+00 6.048899234069866626e-01
1.229999999999999982e+00 5.644496614403966550e-01
1.290000000000000036e+00 5.227202006586437744e-01
1.349999999999999867e+00 4.812959653332223864e-01
1.409999999999999920e+00 4.397994593749359193e-01
1.469999999999999973e+00 3.999008546258135954e-01
1.530000000000000027e+00 3.613077157930685845e-01
1.589999999999999858e+00 3.249276477832750420e-01
1.649999999999999911e+00 2.899275514969358869e-01
1.709999999999999964e+00 2.582444537417755703e-01
1.770000000000000018e+00 2.281047437802670441e-01
1.829999999999999849e+00 2.008840471637850511e-01
1.889999999999999902e+00 1.765580253286860579e-01
1.949999999999999956e+00 1.540035032332464082e-01
2.009999999999999787e+00 1.338352779622167810e-01
2.070000000000000284e+00 1.158867048604294431e-01
2.129999999999999893e+00 9.992818186573448891e-02
2.189999999999999947e+00 8.587266136019476581e-02
2.250000000000000000e+00 7.348855446013635717e-02
2.309999999999999609e+00 6.264212324185351732e-02
2.370000000000000107e+00 5.339384158542511555e-02
2.429999999999999716e+00 4.518280493988795915e-02
2.490000000000000213e+00 3.811543243302052686e-02
2.549999999999999822e+00 3.219942299822103199e-02
2.609999999999999876e+00 2.694862624429620115e-02
2.669999999999999929e+00 2.275990977028869225e-02
2.729999999999999538e+00 1.890261996143985032e-02
2.790000000000000036e+00 1.565354589104967983e-02
2.849999999999999645e+00 1.299952486653413453e-02
2.910000000000000142e+00 1.082606629768111638e-02
2.969999999999999751e+00 8.981054161703392463e-03
3.030000000000000249e+00 7.325286775707498532e-03
3.089999999999999858e+00 6.009141693648815431e-03
3.149999999999999911e+00 4.907697512324149178e-03
3.209999999999999964e+00 4.040574094264315873e-03
3.269999999999999574e+00 3.303587485903312134e-03
3.330000000000000071e+00 2.705802560435767879e-03
3.389999999999999680e+00 2.190098199100763785e-03
3.450000000000000178e+00 1.802916354977830010e-03
3.509999999999999787e+00 1.466398459668929923e-03
3.569999999999999840e+00 1.170858758253742228e-03
3.629999999999999893e+00 9.411325197587281505e-04
3.689999999999999503e+00 7.691482817503050417e-04
3.750000000000000000e+00 5.900859920693331089e-04
3.809999999999999609e+00 4.749745201315654997e-04
3.870000000000000107e+00 3.827114956981659882e-04
3.929999999999999716e+00 3.094474520700291097e-04
3.989999999999999769e+00 2.484768666100051356e-04
4.049999999999999822e+00 1.860161650083868939e-04
4.109999999999999432e+00 1.492599668491884947e-04
4.169999999999999929e+00 1.243005214775669243e-04
4.230000000000000426e+00 1.021971320439951067e-04
4.290000000000000036e+00 7.872780281396348076e-05
4.349999999999999645e+00 6.159146718568842395e-05
4.410000000000000142e+00 4.656612942466363466e-05
4.469999999999999751e+00 3.551443470787626894e-05
4.529999999999999361e+00 2.880891207072523252e-05
4.589999999999999858e+00 2.334515288489768836e-05
4.650000000000000355e+00 2.185503674330879767e-05
4.709999999999999964e+00 1.353522161943535989e-05
4.769999999999999574e+00 1.192092913271389026e-05
4.830000000000000071e+00 8.195638778740799550e-06
4.889999999999999680e+00 7.947286088475809382e-06
4.949999999999999289e+00 5.339582840694762779e-06
5.009999999999999787e+00 3.228584973443297138e-06
5.070000000000000284e+00 3.476937663708217426e-06
5.129999999999999893e+00 1.738468831854083090e-06
5.189999999999999503e+00 9.934107610594907840e-07
5.250000000000000000e+00 1.738468831854108713e-06
5.309999999999999609e+00 7.450580707946071295e-07
5.369999999999999218e+00 9.934107610594907840e-07
5.429999999999999716e+00 8.692344159270415452e-07
5.490000000000000213e+00 7.450580707946181409e-07
5.549999999999999822e+00 3.725290353973035648e-07
5.609999999999999432e+00 2.483526902648726960e-07
5.669999999999999929e+00 1.241763451324345216e-07
5.730000000000000426e+00 2.483526902648726960e-07
5.789999999999999147e+00 0.000000000000000000e+00
5.849999999999999645e+00 0.000000000000000000e+00
5.910000000000000142e+00 0.000000000000000000e+00
5.969999999999999751e+00 0.000000000000000000e+00
