2.999999999999999889e-02 9.593330466647900789e-02
8.999999999999999667e-02 1.617015673970416401e-01
1.499999999999999944e-01 2.412125504197560333e-01
2.099999999999999922e-01 3.234397668158973116e-01
2.700000000000000178e-01 4.033782889949027450e-01
3.299999999999999600e-01 4.798608593125273103e-01
3.900000000000000133e-01 5.496303322359472610e-01
4.499999999999999556e-01 6.111227066982195533e-01
5.100000000000000089e-01 6.627373496105866124e-01
5.700000000000000622e-01 7.045723602857053569e-01
6.299999999999998934e-01 7.344946374668878120e-01
6.899999999999999467e-01 7.543955110668461028e-01
7.500000000000000000e-01 7.628332937185950957e-01
8.100000000000000533e-01 7.620804125380585825e-01
8.699999999999998845e-01 7.524899008744451168e-01
9.299999999999999378e-01 7.337528079810653470e-01
9.899999999999999911e-01 7.089108334319410565e-01
1.050000000000000044e+00 6.774908653521164448e-01
1.109999999999999876e+00 6.429964151431600827e-01
1.169999999999999929e+00 6.048324297591903820e-01
1.229999999999999982e+00 5.643958930829543474e-01
1.290000000000000036e+00 5.229925193835192054e-01
1.349999999999999867e+00 4.813498578670099004e-01
1.409999999999999920e+00 4.400171405079530973e-01
1.469999999999999973e+00 3.994877199255579825e-01
1.530000000000000027e+00 3.612041527212281333e-01
1.589999999999999858e+00 3.248977212840981621e-01
1.649999999999999911e+00 2.898080938529185024e-01
1.709999999999999964e+00 2.578480828481128362e-01
1.770000000000000018e+00 2.282484158115852535e-01
1.829999999999999849e+00 2.013766547249253858e-01
1.889999999999999902e+00 1.760819332214483002e-01
1.949999999999999956e+00 1.537942660916982729e-01
2.009999999999999787e+00 1.337987701167478449e-01
2.070000000000000284e+00 1.156773435425361568e-01
2.129999999999999893e+00 9.994159291100879194e-02
2.189999999999999947e+00 8.588209876242482166e-02
2.250000000000000000e+00 7.350954026246372952e-02
2.309999999999999609e+00 6.268608166803039949e-02
2.370000000000000107e+00 5.350895305736288327e-02
2.429999999999999716e+00 4.516753124943666958e-02
2.490000000000000213e+00 3.816882826142747182e-02
2.549999999999999822e+00 3.216192174199104109e-02
2.609999999999999876e+00 2.704933326019861098e-02
2.669999999999999929e+00 2.253068023717421861e-02
2.729999999999999538e+00 1.889392761728057868e-02
2.790000000000000036e+00 1.575437708329721284e-02
2.849999999999999645e+00 1.305614927991452512e-02
2.910000000000000142e+00 1.081104095992009399e-02
2.969999999999999751e+00 8.957212303437964845e-03
3.030000000000000249e+00 7.382035365433020982e-03
3.089999999999999858e+00 6.077562859816787108e-03
3.149999999999999911e+00 4.945074592209012555e-03
3.209999999999999964e+00 4.034116924317429805e-03
3.269999999999999574e+00 3.321220526912117832e-03
3.330000000000000071e+00 2.719710311090600945e-03
3.389999999999999680e+00 2.205371889552052919e-03
3.450000000000000178e+00 1.764297511641642639e-03
3.509999999999999787e+00 1.456340175713202647e-03
3.569999999999999840e+00 1.170858758253742228e-03
3.629999999999999893e+00 9.508182746790581202e-04
3.689999999999999503e+00 7.454305998300099316e-04
3.750000000000000000e+00 6.151696137860851541e-04
3.809999999999999609e+00 4.890064471315306400e-04
3.870000000000000107e+00 3.742675042291603916e-04
3.929999999999999716e+00 3.223617919638023846e-04
3.989999999999999769e+00 2.513329225480511885e-04
4.049999999999999822e+00 1.943359801322600098e-04
4.109999999999999432e+00 1.541028443093535067e-04
4.169999999999999929e+00 1.192092913271371272e-04
4.230000000000000426e+00 8.915861580508929686e-05
4.290000000000000036e+00 7.674098129184452164e-05
4.349999999999999645e+00 5.985299835383431778e-05
4.410000000000000142e+00 4.855295094678260733e-05
4.469999999999999751e+00 3.986060678751147338e-05
4.529999999999999361e+00 3.116826262824151850e-05
4.589999999999999858e+00 2.483526902648690093e-05
4.650000000000000355e+00 1.726051197340865219e-05
4.709999999999999964e+00 1.316269258403805675e-05
4.769999999999999574e+00 1.204510547784632520e-05
4.830000000000000071e+00 8.071462433608361217e-06
4.889999999999999680e+00 5.960464566356857036e-06
4.949999999999999289e+00 5.215406495562326140e-06
5.009999999999999787e+00 3.849466699105469746e-06
5.070000000000000284e+00 2.607703247781163070e-06
5.129999999999999893e+00 2.731879592913559051e-06
5.189999999999999503e+00 2.483526902648727278e-06
5.250000000000000000e+00 9.934107610594907840e-07
5.309999999999999609e+00 6.208817256621726079e-07
5.369999999999999218e+00 1.365939796456799854e-06
5.429999999999999716e+00 7.450580707946071295e-07
5.490000000000000213e+00 3.725290353973090705e-07
5.549999999999999822e+00 6.208817256621726079e-07
5.609999999999999432e+00 3.725290353973090705e-07
5.669999999999999929e+00 4.967053805297380863e-07
5.730000000000000426e+00 0.000000000000000000e+00
5.789999999999999147e+00 2.483526902648726960e-07
5.849999999999999645e+00 2.483526902648690432e-07
5.910000000000000142e+00 2.483526902648726960e-07
5.969999999999999751e+00 1.241763451324345216e-07
