2.999999999999999889e-02 9.610466730672617697e-02
8.999999999999999667e-02 1.618552965063996263e-01
1.499999999999999944e-01 2.411967782268681637e-01
2.099999999999999922e-01 3.229543590765771022e-01
2.700000000000000178e-01 4.036774268026955270e-01
3.299999999999999600e-01 4.799177285029321838e-01
3.900000000000000133e-01 5.499733032035826197e-01
4.499999999999999556e-01 6.110707964331220099e-01
5.100000000000000089e-01 6.628279934040798294e-01
5.700000000000000622e-01 7.039992812077157103e-01
6.299999999999998934e-01 7.348613247389204073e-01
6.899999999999999467e-01 7.542078749900643642e-01
7.500000000000000000e-01 7.629909919921873396e-01
8.100000000000000533e-01 7.621715522967650314e-01
8.699999999999998845e-01 7.525514867346851933e-01
9.299999999999999378e-01 7.335171158128754865e-01
9.899999999999999911e-01 7.086021257584446120e-01
1.050000000000000044e+00 6.777482778659577045e-01
1.109999999999999876e+00 6.428844032899885264e-01
1.169999999999999929e+00 6.046796883494626185e-01
1.229999999999999982e+00 5.641389680217123725e-01
1.290000000000000036e+00 5.224177031895859136e-01
1.349999999999999867e+00 4.816345906379411179e-01
1.409999999999999920e+00 4.401508751522810736e-01
1.469999999999999973e+00 3.998140523817191871e-01
1.530000000000000027e+00 3.612662382021511465e-01
1.589999999999999858e+00 3.244421158565251040e-01
1.649999999999999911e+00 2.900369486960538423e-01
1.709999999999999964e+00 2.580846368627097154e-01
1.770000000000000018e+00 2.282495316980998890e-01
1.829999999999999849e+00 2.008405839466096965e-01
1.889999999999999902e+00 1.763338857119321756e-01
1.949999999999999956e+00 1.536941788124106256e-01
2.009999999999999787e+00 1.338055988188007195e-01
2.070000000000000284e+00 1.158247400012467759e-01
2.129999999999999893e+00 9.998716488470996144e-02
2.189999999999999947e+00 8.583019241067470217e-02
2.250000000000000000e+00 7.360366538368406930e-02
2.309999999999999609e+00 6.291816678830604304e-02
2.370000000000000107e+00 5.336552898113073456e-02
2.429999999999999716e+00 4.522390697318241781e-02
2.490000000000000213e+00 3.822669415344811389e-02
2.549999999999999822e+00 3.225294276266996857e-02
2.609999999999999876e+00 2.709751348021778236e-02
2.669999999999999929e+00 2.255402522201852694e-02
2.729999999999999538e+00 1.887641861197662460e-02
2.790000000000000036e+00 1.577846717669416365e-02
2.849999999999999645e+00 1.306024700199747215e-02
2.910000000000000142e+00 1.076186704706549001e-02
2.969999999999999751e+00 8.939330843135688542e-03
3.030000000000000249e+00 7.360676979228924534e-03
3.089999999999999858e+00 6.066386943556762237e-03
3.149999999999999911e+00 4.986797807018971893e-03
3.209999999999999964e+00 4.068265388917910626e-03
3.269999999999999574e+00 3.328298553786909926e-03
3.330000000000000071e+00 2.666438639162269694e-03
3.389999999999999680e+00 2.182647602130825468e-03
3.450000000000000178e+00 1.773114018935316319e-03
3.509999999999999787e+00 1.424923549778188501e-03
3.569999999999999840e+00 1.167878517269190604e-03
3.629999999999999893e+00 9.361654589784542888e-04
3.689999999999999503e+00 7.446855362108755361e-04
3.750000000000000000e+00 6.036212091914401438e-04
3.809999999999999609e+00 4.903723832744285660e-04
3.870000000000000107e+00 3.920247186622868385e-04
3.929999999999999716e+00 3.114342712717818660e-04
3.989999999999999769e+00 2.415229894831021800e-04
4.049999999999999822e+00 2.022832647136080090e-04
4.109999999999999432e+00 1.501292001465658098e-04
4.169999999999999929e+00 1.183400560295079463e-04
4.230000000000000426e+00 9.325643449964510147e-05
4.290000000000000036e+00 7.798274416215214696e-05
4.349999999999999645e+00 6.034970328472372581e-05
4.410000000000000142e+00 4.731118714296242384e-05
4.469999999999999751e+00 3.737707960638184151e-05
4.529999999999999361e+00 2.831220647925310451e-05
4.589999999999999858e+00 2.371768174358449116e-05
4.650000000000000355e+00 1.713633550060056433e-05
4.709999999999999964e+00 1.341104517438285103e-05
4.769999999999999574e+00 1.142422366706704289e-05
4.830000000000000071e+00 7.574756996642278987e-06
4.889999999999999680e+00 6.829698931398674325e-06
4.949999999999999289e+00 5.836288177740772793e-06
5.009999999999999787e+00 4.097819358839204765e-06
5.070000000000000284e+00 3.849466670424764745e-06
5.129999999999999893e+00 1.862645163108729381e-06
5.189999999999999503e+00 2.359350539937759133e-06
5.250000000000000000e+00 9.934107536580038120e-07
5.309999999999999609e+00 1.241763442072486395e-06
5.369999999999999218e+00 2.483526884145009530e-07
5.429999999999999716e+00 4.967053768289946003e-07
5.490000000000000213e+00 7.450580652435028061e-07
5.549999999999999822e+00 0.000000000000000000e+00
5.609999999999999432e+00 1.241763442072504765e-07
5.669999999999999929e+00 1.241763442072486501e-07
5.730000000000000426e+00 1.241763442072504765e-07
5.789999999999999147e+00 1.241763442072504765e-07
5.849999999999999645e+00 3.725290326217458973e-07
5.910000000000000142e+00 1.241763442072504765e-07
5.969999999999999751e+00 0.000000000000000000e+00
