2.999999999999999889e-02 9.618948118315470697e-02
8.999999999999999667e-02 1.617244170494868405e-01
1.499999999999999944e-01 2.417231653519185675e-01
2.099999999999999922e-01 3.231802406624510460e-01
2.700000000000000178e-01 4.034794957223422074e-01
3.299999999999999600e-01 4.799680270744171029e-01
3.900000000000000133e-01 5.495399359510824144e-01
4.499999999999999556e-01 6.114808358334689053e-01
5.100000000000000089e-01 6.625294833450643406e-01
5.700000000000000622e-01 7.038439470892046135e-01
6.299999999999998934e-01 7.349241689203127592e-01
6.899999999999999467e-01 7.541307727177358755e-01
7.500000000000000000e-01 7.627468726652899544e-01
8.100000000000000533e-01 7.621515712622911609e-01
8.699999999999998845e-01 7.522882440949342220e-01
9.299999999999999378e-01 7.335897699055762278e-01
9.899999999999999911e-01 7.085893461537953186e-01
1.050000000000000044e+00 6.777523857846141642e-01
1.109999999999999876e+00 6.430884346062855084e-01
1.169999999999999929e+00 6.046816841814293131e-01
1.229999999999999982e+00 5.637927727752297669e-01
1.290000000000000036e+00 5.227952070662316153e-01
1.349999999999999867e+00 4.812441873828507966e-01
1.409999999999999920e+00 4.398852685068231350e-01
1.469999999999999973e+00 3.999042103666508030e-01
1.530000000000000027e+00 3.615066489914052217e-01
1.589999999999999858e+00 3.243513477821213242e-01
1.649999999999999911e+00 2.903270289623319234e-01
1.709999999999999964e+00 2.581530618751482486e-01
1.770000000000000018e+00 2.282208503633437191e-01
1.829999999999999849e+00 2.011167551329998415e-01
1.889999999999999902e+00 1.764096359106070155e-01
1.949999999999999956e+00 1.538696422796118346e-01
2.009999999999999787e+00 1.341071009808874614e-01
2.070000000000000284e+00 1.157792931845128409e-01
2.129999999999999893e+00 9.990235393027750710e-02
2.189999999999999947e+00 8.581367823561859842e-02
2.250000000000000000e+00 7.365010843388972162e-02
2.309999999999999609e+00 6.266608974336282389e-02
2.370000000000000107e+00 5.336242536768767003e-02
2.429999999999999716e+00 4.519758226170694781e-02
2.490000000000000213e+00 3.829983459089820325e-02
2.549999999999999822e+00 3.218886824871054070e-02
2.609999999999999876e+00 2.699780027811793728e-02
2.669999999999999929e+00 2.251503418543760945e-02
2.729999999999999538e+00 1.879930538235540655e-02
2.790000000000000036e+00 1.575735743298185484e-02
2.849999999999999645e+00 1.300387113550016162e-02
2.910000000000000142e+00 1.078931017990854280e-02
2.969999999999999751e+00 8.943428795762002961e-03
3.030000000000000249e+00 7.378310130051742716e-03
3.089999999999999858e+00 6.094078359123823729e-03
3.149999999999999911e+00 4.951780151739802391e-03
3.209999999999999964e+00 4.087140254140547539e-03
3.269999999999999574e+00 3.275896185346108182e-03
3.330000000000000071e+00 2.689038773877789473e-03
3.389999999999999680e+00 2.213567544823157561e-03
3.450000000000000178e+00 1.788015206883689220e-03
3.509999999999999787e+00 1.434112620619468551e-03
3.569999999999999840e+00 1.164401596982323839e-03
3.629999999999999893e+00 9.411325267707119175e-04
3.689999999999999503e+00 7.445613709614973350e-04
3.750000000000000000e+00 6.133069731785917343e-04
3.809999999999999609e+00 4.795690484745334715e-04
3.870000000000000107e+00 3.887961395064123450e-04
3.929999999999999716e+00 3.060946930320365710e-04
3.989999999999999769e+00 2.462416942322648988e-04
4.049999999999999822e+00 1.999239171527688414e-04
4.109999999999999432e+00 1.568347250707768936e-04
4.169999999999999929e+00 1.229345825970441742e-04
4.230000000000000426e+00 9.573996281042674900e-05
4.290000000000000036e+00 7.189810436736221390e-05
4.349999999999999645e+00 5.836288264708244523e-05
4.410000000000000142e+00 5.240241803631658589e-05
4.469999999999999751e+00 3.377596612767274438e-05
4.529999999999999361e+00 2.781550151690737971e-05
4.589999999999999858e+00 2.235174229037166927e-05
4.650000000000000355e+00 1.639127767960613520e-05
4.709999999999999964e+00 1.490116152691444675e-05
4.769999999999999574e+00 8.940696916148800863e-06
4.830000000000000071e+00 6.953875379226844927e-06
4.889999999999999680e+00 6.829699033169121355e-06
4.949999999999999289e+00 4.967053842304889839e-06
5.009999999999999787e+00 3.476937689613371218e-06
5.070000000000000284e+00 3.725290381728666744e-06
5.129999999999999893e+00 2.731879613267648542e-06
5.189999999999999503e+00 1.738468844806711232e-06
5.250000000000000000e+00 1.117587114518600108e-06
5.309999999999999609e+00 3.725290381728612322e-07
5.369999999999999218e+00 7.450580763457334758e-07
5.429999999999999716e+00 1.365939806633824271e-06
5.490000000000000213e+00 6.208817302881112299e-07
5.549999999999999822e+00 4.967053842304815724e-07
5.609999999999999432e+00 3.725290381728667379e-07
5.669999999999999929e+00 1.241763460576203931e-07
5.730000000000000426e+00 0.000000000000000000e+00
5.789999999999999147e+00 1.241763460576222195e-07
5.849999999999999645e+00 2.483526921152407862e-07
5.910000000000000142e+00 0.000000000000000000e+00
5.969999999999999751e+00 0.000000000000000000e+00
