2.999999999999999889e-02 9.631788167785076960e-02
8.999999999999999667e-02 1.617788099050983530e-01
1.499999999999999944e-01 2.415205149535568363e-01
2.099999999999999922e-01 3.233937070297369099e-01
2.700000000000000178e-01 4.035568666061352117e-01
3.299999999999999600e-01 4.797547028352435738e-01
3.900000000000000133e-01 5.498320110067134170e-01
4.499999999999999556e-01 6.114418581275976594e-01
5.100000000000000089e-01 6.626839735317013869e-01
5.700000000000000622e-01 7.043003109033054709e-01
6.299999999999998934e-01 7.342778474514720655e-01
6.899999999999999467e-01 7.539050369716943090e-01
7.500000000000000000e-01 7.627707315729879145e-01
8.100000000000000533e-01 7.621122243951269359e-01
8.699999999999998845e-01 7.517416366223240720e-01
9.299999999999999378e-01 7.335344036510065280e-01
9.899999999999999911e-01 7.088845291731786791e-01
1.050000000000000044e+00 6.783644661569598888e-01
1.109999999999999876e+00 6.434669384916763546e-01
1.169999999999999929e+00 6.046256941637949689e-01
1.229999999999999982e+00 5.639427904063711861e-01
1.290000000000000036e+00 5.225068812696249676e-01
1.349999999999999867e+00 4.807235267088396102e-01
1.409999999999999920e+00 4.397943812516796336e-01
1.469999999999999973e+00 4.000349770005281469e-01
1.530000000000000027e+00 3.613482080505977523e-01
1.589999999999999858e+00 3.247656073316467218e-01
1.649999999999999911e+00 2.903508773106229235e-01
1.709999999999999964e+00 2.579090611198618932e-01
1.770000000000000018e+00 2.281740409809673575e-01
1.829999999999999849e+00 2.008779685095035961e-01
1.889999999999999902e+00 1.762939074965573227e-01
1.949999999999999956e+00 1.538790831213778243e-01
2.009999999999999787e+00 1.338864426065383417e-01
2.070000000000000284e+00 1.159254513349584903e-01
2.129999999999999893e+00 1.001156911305646213e-01
2.189999999999999947e+00 8.585788693388846093e-02
2.250000000000000000e+00 7.349215776438219883e-02
2.309999999999999609e+00 6.276369375424202535e-02
2.370000000000000107e+00 5.339322229494149891e-02
2.429999999999999716e+00 4.516902271172005406e-02
2.490000000000000213e+00 3.819341631601621406e-02
2.549999999999999822e+00 3.222748781267496115e-02
2.609999999999999876e+00 2.694775781298605621e-02
2.669999999999999929e+00 2.260419330715008474e-02
2.729999999999999538e+00 1.890175129034001728e-02
2.790000000000000036e+00 1.579038869397588266e-02
2.849999999999999645e+00 1.303566057146063849e-02
2.910000000000000142e+00 1.087759980508882021e-02
2.969999999999999751e+00 8.890902400106787118e-03
3.030000000000000249e+00 7.302314369483928549e-03
3.089999999999999858e+00 6.090849910267433220e-03
3.149999999999999911e+00 4.970530891094527941e-03
3.209999999999999964e+00 4.101296449262237589e-03
3.269999999999999574e+00 3.328298677775698346e-03
3.330000000000000071e+00 2.731382968934606675e-03
3.389999999999999680e+00 2.194071907533440887e-03
3.450000000000000178e+00 1.774604201174961827e-03
3.509999999999999787e+00 1.429021422372224589e-03
3.569999999999999840e+00 1.154343338753241119e-03
3.629999999999999893e+00 9.275973257838475471e-04
3.689999999999999503e+00 7.644296034170503309e-04
3.750000000000000000e+00 6.151696321195690821e-04
3.809999999999999609e+00 4.885097563097264700e-04
3.870000000000000107e+00 3.875543847083518412e-04
3.929999999999999716e+00 3.011276459204592008e-04
3.989999999999999769e+00 2.514571063871894377e-04
4.049999999999999822e+00 1.934667514820915277e-04
4.109999999999999432e+00 1.569589049251394986e-04
4.169999999999999929e+00 1.170982969496869901e-04
4.230000000000000426e+00 9.189049813655319522e-05
4.290000000000000036e+00 7.897615785790130854e-05
4.349999999999999645e+00 5.997717648642593587e-05
4.410000000000000142e+00 4.507601462644432932e-05
4.469999999999999751e+00 3.712872830112026599e-05
4.529999999999999361e+00 2.682209134796687824e-05
4.589999999999999858e+00 2.508362246430198591e-05
4.650000000000000355e+00 1.974403946447561851e-05
4.709999999999999964e+00 1.452863281348184277e-05
4.769999999999999574e+00 1.204510583681845795e-05
4.830000000000000071e+00 7.947286325323517847e-06
4.889999999999999680e+00 6.581346488158441814e-06
4.949999999999999289e+00 4.967053953327199925e-06
5.009999999999999787e+00 4.221995860328056917e-06
5.070000000000000284e+00 2.359350627830419625e-06
5.129999999999999893e+00 1.986821581330850239e-06
5.189999999999999503e+00 2.359350627830419625e-06
5.250000000000000000e+00 1.986821581330879462e-06
5.309999999999999609e+00 1.117587139498603339e-06
5.369999999999999218e+00 7.450580929990799040e-07
5.429999999999999716e+00 8.692344418322470060e-07
5.490000000000000213e+00 1.241763488331799664e-07
5.549999999999999822e+00 6.208817441658907791e-07
5.609999999999999432e+00 3.725290464995399520e-07
5.669999999999999929e+00 1.241763488331781399e-07
5.730000000000000426e+00 1.241763488331799664e-07
5.789999999999999147e+00 3.725290464995399520e-07
5.849999999999999645e+00 0.000000000000000000e+00
5.910000000000000142e+00 1.241763488331799664e-07
5.969999999999999751e+00 1.241763488331781399e-07
