2.999999999999999889e-02 9.612826009591421417e-02
8.999999999999999667e-02 1.615126927693684988e-01
1.499999999999999944e-01 2.413418143987655640e-01
2.099999999999999922e-01 3.229410698016484949e-01
2.700000000000000178e-01 4.034349073966344568e-01
3.299999999999999600e-01 4.798065871000289917e-01
3.900000000000000133e-01 5.495912084976832812e-01
4.499999999999999556e-01 6.111118942499160767e-01
5.100000000000000089e-01 6.626654416322702579e-01
5.700000000000000622e-01 7.040089617172883285e-01
6.299999999999998934e-01 7.349775483210888583e-01
6.899999999999999467e-01 7.541634142398827567e-01
7.500000000000000000e-01 7.628496736288064017e-01
8.100000000000000533e-01 7.619998107353853634e-01
8.699999999999998845e-01 7.518223176399874141e-01
9.299999999999999378e-01 7.341248293717695939e-01
9.899999999999999911e-01 7.088663677374515970e-01
1.050000000000000044e+00 6.781925757726027237e-01
1.109999999999999876e+00 6.431017071008700015e-01
1.169999999999999929e+00 6.052831808725986917e-01
1.229999999999999982e+00 5.644007275501882193e-01
1.290000000000000036e+00 5.229752510786070951e-01
1.349999999999999867e+00 4.810286064942673745e-01
1.409999999999999920e+00 4.398558288812633443e-01
1.469999999999999973e+00 4.001813630263006960e-01
1.530000000000000027e+00 3.615471223990119332e-01
1.589999999999999858e+00 3.247581422328957856e-01
1.649999999999999911e+00 2.901459733645118666e-01
1.709999999999999964e+00 2.578770120938616572e-01
1.770000000000000018e+00 2.280219147602723373e-01
1.829999999999999849e+00 2.008604506651558708e-01
1.889999999999999902e+00 1.763757318258283857e-01
1.949999999999999956e+00 1.539178192615507645e-01
2.009999999999999787e+00 1.338786135117211729e-01
2.070000000000000284e+00 1.156461735566456095e-01
2.129999999999999893e+00 9.992333749930054632e-02
2.189999999999999947e+00 8.588880300521906097e-02
2.250000000000000000e+00 7.336897154649092700e-02
2.309999999999999609e+00 6.269849836826318912e-02
2.370000000000000107e+00 5.330008765061691745e-02
2.429999999999999716e+00 4.522576928138728747e-02
2.490000000000000213e+00 3.826295336087541521e-02
2.549999999999999822e+00 3.214155634244280496e-02
2.609999999999999876e+00 2.688802778720873060e-02
2.669999999999999929e+00 2.263051768143969911e-02
2.729999999999999538e+00 1.885816454887388402e-02
2.790000000000000036e+00 1.575971643129983266e-02
2.849999999999999645e+00 1.303056875864663615e-02
2.910000000000000142e+00 1.077987253665923031e-02
2.969999999999999751e+00 8.868798613548270135e-03
3.030000000000000249e+00 7.364278038342787422e-03
3.089999999999999858e+00 6.072719891866042684e-03
3.149999999999999911e+00 4.992261528968843128e-03
3.209999999999999964e+00 4.053364197413123447e-03
3.269999999999999574e+00 3.320351243019100968e-03
3.330000000000000071e+00 2.685313423474627263e-03
3.389999999999999680e+00 2.170229951540627190e-03
3.450000000000000178e+00 1.775349179903664516e-03
3.509999999999999787e+00 1.430014769236245516e-03
3.569999999999999840e+00 1.168375213940945831e-03
3.629999999999999893e+00 9.207675854365022974e-04
3.689999999999999503e+00 7.505218187967929331e-04
3.750000000000000000e+00 6.113201379775995556e-04
3.809999999999999609e+00 4.859020312627152058e-04
3.870000000000000107e+00 3.793587287267045720e-04
3.929999999999999716e+00 3.072122732798255934e-04
3.989999999999999769e+00 2.421438694000259862e-04
4.049999999999999822e+00 1.870095729827865409e-04
4.109999999999999432e+00 1.492599646250416569e-04
4.169999999999999929e+00 1.204510529836008942e-04
4.230000000000000426e+00 1.028180122375494922e-04
4.290000000000000036e+00 7.512668768564798136e-05
4.349999999999999645e+00 6.072223186492959224e-05
4.410000000000000142e+00 5.451341470082636374e-05
4.469999999999999751e+00 3.799796104431121173e-05
4.529999999999999361e+00 2.644956111907976264e-05
4.589999999999999858e+00 2.086162567138654596e-05
4.650000000000000355e+00 1.837809880574556355e-05
4.709999999999999964e+00 1.465280850728340724e-05
4.769999999999999574e+00 1.030663649241136277e-05
4.830000000000000071e+00 9.437402089436910509e-06
4.889999999999999680e+00 5.836288134256950699e-06
4.949999999999999289e+00 5.339582761128777936e-06
5.009999999999999787e+00 3.725290298461883146e-06
5.070000000000000284e+00 3.973642985026067360e-06
5.129999999999999893e+00 2.359350522359192475e-06
5.189999999999999503e+00 1.862645149230969101e-06
5.250000000000000000e+00 1.365939776102710787e-06
5.309999999999999609e+00 9.934107462565022287e-07
5.369999999999999218e+00 1.241763432820646209e-06
5.429999999999999716e+00 1.241763432820627786e-07
5.490000000000000213e+00 6.208817164103231044e-07
5.549999999999999822e+00 2.483526865641255572e-07
5.609999999999999432e+00 2.483526865641292100e-07
5.669999999999999929e+00 3.725290298461883358e-07
5.730000000000000426e+00 2.483526865641292100e-07
5.789999999999999147e+00 0.000000000000000000e+00
5.849999999999999645e+00 0.000000000000000000e+00
5.910000000000000142e+00 0.000000000000000000e+00
5.969999999999999751e+00 0.000000000000000000e+00
