2.999999999999999889e-02 9.635091043302961011e-02
8.999999999999999667e-02 1.617143587654561732e-01
1.499999999999999944e-01 2.413952156219803802e-01
2.099999999999999922e-01 3.235994600067415572e-01
2.700000000000000178e-01 4.037444880448292084e-01
3.299999999999999600e-01 4.795424747364775975e-01
3.900000000000000133e-01 5.499488486586502356e-01
4.499999999999999556e-01 6.112018115838774301e-01
5.100000000000000089e-01 6.628302384552158255e-01
5.700000000000000622e-01 7.044447122514314596e-01
6.299999999999998934e-01 7.341390018841904563e-01
6.899999999999999467e-01 7.543133119464405789e-01
7.500000000000000000e-01 7.634345612697570616e-01
8.100000000000000533e-01 7.623198302111992009e-01
8.699999999999998845e-01 7.519378184463596515e-01
9.299999999999999378e-01 7.338458215311470800e-01
9.899999999999999911e-01 7.081429321897182438e-01
1.050000000000000044e+00 6.774151228287216275e-01
1.109999999999999876e+00 6.425872588735969115e-01
1.169999999999999929e+00 6.049431995662266637e-01
1.229999999999999982e+00 5.636672304893655117e-01
1.290000000000000036e+00 5.224684990997540135e-01
1.349999999999999867e+00 4.811844585603970992e-01
1.409999999999999920e+00 4.396036365539644497e-01
1.469999999999999973e+00 4.004089872133750339e-01
1.530000000000000027e+00 3.615417908973395655e-01
1.589999999999999858e+00 3.242306483737533163e-01
1.649999999999999911e+00 2.900824015605983908e-01
1.709999999999999964e+00 2.577804086606293454e-01
1.770000000000000018e+00 2.283134859175027231e-01
1.829999999999999849e+00 2.013751661091457423e-01
1.889999999999999902e+00 1.761919547759680238e-01
1.949999999999999956e+00 1.540634815558077908e-01
2.009999999999999787e+00 1.339639256538830148e-01
2.070000000000000284e+00 1.157873646470065909e-01
2.129999999999999893e+00 9.981406454823053831e-02
2.189999999999999947e+00 8.599994275470503047e-02
2.250000000000000000e+00 7.363421386159435533e-02
2.309999999999999609e+00 6.265541057760186383e-02
2.370000000000000107e+00 5.332455158214009089e-02
2.429999999999999716e+00 4.539328418309376140e-02
2.490000000000000213e+00 3.816783513503894942e-02
2.549999999999999822e+00 3.221022658023244695e-02
2.609999999999999876e+00 2.708037754824625665e-02
2.669999999999999929e+00 2.264243911649272897e-02
2.729999999999999538e+00 1.887790900940988087e-02
2.790000000000000036e+00 1.573947603914955737e-02
2.849999999999999645e+00 1.307191977313973928e-02
2.910000000000000142e+00 1.086468522196551954e-02
2.969999999999999751e+00 8.944546382876521554e-03
3.030000000000000249e+00 7.403393751955382809e-03
3.089999999999999858e+00 6.096810238737091978e-03
3.149999999999999911e+00 4.939362517134039676e-03
3.209999999999999964e+00 4.053860993397105303e-03
3.269999999999999574e+00 3.310541385896184543e-03
3.330000000000000071e+00 2.711390516168161319e-03
3.389999999999999680e+00 2.189353157341921829e-03
3.450000000000000178e+00 1.760820587097070141e-03
3.509999999999999787e+00 1.432995033504949958e-03
3.569999999999999840e+00 1.170486237939147214e-03
3.629999999999999893e+00 9.220093694778381914e-04
3.689999999999999503e+00 7.474174269208226987e-04
3.750000000000000000e+00 6.103267408732088216e-04
3.809999999999999609e+00 4.871438055840484108e-04
3.870000000000000107e+00 3.896653739288157307e-04
3.929999999999999716e+00 3.104408651440532826e-04
3.989999999999999769e+00 2.508362190363968712e-04
4.049999999999999822e+00 2.014140333054602978e-04
4.109999999999999432e+00 1.608083681446207953e-04
4.169999999999999929e+00 1.195818212534884381e-04
4.230000000000000426e+00 1.013278983830197510e-04
4.290000000000000036e+00 7.686515820966702327e-05
4.349999999999999645e+00 6.097058591429251420e-05
4.410000000000000142e+00 5.078812553756749236e-05
4.469999999999999751e+00 3.923972535420804824e-05
4.529999999999999361e+00 2.905726497748360238e-05
4.589999999999999858e+00 2.284844767460215021e-05
4.650000000000000355e+00 1.738468844806711401e-05
4.709999999999999964e+00 1.390775075845348487e-05
4.769999999999999574e+00 1.005828403066740161e-05
4.830000000000000071e+00 9.561578646436912199e-06
4.889999999999999680e+00 7.947286147687705158e-06
4.949999999999999289e+00 5.463759226535378399e-06
5.009999999999999787e+00 4.221995765959093047e-06
5.070000000000000284e+00 2.856055959325311128e-06
5.129999999999999893e+00 2.980232305382889858e-06
5.189999999999999503e+00 1.614292498749089092e-06
5.250000000000000000e+00 7.450580763457334758e-07
5.309999999999999609e+00 9.934107684609631447e-07
5.369999999999999218e+00 7.450580763457334758e-07
5.429999999999999716e+00 8.692344224033428046e-07
5.490000000000000213e+00 3.725290381728667379e-07
5.549999999999999822e+00 4.967053842304815724e-07
5.609999999999999432e+00 6.208817302881112299e-07
5.669999999999999929e+00 0.000000000000000000e+00
5.730000000000000426e+00 0.000000000000000000e+00
5.789999999999999147e+00 3.725290381728667379e-07
5.849999999999999645e+00 0.000000000000000000e+00
5.910000000000000142e+00 0.000000000000000000e+00
5.969999999999999751e+00 0.000000000000000000e+00
