2.999999999999999889e-02 9.657790407406148525e-02
8.999999999999999667e-02 1.619153990633596940e-01
1.499999999999999944e-01 2.418911741459048026e-01
2.099999999999999922e-01 3.232377319023668760e-01
2.700000000000000178e-01 4.033504734935930425e-01
3.299999999999999600e-01 4.804028890590303913e-01
3.900000000000000133e-01 5.498173418117167088e-01
4.499999999999999556e-01 6.110400052523613512e-01
5.100000000000000089e-01 6.629609912081700918e-01
5.700000000000000622e-01 7.037213797925128134e-01
6.299999999999998934e-01 7.344087074360562406e-01
6.899999999999999467e-01 7.543126854446426943e-01
7.500000000000000000e-01 7.634850953541951757e-01
8.100000000000000533e-01 7.617091252661124523e-01
8.699999999999998845e-01 7.515189660318545295e-01
9.299999999999999378e-01 7.333615283175530797e-01
9.899999999999999911e-01 7.079217688429612076e-01
1.050000000000000044e+00 6.777091673668592664e-01
1.109999999999999876e+00 6.428389595375322285e-01
1.169999999999999929e+00 6.045711627290317747e-01
1.229999999999999982e+00 5.646289720827679659e-01
1.290000000000000036e+00 5.227136193123517183e-01
1.349999999999999867e+00 4.813097489075320867e-01
1.409999999999999920e+00 4.397692845230687375e-01
1.469999999999999973e+00 3.997809002764156627e-01
1.530000000000000027e+00 3.609576626761403229e-01
1.589999999999999858e+00 3.247492063753197322e-01
1.649999999999999911e+00 2.901557876192892849e-01
1.709999999999999964e+00 2.583075353251028106e-01
1.770000000000000018e+00 2.282552455105675560e-01
1.829999999999999849e+00 2.009364495814309204e-01
1.889999999999999902e+00 1.760343736812625959e-01
1.949999999999999956e+00 1.538821829440520372e-01
2.009999999999999787e+00 1.338639626979423736e-01
2.070000000000000284e+00 1.162424700892338708e-01
2.129999999999999893e+00 1.001644894505215322e-01
2.189999999999999947e+00 8.578164009921269983e-02
2.250000000000000000e+00 7.356380532528661309e-02
2.309999999999999609e+00 6.288575723100335579e-02
2.370000000000000107e+00 5.342563072977901673e-02
2.429999999999999716e+00 4.524452058341877497e-02
2.490000000000000213e+00 3.820434269613534606e-02
2.549999999999999822e+00 3.224884518358375057e-02
2.609999999999999876e+00 2.700711330285357828e-02
2.669999999999999929e+00 2.262890372617397047e-02
2.729999999999999538e+00 1.885133513090015561e-02
2.790000000000000036e+00 1.576530460166887179e-02
2.849999999999999645e+00 1.303926129697651447e-02
2.910000000000000142e+00 1.087685442284028366e-02
2.969999999999999751e+00 8.992602561800708966e-03
3.030000000000000249e+00 7.366264969601202250e-03
3.089999999999999858e+00 6.052975943480564877e-03
3.149999999999999911e+00 4.942591065306364134e-03
3.209999999999999964e+00 4.026293814574086367e-03
3.269999999999999574e+00 3.328298578584666656e-03
3.330000000000000071e+00 2.718096018603878995e-03
3.389999999999999680e+00 2.176066272100798428e-03
3.450000000000000178e+00 1.781061318234521433e-03
3.509999999999999787e+00 1.422688386182312551e-03
3.569999999999999840e+00 1.171603816324536841e-03
3.629999999999999893e+00 9.217610099180682109e-04
3.689999999999999503e+00 7.559855891662668054e-04
3.750000000000000000e+00 6.125619105383040084e-04
3.809999999999999609e+00 4.826734535297765374e-04
3.870000000000000107e+00 3.849466699105498274e-04
3.929999999999999716e+00 3.073364542027776699e-04
3.989999999999999769e+00 2.564241526984810263e-04
4.049999999999999822e+00 1.979370941411005944e-04
4.109999999999999432e+00 1.485149087783938816e-04
4.169999999999999929e+00 1.317511021855130007e-04
4.230000000000000426e+00 9.412566961038674887e-05
4.290000000000000036e+00 7.785856839803642767e-05
4.349999999999999645e+00 6.109476180515867739e-05
4.410000000000000142e+00 4.594524769900144807e-05
4.469999999999999751e+00 4.035731216804121316e-05
4.529999999999999361e+00 2.806385399993061269e-05
4.589999999999999858e+00 2.359350557516255825e-05
4.650000000000000355e+00 2.073744963711687131e-05
4.709999999999999964e+00 1.577039583181918212e-05
4.769999999999999574e+00 1.229345816811119848e-05
4.830000000000000071e+00 8.568167814138107774e-06
4.889999999999999680e+00 6.953875327416332362e-06
4.949999999999999289e+00 6.457169946886689990e-06
5.009999999999999787e+00 4.221995734502772887e-06
5.070000000000000284e+00 3.228584973443344995e-06
5.129999999999999893e+00 2.359350557516255487e-06
5.189999999999999503e+00 1.117587106191927000e-06
5.250000000000000000e+00 1.986821522118981568e-06
5.309999999999999609e+00 1.738468831854083090e-06
5.369999999999999218e+00 6.208817256621818194e-07
5.429999999999999716e+00 1.241763451324345216e-06
5.490000000000000213e+00 6.208817256621818194e-07
5.549999999999999822e+00 7.450580707946071295e-07
5.609999999999999432e+00 3.725290353973090705e-07
5.669999999999999929e+00 1.241763451324345216e-07
5.730000000000000426e+00 1.241763451324363480e-07
5.789999999999999147e+00 0.000000000000000000e+00
5.849999999999999645e+00 0.000000000000000000e+00
5.910000000000000142e+00 2.483526902648726960e-07
5.969999999999999751e+00 0.000000000000000000e+00
