2.999999999999999889e-02 9.610404642500515460e-02
8.999999999999999667e-02 1.618778966010453735e-01
1.499999999999999944e-01 2.415669479089499749e-01
2.099999999999999922e-01 3.230359429347212652e-01
2.700000000000000178e-01 4.033980300282292153e-01
3.299999999999999600e-01 4.798088258490623703e-01
3.900000000000000133e-01 5.502299757070590047e-01
4.499999999999999556e-01 6.104885335551342163e-01
5.100000000000000089e-01 6.630726208021681112e-01
5.700000000000000622e-01 7.042697372853991000e-01
6.299999999999998934e-01 7.344963704632953005e-01
6.899999999999999467e-01 7.544680244311784412e-01
7.500000000000000000e-01 7.631689366934362173e-01
8.100000000000000533e-01 7.615445859348626279e-01
8.699999999999998845e-01 7.523308253710289106e-01
9.299999999999999378e-01 7.337118243205924539e-01
9.899999999999999911e-01 7.089479568770618023e-01
1.050000000000000044e+00 6.777662834358677557e-01
1.109999999999999876e+00 6.430865623783579288e-01
1.169999999999999929e+00 6.049001013604305976e-01
1.229999999999999982e+00 5.642523410239737025e-01
1.290000000000000036e+00 5.229355185449301446e-01
1.349999999999999867e+00 4.807324494972755047e-01
1.409999999999999920e+00 4.399561666445641062e-01
1.469999999999999973e+00 3.996940980332149840e-01
1.530000000000000027e+00 3.609436280599007119e-01
1.589999999999999858e+00 3.247526808933874354e-01
1.649999999999999911e+00 2.900330992293834731e-01
1.709999999999999964e+00 2.578422446388171085e-01
1.770000000000000018e+00 2.282908824207209031e-01
1.829999999999999849e+00 2.011047070307385165e-01
1.889999999999999902e+00 1.759730292556658804e-01
1.949999999999999956e+00 1.539114874147733125e-01
2.009999999999999787e+00 1.339141289436378557e-01
2.070000000000000284e+00 1.159808296659152888e-01
2.129999999999999893e+00 9.992184812765694812e-02
2.189999999999999947e+00 8.595598304735664608e-02
2.250000000000000000e+00 7.357013777074811189e-02
2.309999999999999609e+00 6.273177809565094742e-02
2.370000000000000107e+00 5.341023246504534444e-02
2.429999999999999716e+00 4.523371690437479747e-02
2.490000000000000213e+00 3.819391159857739998e-02
2.549999999999999822e+00 3.227132086161263458e-02
2.609999999999999876e+00 2.700785815970014811e-02
2.669999999999999929e+00 2.265237288663066867e-02
2.729999999999999538e+00 1.888684942489003357e-02
2.790000000000000036e+00 1.574568462182344974e-02
2.849999999999999645e+00 1.311240106656451701e-02
2.910000000000000142e+00 1.078347373095755145e-02
2.969999999999999751e+00 8.921821978602466341e-03
3.030000000000000249e+00 7.380545194302083611e-03
3.089999999999999858e+00 6.074085876897611716e-03
3.149999999999999911e+00 4.971275763993065686e-03
3.209999999999999964e+00 4.057834576004501655e-03
3.269999999999999574e+00 3.304208343010703493e-03
3.330000000000000071e+00 2.693509082199450119e-03
3.389999999999999680e+00 2.194568531174721435e-03
3.450000000000000178e+00 1.768146965167026333e-03
3.509999999999999787e+00 1.447399468079700689e-03
3.569999999999999840e+00 1.143539953804569671e-03
3.629999999999999893e+00 9.278456439165686702e-04
3.689999999999999503e+00 7.680306889218384715e-04
3.750000000000000000e+00 5.972882156368704114e-04
3.809999999999999609e+00 4.752228692811440538e-04
3.870000000000000107e+00 3.914038369412505903e-04
3.929999999999999716e+00 3.136694454675123598e-04
3.989999999999999769e+00 2.423922238925529276e-04
4.049999999999999822e+00 1.888722195392251546e-04
4.109999999999999432e+00 1.601874840273530862e-04
4.169999999999999929e+00 1.224378753883471579e-04
4.230000000000000426e+00 9.809931192372786516e-05
4.290000000000000036e+00 7.400910114752018508e-05
4.349999999999999645e+00 5.736947102374971374e-05
4.410000000000000142e+00 4.991889037131468695e-05
4.469999999999999751e+00 3.787378498321083335e-05
4.529999999999999361e+00 2.893308820028935957e-05
4.589999999999999858e+00 2.694626669297295172e-05
4.650000000000000355e+00 1.676380646797881197e-05
4.709999999999999964e+00 1.241763442072486395e-05
4.769999999999999574e+00 1.092751829023804257e-05
4.830000000000000071e+00 9.685754848165535844e-06
4.889999999999999680e+00 5.712111833533436739e-06
4.949999999999999289e+00 5.960464521948022449e-06
5.009999999999999787e+00 4.097819358839204765e-06
5.070000000000000284e+00 3.849466670424764745e-06
5.129999999999999893e+00 1.490116130486983589e-06
5.189999999999999503e+00 2.856055916766760721e-06
5.250000000000000000e+00 1.490116130487005612e-06
5.309999999999999609e+00 1.241763442072486395e-06
5.369999999999999218e+00 9.934107536580038120e-07
5.429999999999999716e+00 3.725290326217458973e-07
5.490000000000000213e+00 9.934107536580038120e-07
5.549999999999999822e+00 2.483526884144973002e-07
5.609999999999999432e+00 3.725290326217514030e-07
5.669999999999999929e+00 1.241763442072486501e-07
5.730000000000000426e+00 3.725290326217514030e-07
5.789999999999999147e+00 2.483526884145009530e-07
5.849999999999999645e+00 0.000000000000000000e+00
5.910000000000000142e+00 1.241763442072504765e-07
5.969999999999999751e+00 0.000000000000000000e+00
