2.999999999999999889e-02 9.628062590381443464e-02
8.999999999999999667e-02 1.614333464915555794e-01
1.499999999999999944e-01 2.414205457978528813e-01
2.099999999999999922e-01 3.233328509827382846e-01
2.700000000000000178e-01 4.033950528014956238e-01
3.299999999999999600e-01 4.799868983028366953e-01
3.900000000000000133e-01 5.495966804464164079e-01
4.499999999999999556e-01 6.112087609053963311e-01
5.100000000000000089e-01 6.625055123742243923e-01
5.700000000000000622e-01 7.039619093730343780e-01
6.299999999999998934e-01 7.352730989745231982e-01
6.899999999999999467e-01 7.539469861082277458e-01
7.500000000000000000e-01 7.634545479732925966e-01
8.100000000000000533e-01 7.618807369750856262e-01
8.699999999999998845e-01 7.517141712464027181e-01
9.299999999999999378e-01 7.338779777369588420e-01
9.899999999999999911e-01 7.086880610687734672e-01
1.050000000000000044e+00 6.781518560372563620e-01
1.109999999999999876e+00 6.431980775276552320e-01
1.169999999999999929e+00 6.047037830656332158e-01
1.229999999999999982e+00 5.639820133246279399e-01
1.290000000000000036e+00 5.229296861528821561e-01
1.349999999999999867e+00 4.811166546908511865e-01
1.409999999999999920e+00 4.397653108800245181e-01
1.469999999999999973e+00 3.998916655762738692e-01
1.530000000000000027e+00 3.610126727970339178e-01
1.589999999999999858e+00 3.246805368564615324e-01
1.649999999999999911e+00 2.902607166309262299e-01
1.709999999999999964e+00 2.579979636966876488e-01
1.770000000000000018e+00 2.284608815381068692e-01
1.829999999999999849e+00 2.011906385599170344e-01
1.889999999999999902e+00 1.761738237168462839e-01
1.949999999999999956e+00 1.539134753830254110e-01
2.009999999999999787e+00 1.338350296095265068e-01
2.070000000000000284e+00 1.158537981289693430e-01
2.129999999999999893e+00 9.985330352961963030e-02
2.189999999999999947e+00 8.583652604376122708e-02
2.250000000000000000e+00 7.347203900623372474e-02
2.309999999999999609e+00 6.273848408567626878e-02
2.370000000000000107e+00 5.343233625241616824e-02
2.429999999999999716e+00 4.528487789558682114e-02
2.490000000000000213e+00 3.809457080703827769e-02
2.549999999999999822e+00 3.221171645638914310e-02
2.609999999999999876e+00 2.711315990159668052e-02
2.669999999999999929e+00 2.255886826751927685e-02
2.729999999999999538e+00 1.886151759120101301e-02
2.790000000000000036e+00 1.570160213661593238e-02
2.849999999999999645e+00 1.307216802843660930e-02
2.910000000000000142e+00 1.079489803505287622e-02
2.969999999999999751e+00 8.965656294906969304e-03
3.030000000000000249e+00 7.361173739450771816e-03
3.089999999999999858e+00 6.018951624914278126e-03
3.149999999999999911e+00 4.952525172916959553e-03
3.209999999999999964e+00 4.053115905122692438e-03
3.269999999999999574e+00 3.338729391575791239e-03
3.330000000000000071e+00 2.684940934453518713e-03
3.389999999999999680e+00 2.183765205499009574e-03
3.450000000000000178e+00 1.820052690606106111e-03
3.509999999999999787e+00 1.436471960492012893e-03
3.569999999999999840e+00 1.162290590439604178e-03
3.629999999999999893e+00 9.195258357056843718e-04
3.689999999999999503e+00 7.183601565911389543e-04
3.750000000000000000e+00 6.001442760250603851e-04
3.809999999999999609e+00 4.719942878483870475e-04
3.870000000000000107e+00 3.794829107247226288e-04
3.929999999999999716e+00 3.183881489195644122e-04
3.989999999999999769e+00 2.498428064064619624e-04
4.049999999999999822e+00 1.934667457163329431e-04
4.109999999999999432e+00 1.501292012651155342e-04
4.169999999999999929e+00 1.270324010704804965e-04
4.230000000000000426e+00 9.958942879621394744e-05
4.290000000000000036e+00 8.344650392899598495e-05
4.349999999999999645e+00 5.650023703525853868e-05
4.410000000000000142e+00 4.544854231847170152e-05
4.469999999999999751e+00 3.650784546893574172e-05
4.529999999999999361e+00 3.203749704416857837e-05
4.589999999999999858e+00 2.272427115923551194e-05
4.650000000000000355e+00 1.651545390261403235e-05
4.709999999999999964e+00 1.502533776102457584e-05
4.769999999999999574e+00 9.934107610594909111e-06
4.830000000000000071e+00 9.189049539800290970e-06
4.889999999999999680e+00 8.071462433608242633e-06
4.949999999999999289e+00 6.208817256621816712e-06
5.009999999999999787e+00 3.476937663708166181e-06
5.070000000000000284e+00 2.856055938046035925e-06
5.129999999999999893e+00 2.235174212383820965e-06
5.189999999999999503e+00 2.607703247781163070e-06
5.250000000000000000e+00 1.117587106191927000e-06
5.309999999999999609e+00 1.117587106191910483e-06
5.369999999999999218e+00 8.692344159270543566e-07
5.429999999999999716e+00 3.725290353973035648e-07
5.490000000000000213e+00 8.692344159270543566e-07
5.549999999999999822e+00 4.967053805297380863e-07
5.609999999999999432e+00 4.967053805297453920e-07
5.669999999999999929e+00 3.725290353973035648e-07
5.730000000000000426e+00 0.000000000000000000e+00
5.789999999999999147e+00 0.000000000000000000e+00
5.849999999999999645e+00 0.000000000000000000e+00
5.910000000000000142e+00 0.000000000000000000e+00
5.969999999999999751e+00 1.241763451324345216e-07
