2.999999999999999889e-02 9.634668700158612042e-02
8.999999999999999667e-02 1.619649442183346555e-01
1.499999999999999944e-01 2.413069226441799942e-01
2.099999999999999922e-01 3.231611126896821728e-01
2.700000000000000178e-01 4.039298773104688101e-01
3.299999999999999600e-01 4.798303083566102800e-01
3.900000000000000133e-01 5.492517144673942919e-01
4.499999999999999556e-01 6.109586651943028635e-01
5.100000000000000089e-01 6.629796127203568812e-01
5.700000000000000622e-01 7.035876366266686777e-01
6.299999999999998934e-01 7.346473688978512051e-01
6.899999999999999467e-01 7.545669929775117302e-01
7.500000000000000000e-01 7.631906675536725970e-01
8.100000000000000533e-01 7.620899684386208683e-01
8.699999999999998845e-01 7.521386003901960882e-01
9.299999999999999378e-01 7.336198096495348819e-01
9.899999999999999911e-01 7.087017151864988262e-01
1.050000000000000044e+00 6.783890278020671127e-01
1.109999999999999876e+00 6.424368717454655986e-01
1.169999999999999929e+00 6.042217259920263928e-01
1.229999999999999982e+00 5.644325208994183107e-01
1.290000000000000036e+00 5.228040157964146672e-01
1.349999999999999867e+00 4.808298037511339884e-01
1.409999999999999920e+00 4.401822917673655078e-01
1.469999999999999973e+00 3.997206717708753354e-01
1.530000000000000027e+00 3.612751788989340684e-01
1.589999999999999858e+00 3.244685654178412482e-01
1.649999999999999911e+00 2.903576961931411682e-01
1.709999999999999964e+00 2.579274296109433373e-01
1.770000000000000018e+00 2.285660571994841961e-01
1.829999999999999849e+00 2.010351682779824567e-01
1.889999999999999902e+00 1.762229962365550739e-01
1.949999999999999956e+00 1.539898426879681148e-01
2.009999999999999787e+00 1.338883002640427478e-01
2.070000000000000284e+00 1.156009742289853121e-01
2.129999999999999893e+00 9.997052525458618999e-02
2.189999999999999947e+00 8.596244021725542306e-02
2.250000000000000000e+00 7.358305211054565198e-02
2.309999999999999609e+00 6.298807807009471071e-02
2.370000000000000107e+00 5.342885891667643189e-02
2.429999999999999716e+00 4.509910974725413191e-02
2.490000000000000213e+00 3.815963892757619907e-02
2.549999999999999822e+00 3.223506136910412462e-02
2.609999999999999876e+00 2.704150994898031277e-02
2.669999999999999929e+00 2.259798364786789332e-02
2.729999999999999538e+00 1.881867661192025351e-02
2.790000000000000036e+00 1.572196694007986506e-02
2.849999999999999645e+00 1.302945126863407424e-02
2.910000000000000142e+00 1.081501452238619286e-02
2.969999999999999751e+00 8.935853905497883817e-03
3.030000000000000249e+00 7.375329787845379126e-03
3.089999999999999858e+00 6.118416831779599843e-03
3.149999999999999911e+00 4.971896645714101934e-03
3.209999999999999964e+00 4.052122464170967303e-03
3.269999999999999574e+00 3.296757762358268513e-03
3.330000000000000071e+00 2.677490333796714913e-03
3.389999999999999680e+00 2.185379481703384960e-03
3.450000000000000178e+00 1.756598565155752115e-03
3.509999999999999787e+00 1.416852087404717490e-03
3.569999999999999840e+00 1.164774108664009579e-03
3.629999999999999893e+00 9.474655063013141159e-04
3.689999999999999503e+00 7.459272996529481411e-04
3.750000000000000000e+00 5.982816263905283002e-04
3.809999999999999609e+00 4.903723832744285660e-04
3.870000000000000107e+00 3.895411917781418454e-04
3.929999999999999716e+00 3.099441551412948702e-04
3.989999999999999769e+00 2.441306927114544228e-04
4.049999999999999822e+00 1.857678109340439674e-04
4.109999999999999432e+00 1.532336087517470783e-04
4.169999999999999929e+00 1.205752302252384266e-04
4.230000000000000426e+00 9.611249041641185711e-05
4.290000000000000036e+00 8.232891620940584426e-05
4.349999999999999645e+00 5.873541081002947351e-05
4.410000000000000142e+00 4.954636133869293798e-05
4.469999999999999751e+00 3.539025809906586056e-05
4.529999999999999361e+00 3.029902798656911595e-05
4.589999999999999858e+00 2.160668389206126056e-05
4.650000000000000355e+00 1.763304087742956634e-05
4.709999999999999964e+00 1.626710109114957279e-05
4.769999999999999574e+00 1.080334194603079122e-05
4.830000000000000071e+00 8.816520438714783170e-06
4.889999999999999680e+00 4.967053768289945580e-06
4.949999999999999289e+00 5.339582800911769934e-06
5.009999999999999787e+00 3.849466670424707994e-06
5.070000000000000284e+00 3.476937637803013236e-06
5.129999999999999893e+00 2.235174195730475172e-06
5.189999999999999503e+00 1.862645163108756909e-06
5.250000000000000000e+00 1.614292474694256115e-06
5.309999999999999609e+00 9.934107536579892007e-07
5.369999999999999218e+00 6.208817210362524090e-07
5.429999999999999716e+00 9.934107536579892007e-07
5.490000000000000213e+00 7.450580652435028061e-07
5.549999999999999822e+00 4.967053768289946003e-07
5.609999999999999432e+00 4.967053768290019060e-07
5.669999999999999929e+00 2.483526884144973002e-07
5.730000000000000426e+00 3.725290326217514030e-07
5.789999999999999147e+00 0.000000000000000000e+00
5.849999999999999645e+00 7.450580652434917946e-07
5.910000000000000142e+00 1.241763442072504765e-07
5.969999999999999751e+00 1.241763442072486501e-07
