2.999999999999999889e-02 9.602743105154951109e-02
8.999999999999999667e-02 1.617667611834924801e-01
1.499999999999999944e-01 2.417759402989930473e-01
2.099999999999999922e-01 3.234772704822208578e-01
2.700000000000000178e-01 4.034022580350943854e-01
3.299999999999999600e-01 4.798678167631486025e-01
3.900000000000000133e-01 5.496736738757864726e-01
4.499999999999999556e-01 6.112041709344525620e-01
5.100000000000000089e-01 6.629423696957058576e-01
5.700000000000000622e-01 7.038547504313116265e-01
6.299999999999998934e-01 7.349814142158453967e-01
6.899999999999999467e-01 7.542108664609430413e-01
7.500000000000000000e-01 7.626873921955283908e-01
8.100000000000000533e-01 7.620665104652416533e-01
8.699999999999998845e-01 7.519475042013521460e-01
9.299999999999999378e-01 7.335351323133109114e-01
9.899999999999999911e-01 7.090111732013530954e-01
1.050000000000000044e+00 6.777759792903651492e-01
1.109999999999999876e+00 6.425503784988177980e-01
1.169999999999999929e+00 6.049047048989487640e-01
1.229999999999999982e+00 5.640030033291052458e-01
1.290000000000000036e+00 5.227960763006539446e-01
1.349999999999999867e+00 4.813989111100386298e-01
1.409999999999999920e+00 4.400813429572481006e-01
1.469999999999999973e+00 3.994432677700849310e-01
1.530000000000000027e+00 3.612821381577330793e-01
1.589999999999999858e+00 3.245218419052584569e-01
1.649999999999999911e+00 2.899572318037723084e-01
1.709999999999999964e+00 2.581078616851832930e-01
1.770000000000000018e+00 2.282300394129520016e-01
1.829999999999999849e+00 2.014759973021445494e-01
1.889999999999999902e+00 1.762280900926707916e-01
1.949999999999999956e+00 1.539282535149510411e-01
2.009999999999999787e+00 1.338624735791539289e-01
2.070000000000000284e+00 1.157036697897637495e-01
2.129999999999999893e+00 9.994954094177940784e-02
2.189999999999999947e+00 8.573942078067613159e-02
2.250000000000000000e+00 7.360962694507494630e-02
2.309999999999999609e+00 6.281323871344110521e-02
2.370000000000000107e+00 5.336416383653247442e-02
2.429999999999999716e+00 4.517510634307051604e-02
2.490000000000000213e+00 3.825376516651082109e-02
2.549999999999999822e+00 3.229354890843711551e-02
2.609999999999999876e+00 2.702909271732445787e-02
2.669999999999999929e+00 2.262170166670110505e-02
2.729999999999999538e+00 1.895775439992493025e-02
2.790000000000000036e+00 1.570271984071650376e-02
2.849999999999999645e+00 1.302820969932745598e-02
2.910000000000000142e+00 1.077937607222393367e-02
2.969999999999999751e+00 8.936226567690660344e-03
3.030000000000000249e+00 7.410844332718840091e-03
3.089999999999999858e+00 6.089111305281519164e-03
3.149999999999999911e+00 4.926199824451932101e-03
3.209999999999999964e+00 4.077081970109880209e-03
3.269999999999999574e+00 3.305698508399937310e-03
3.330000000000000071e+00 2.711638868860276417e-03
3.389999999999999680e+00 2.193326800415765568e-03
3.450000000000000178e+00 1.782675624003211574e-03
3.509999999999999787e+00 1.447896195031864522e-03
3.569999999999999840e+00 1.143291618152527918e-03
3.629999999999999893e+00 9.254863071674516257e-04
3.689999999999999503e+00 7.589658271041813771e-04
3.750000000000000000e+00 5.959222847305246712e-04
3.809999999999999609e+00 4.800657538587639931e-04
3.870000000000000107e+00 3.907829610433343230e-04
3.929999999999999716e+00 3.104408651440532826e-04
3.989999999999999769e+00 2.493461028837054149e-04
4.049999999999999822e+00 1.925975127353692442e-04
4.109999999999999432e+00 1.562138433404887687e-04
4.169999999999999929e+00 1.226862299049289405e-04
4.230000000000000426e+00 9.685754992494535482e-05
4.290000000000000036e+00 8.071462493745325392e-05
4.349999999999999645e+00 5.873541168525531610e-05
4.410000000000000142e+00 4.805624592429980654e-05
4.469999999999999751e+00 3.526608228036419397e-05
4.529999999999999361e+00 2.955397036171409009e-05
4.589999999999999858e+00 2.545615094181218191e-05
4.650000000000000355e+00 1.701215940989424653e-05
4.709999999999999964e+00 1.514951421902968722e-05
4.769999999999999574e+00 1.229345825970460140e-05
4.830000000000000071e+00 8.443991531918311456e-06
4.889999999999999680e+00 7.202228071341982905e-06
4.949999999999999289e+00 5.960464610765867807e-06
5.009999999999999787e+00 4.718701150189574831e-06
5.070000000000000284e+00 4.221995765959155728e-06
5.129999999999999893e+00 2.856055959325268776e-06
5.189999999999999503e+00 1.986821536921955512e-06
5.250000000000000000e+00 8.692344224033556159e-07
5.309999999999999609e+00 9.934107684609631447e-07
5.369999999999999218e+00 8.692344224033556159e-07
5.429999999999999716e+00 1.241763460576203931e-07
5.490000000000000213e+00 4.967053842304888780e-07
5.549999999999999822e+00 3.725290381728612322e-07
5.609999999999999432e+00 1.241763460576222195e-07
5.669999999999999929e+00 2.483526921152407862e-07
5.730000000000000426e+00 2.483526921152444390e-07
5.789999999999999147e+00 0.000000000000000000e+00
5.849999999999999645e+00 3.725290381728612322e-07
5.910000000000000142e+00 0.000000000000000000e+00
5.969999999999999751e+00 0.000000000000000000e+00
