2.999999999999999889e-02 9.611099958419799805e-02
8.999999999999999667e-02 1.622105638186137067e-01
1.499999999999999944e-01 2.416726201772689819e-01
2.099999999999999922e-01 3.233234087626139508e-01
2.700000000000000178e-01 4.038417090972264978e-01
3.299999999999999600e-01 4.800951729218165265e-01
3.900000000000000133e-01 5.494989454746246338e-01
4.499999999999999556e-01 6.107798467079799121e-01
5.100000000000000089e-01 6.633037080367399918e-01
5.700000000000000622e-01 7.040621091922131258e-01
6.299999999999998934e-01 7.343982656796780306e-01
6.899999999999999467e-01 7.539860904216759696e-01
7.500000000000000000e-01 7.626526057720177665e-01
8.100000000000000533e-01 7.620687286059069088e-01
8.699999999999998845e-01 7.521755993366249227e-01
9.299999999999999378e-01 7.338477919499072355e-01
9.899999999999999911e-01 7.088607798020039041e-01
1.050000000000000044e+00 6.770052015781397037e-01
1.109999999999999876e+00 6.424608329931913442e-01
1.169999999999999929e+00 6.042076895634327371e-01
1.229999999999999982e+00 5.643653372923528311e-01
1.290000000000000036e+00 5.228560417890563139e-01
1.349999999999999867e+00 4.814598709344859451e-01
1.409999999999999920e+00 4.403087000052130495e-01
1.469999999999999973e+00 3.997877240180965908e-01
1.530000000000000027e+00 3.613952547311779506e-01
1.589999999999999858e+00 3.245903799931217359e-01
1.649999999999999911e+00 2.899960925181704341e-01
1.709999999999999964e+00 2.577849974234896480e-01
1.770000000000000018e+00 2.283199379841492904e-01
1.829999999999999849e+00 2.009332180023191694e-01
1.889999999999999902e+00 1.763958483934400800e-01
1.949999999999999956e+00 1.538127660751341386e-01
2.009999999999999787e+00 1.337441305319466978e-01
2.070000000000000284e+00 1.160944501558938552e-01
2.129999999999999893e+00 9.990148246288291234e-02
2.189999999999999947e+00 8.606699605782883178e-02
2.250000000000000000e+00 7.374708851178481128e-02
2.309999999999999609e+00 6.274506449699396304e-02
2.370000000000000107e+00 5.326494574546809108e-02
2.429999999999999716e+00 4.525172213713324343e-02
2.490000000000000213e+00 3.829064468542731081e-02
2.549999999999999822e+00 3.216142455736793054e-02
2.609999999999999876e+00 2.697793145974494711e-02
2.669999999999999929e+00 2.266826728979744535e-02
2.729999999999999538e+00 1.887977123260496312e-02
2.790000000000000036e+00 1.573090751965839154e-02
2.849999999999999645e+00 1.298934221267698981e-02
2.910000000000000142e+00 1.085288822650908383e-02
2.969999999999999751e+00 9.045625726381930146e-03
3.030000000000000249e+00 7.379179199536635078e-03
3.089999999999999858e+00 6.042793393135065597e-03
3.149999999999999911e+00 4.938120643297863599e-03
3.209999999999999964e+00 4.083042343457536118e-03
3.269999999999999574e+00 3.318116068840023820e-03
3.330000000000000071e+00 2.726415793100990526e-03
3.389999999999999680e+00 2.181529998779295140e-03
3.450000000000000178e+00 1.751879851023354457e-03
3.509999999999999787e+00 1.433615883191425222e-03
3.569999999999999840e+00 1.178185145060229016e-03
3.629999999999999893e+00 9.315709273020418481e-04
3.689999999999999503e+00 7.459272940953566447e-04
3.750000000000000000e+00 6.074706713358555416e-04
3.809999999999999609e+00 4.852811495463049229e-04
3.870000000000000107e+00 3.890444835027055486e-04
3.929999999999999716e+00 3.124276796976722731e-04
3.989999999999999769e+00 2.449999252955134717e-04
4.049999999999999822e+00 1.912315686543766650e-04
4.109999999999999432e+00 1.585731903711964962e-04
4.169999999999999929e+00 1.216928164164215141e-04
4.230000000000000426e+00 1.057982444763190506e-04
4.290000000000000036e+00 8.071462313334079825e-05
4.349999999999999645e+00 5.910793940226275378e-05
4.410000000000000142e+00 4.296501477559435561e-05
4.469999999999999751e+00 3.911554813384977240e-05
4.529999999999999361e+00 2.632538477579769658e-05
4.589999999999999858e+00 2.384185791015605349e-05
4.650000000000000355e+00 1.626710096995046423e-05
4.709999999999999964e+00 1.527369022369372230e-05
4.769999999999999574e+00 1.130004723866787940e-05
4.830000000000000071e+00 9.561578432718974876e-06
4.889999999999999680e+00 7.823109626769955157e-06
4.949999999999999289e+00 6.084640820821165830e-06
5.009999999999999787e+00 4.470348358154259606e-06
5.070000000000000284e+00 4.221995671590196941e-06
5.129999999999999893e+00 3.352761268615694704e-06
5.189999999999999503e+00 1.862645149230969101e-06
5.250000000000000000e+00 1.365939776102710787e-06
5.309999999999999609e+00 1.117587089538564901e-06
5.369999999999999218e+00 8.692344029744522615e-07
5.429999999999999716e+00 4.967053731282511143e-07
5.490000000000000213e+00 6.208817164103231044e-07
5.549999999999999822e+00 7.450580596923766715e-07
5.609999999999999432e+00 2.483526865641292100e-07
5.669999999999999929e+00 0.000000000000000000e+00
5.730000000000000426e+00 1.241763432820646050e-07
5.789999999999999147e+00 2.483526865641292100e-07
5.849999999999999645e+00 1.241763432820627786e-07
5.910000000000000142e+00 0.000000000000000000e+00
5.969999999999999751e+00 0.000000000000000000e+00
