2.999999999999999889e-02 9.599117012812076466e-02
8.999999999999999667e-02 1.619528991129465245e-01
1.499999999999999944e-01 2.417606630059132844e-01
2.099999999999999922e-01 3.234839711846210775e-01
2.700000000000000178e-01 4.035917451251925248e-01
3.299999999999999600e-01 4.798868085932245786e-01
3.900000000000000133e-01 5.501564633112882019e-01
4.499999999999999556e-01 6.109532014351576334e-01
5.100000000000000089e-01 6.624430467370373554e-01
5.700000000000000622e-01 7.046867214492470444e-01
6.299999999999998934e-01 7.349792922659171834e-01
6.899999999999999467e-01 7.541921045943499324e-01
7.500000000000000000e-01 7.631001429987455120e-01
8.100000000000000533e-01 7.616424368940979406e-01
8.699999999999998845e-01 7.516487247122984883e-01
9.299999999999999378e-01 7.336281294645967677e-01
9.899999999999999911e-01 7.083832028636072309e-01
1.050000000000000044e+00 6.773822060032347325e-01
1.109999999999999876e+00 6.427905259737678456e-01
1.169999999999999929e+00 6.041881983790904354e-01
1.229999999999999982e+00 5.640998524732870889e-01
1.290000000000000036e+00 5.226254502134445312e-01
1.349999999999999867e+00 4.810273683147676671e-01
1.409999999999999920e+00 4.403342836126751814e-01
1.469999999999999973e+00 3.998840878398520760e-01
1.530000000000000027e+00 3.613285747269431303e-01
1.589999999999999858e+00 3.246272627857381132e-01
1.649999999999999911e+00 2.905434640040752692e-01
1.709999999999999964e+00 2.581125765401563465e-01
1.770000000000000018e+00 2.280933178570871966e-01
1.829999999999999849e+00 2.009936933790172353e-01
1.889999999999999902e+00 1.762681964258465406e-01
1.949999999999999956e+00 1.540673287267534386e-01
2.009999999999999787e+00 1.338851958554375665e-01
2.070000000000000284e+00 1.160110045175576504e-01
2.129999999999999893e+00 9.989713703515970544e-02
2.189999999999999947e+00 8.579790656118080339e-02
2.250000000000000000e+00 7.354418491480879672e-02
2.309999999999999609e+00 6.265677558374976863e-02
2.370000000000000107e+00 5.347927451242458219e-02
2.429999999999999716e+00 4.532150957972931604e-02
2.490000000000000213e+00 3.822818426957860088e-02
2.549999999999999822e+00 3.224511965298491184e-02
2.609999999999999876e+00 2.708844860709065314e-02
2.669999999999999929e+00 2.267708397912791482e-02
2.729999999999999538e+00 1.882053925708336226e-02
2.790000000000000036e+00 1.563789955505156051e-02
2.849999999999999645e+00 1.304186890305479747e-02
2.910000000000000142e+00 1.082792886218374509e-02
2.969999999999999751e+00 8.918220864620456101e-03
3.030000000000000249e+00 7.357820923312156924e-03
3.089999999999999858e+00 6.074955111307062464e-03
3.149999999999999911e+00 4.949296551068382496e-03
3.209999999999999964e+00 4.080683023338634724e-03
3.269999999999999574e+00 3.314514979579905214e-03
3.330000000000000071e+00 2.726539989758578093e-03
3.389999999999999680e+00 2.205371873120751721e-03
3.450000000000000178e+00 1.762310676989285599e-03
3.509999999999999787e+00 1.434360951937939475e-03
3.569999999999999840e+00 1.181910444164610031e-03
3.629999999999999893e+00 9.190291234778538362e-04
3.689999999999999503e+00 7.639328695629992328e-04
3.750000000000000000e+00 6.023794457493675389e-04
3.809999999999999609e+00 4.778305725094962966e-04
3.870000000000000107e+00 3.874301939266186013e-04
3.929999999999999716e+00 3.195057336452530937e-04
3.989999999999999769e+00 2.494702755123662393e-04
4.049999999999999822e+00 1.966953292242818287e-04
4.109999999999999432e+00 1.645336560746068783e-04
4.169999999999999929e+00 1.256664603377356218e-04
4.230000000000000426e+00 9.313225815543785182e-05
4.290000000000000036e+00 7.140139791916796941e-05
4.349999999999999645e+00 5.923211618685847213e-05
4.410000000000000142e+00 4.805624520820592856e-05
4.469999999999999751e+00 3.986060649052680752e-05
4.529999999999999361e+00 2.918144088870385888e-05
4.589999999999999858e+00 2.433856346462073266e-05
4.650000000000000355e+00 1.862645163108757036e-05
4.709999999999999964e+00 1.428027958383359354e-05
4.769999999999999574e+00 1.080334194603079122e-05
4.830000000000000071e+00 7.823109685056779146e-06
4.889999999999999680e+00 6.705522587191425516e-06
4.949999999999999289e+00 5.712111833533521443e-06
5.009999999999999787e+00 3.973643014631956803e-06
5.070000000000000284e+00 2.856055916766760721e-06
5.129999999999999893e+00 2.235174195730475172e-06
5.189999999999999503e+00 2.359350539937759133e-06
5.250000000000000000e+00 9.934107536580038120e-07
5.309999999999999609e+00 2.359350539937723981e-06
5.369999999999999218e+00 9.934107536580038120e-07
5.429999999999999716e+00 6.208817210362431975e-07
5.490000000000000213e+00 2.483526884145009530e-07
5.549999999999999822e+00 3.725290326217458973e-07
5.609999999999999432e+00 1.241763442072504765e-07
5.669999999999999929e+00 1.241763442072486501e-07
5.730000000000000426e+00 1.241763442072504765e-07
5.789999999999999147e+00 1.241763442072504765e-07
5.849999999999999645e+00 0.000000000000000000e+00
5.910000000000000142e+00 1.241763442072504765e-07
5.969999999999999751e+00 2.483526884144973002e-07
