2.999999999999999889e-02 9.620102814983101658e-02
8.999999999999999667e-02 1.619897794871760777e-01
1.499999999999999944e-01 2.413497634829314953e-01
2.099999999999999922e-01 3.233396782726522534e-01
2.700000000000000178e-01 4.037781338178476065e-01
3.299999999999999600e-01 4.801183974751710437e-01
3.900000000000000133e-01 5.499560426917377010e-01
4.499999999999999556e-01 6.108087843468447131e-01
5.100000000000000089e-01 6.626106848017171425e-01
5.700000000000000622e-01 7.037986122354767948e-01
6.299999999999998934e-01 7.344860638267259878e-01
6.899999999999999467e-01 7.545148389129446853e-01
7.500000000000000000e-01 7.628475683146279662e-01
8.100000000000000533e-01 7.620701002235477084e-01
8.699999999999998845e-01 7.511706457871005771e-01
9.299999999999999378e-01 7.340395256929554968e-01
9.899999999999999911e-01 7.087475362575113014e-01
1.050000000000000044e+00 6.781055332082419618e-01
1.109999999999999876e+00 6.431945957978182360e-01
1.169999999999999929e+00 6.044736797944227913e-01
1.229999999999999982e+00 5.637789807998556668e-01
1.290000000000000036e+00 5.231945503989464674e-01
1.349999999999999867e+00 4.813678598505839457e-01
1.409999999999999920e+00 4.401094002533159077e-01
1.469999999999999973e+00 3.998758922011343975e-01
1.530000000000000027e+00 3.614928600303293216e-01
1.589999999999999858e+00 3.245660438480439391e-01
1.649999999999999911e+00 2.901371590058290928e-01
1.709999999999999964e+00 2.578567732710893567e-01
1.770000000000000018e+00 2.280592935387743825e-01
1.829999999999999849e+00 2.009385590821892165e-01
1.889999999999999902e+00 1.760497702363859607e-01
1.949999999999999956e+00 1.538398376641657295e-01
2.009999999999999787e+00 1.337817569607129276e-01
2.070000000000000284e+00 1.158741621862412613e-01
2.129999999999999893e+00 9.987441276416977876e-02
2.189999999999999947e+00 8.580212855688386375e-02
2.250000000000000000e+00 7.352766946102923251e-02
2.309999999999999609e+00 6.276046283116282209e-02
2.370000000000000107e+00 5.347778439629409519e-02
2.429999999999999716e+00 4.524625871513972275e-02
2.490000000000000213e+00 3.820533582224446695e-02
2.549999999999999822e+00 3.216974461205110436e-02
2.609999999999999876e+00 2.706013640061140021e-02
2.669999999999999929e+00 2.276437994910561133e-02
2.729999999999999538e+00 1.888337248725223405e-02
2.790000000000000036e+00 1.577809464766154190e-02
2.849999999999999645e+00 1.302373915680054076e-02
2.910000000000000142e+00 1.083773879337611955e-02
2.969999999999999751e+00 8.965283699075001986e-03
3.030000000000000249e+00 7.398674940556342929e-03
3.089999999999999858e+00 6.055707777954938767e-03
3.149999999999999911e+00 4.978850520989707047e-03
3.209999999999999964e+00 4.074474206128272241e-03
3.269999999999999574e+00 3.282974188151263802e-03
3.330000000000000071e+00 2.734611452132049755e-03
3.389999999999999680e+00 2.218162036574098869e-03
3.450000000000000178e+00 1.776963485605741059e-03
3.509999999999999787e+00 1.423185080959287222e-03
3.569999999999999840e+00 1.169120280711263100e-03
3.629999999999999893e+00 9.559094977074069840e-04
3.689999999999999503e+00 7.490317082581292741e-04
3.750000000000000000e+00 6.192674285615536005e-04
3.809999999999999609e+00 4.826734499335790332e-04
3.870000000000000107e+00 3.879268993034475999e-04
3.929999999999999716e+00 3.080815099781861253e-04
3.989999999999999769e+00 2.346932905517033676e-04
4.049999999999999822e+00 1.896172776044686525e-04
4.109999999999999432e+00 1.516193162770528057e-04
4.169999999999999929e+00 1.230587571093834061e-04
4.230000000000000426e+00 9.598831407220462101e-05
4.290000000000000036e+00 7.661680437587241430e-05
4.349999999999999645e+00 5.476176779539745741e-05
4.410000000000000142e+00 5.128483015759444672e-05
4.469999999999999751e+00 3.986060649052680752e-05
4.529999999999999361e+00 3.067155701919086830e-05
4.589999999999999858e+00 2.334515271096274558e-05
4.650000000000000355e+00 1.775721722163681938e-05
4.709999999999999964e+00 1.316269248596835511e-05
4.769999999999999574e+00 1.179675269968879524e-05
4.830000000000000071e+00 7.947286029264030496e-06
4.889999999999999680e+00 6.208817210362431975e-06
4.949999999999999289e+00 5.091230112497269775e-06
5.009999999999999787e+00 4.470348391460950344e-06
5.070000000000000284e+00 2.235174195730508206e-06
5.129999999999999893e+00 1.365939786279734992e-06
5.189999999999999503e+00 2.607703228352259715e-06
5.250000000000000000e+00 8.692344094507533090e-07
5.309999999999999609e+00 1.986821507315978401e-06
5.369999999999999218e+00 1.614292474694256115e-06
5.429999999999999716e+00 6.208817210362431975e-07
5.490000000000000213e+00 2.483526884145009530e-07
5.549999999999999822e+00 3.725290326217458973e-07
5.609999999999999432e+00 3.725290326217514030e-07
5.669999999999999929e+00 1.241763442072486501e-07
5.730000000000000426e+00 1.241763442072504765e-07
5.789999999999999147e+00 0.000000000000000000e+00
5.849999999999999645e+00 0.000000000000000000e+00
5.910000000000000142e+00 0.000000000000000000e+00
5.969999999999999751e+00 1.241763442072486501e-07
