2.999999999999999889e-02 9.611956775188446045e-02
8.999999999999999667e-02 1.619351406892140799e-01
1.499999999999999944e-01 2.415173997481664114e-01
2.099999999999999922e-01 3.233972936868667603e-01
2.700000000000000178e-01 4.039751986662546979e-01
3.299999999999999600e-01 4.799255480368932458e-01
3.900000000000000133e-01 5.495239049196243286e-01
4.499999999999999556e-01 6.112928191820781176e-01
5.100000000000000089e-01 6.629151602586104142e-01
5.700000000000000622e-01 7.039858649174378646e-01
6.299999999999998934e-01 7.347624748945242867e-01
6.899999999999999467e-01 7.536170383294417130e-01
7.500000000000000000e-01 7.628613462050749527e-01
8.100000000000000533e-01 7.623417923847841671e-01
8.699999999999998845e-01 7.517367601394661092e-01
9.299999999999999378e-01 7.338224599758776945e-01
9.899999999999999911e-01 7.089590032895399796e-01
1.050000000000000044e+00 6.780872742334995706e-01
1.109999999999999876e+00 6.422681113084175442e-01
1.169999999999999929e+00 6.042911360661182840e-01
1.229999999999999982e+00 5.641162395477289371e-01
1.290000000000000036e+00 5.230389535427107939e-01
1.349999999999999867e+00 4.813017944494878964e-01
1.409999999999999920e+00 4.392736901839570107e-01
1.469999999999999973e+00 4.001436134179429671e-01
1.530000000000000027e+00 3.611706197261806972e-01
1.589999999999999858e+00 3.245326379934955763e-01
1.649999999999999911e+00 2.902040878931678725e-01
1.709999999999999964e+00 2.583030611276624366e-01
1.770000000000000018e+00 2.282315244277324795e-01
1.829999999999999849e+00 2.008995662132897209e-01
1.889999999999999902e+00 1.763424525658288111e-01
1.949999999999999956e+00 1.539080093304314723e-01
2.009999999999999787e+00 1.337678482135135627e-01
2.070000000000000284e+00 1.159759859244027663e-01
2.129999999999999893e+00 9.995015958944947210e-02
2.189999999999999947e+00 8.572551111380315170e-02
2.250000000000000000e+00 7.380694150924675678e-02
2.309999999999999609e+00 6.269725660483037311e-02
2.370000000000000107e+00 5.329226454099014743e-02
2.429999999999999716e+00 4.521906375885005602e-02
2.490000000000000213e+00 3.824445108572638308e-02
2.549999999999999822e+00 3.226039310296374002e-02
2.609999999999999876e+00 2.709267040093757406e-02
2.669999999999999929e+00 2.268217504024503534e-02
2.729999999999999538e+00 1.895303527514138192e-02
2.790000000000000036e+00 1.568508644898731000e-02
2.849999999999999645e+00 1.308073600133258935e-02
2.910000000000000142e+00 1.077502965927122983e-02
2.969999999999999751e+00 9.043390552202852997e-03
3.030000000000000249e+00 7.323672374089552559e-03
3.089999999999999858e+00 5.983312924702956746e-03
3.149999999999999911e+00 4.975746075312328931e-03
3.209999999999999964e+00 4.035731156667069809e-03
3.269999999999999574e+00 3.323083122571306516e-03
3.330000000000000071e+00 2.703939874966936833e-03
3.389999999999999680e+00 2.198417981465655528e-03
3.450000000000000178e+00 1.766656835873920122e-03
3.509999999999999787e+00 1.423309246699014071e-03
3.569999999999999840e+00 1.179799437522895773e-03
3.629999999999999893e+00 9.506940841674796014e-04
3.689999999999999503e+00 7.616976896921786753e-04
3.750000000000000000e+00 6.097058455149326900e-04
3.809999999999999609e+00 4.825492699940994831e-04
3.870000000000000107e+00 3.914038340250647428e-04
3.929999999999999716e+00 3.139177958170570387e-04
3.989999999999999769e+00 2.587834993998226621e-04
4.049999999999999822e+00 1.994272073109928218e-04
4.109999999999999432e+00 1.552204291025807736e-04
4.169999999999999929e+00 1.174708207448313765e-04
4.230000000000000426e+00 9.735425313313865328e-05
4.290000000000000036e+00 7.736186186472510269e-05
4.349999999999999645e+00 6.059805552164753296e-05
4.410000000000000142e+00 5.252659320831332709e-05
4.469999999999999751e+00 3.936390082041389774e-05
4.529999999999999361e+00 2.781550089518247237e-05
4.589999999999999858e+00 2.272427082061748605e-05
4.650000000000000355e+00 1.825392246246349749e-05
4.709999999999999964e+00 1.527369022369372230e-05
4.769999999999999574e+00 8.568167686462458248e-06
4.830000000000000071e+00 9.437402089436910509e-06
4.889999999999999680e+00 5.836288134256950699e-06
4.949999999999999289e+00 5.091230074564649202e-06
5.009999999999999787e+00 4.097819328308071587e-06
5.070000000000000284e+00 3.228584925333679889e-06
5.129999999999999893e+00 2.359350522359192475e-06
5.189999999999999503e+00 1.862645149230969101e-06
5.250000000000000000e+00 1.614292462666839944e-06
5.309999999999999609e+00 9.934107462565022287e-07
5.369999999999999218e+00 9.934107462565168400e-07
5.429999999999999716e+00 6.208817164103138929e-07
5.490000000000000213e+00 8.692344029744522615e-07
5.549999999999999822e+00 3.725290298461883358e-07
5.609999999999999432e+00 6.208817164103231044e-07
5.669999999999999929e+00 4.967053731282511143e-07
5.730000000000000426e+00 1.241763432820646050e-07
5.789999999999999147e+00 1.241763432820646050e-07
5.849999999999999645e+00 0.000000000000000000e+00
5.910000000000000142e+00 0.000000000000000000e+00
5.969999999999999751e+00 0.000000000000000000e+00
