2.999999999999999889e-02 9.604742201204664875e-02
8.999999999999999667e-02 1.619767409710343165e-01
1.499999999999999944e-01 2.414580452550801892e-01
2.099999999999999922e-01 3.227247570161379531e-01
2.700000000000000178e-01 4.032986889528634156e-01
3.299999999999999600e-01 4.797140792984322943e-01
3.900000000000000133e-01 5.494525076159774146e-01
4.499999999999999556e-01 6.112077629407826063e-01
5.100000000000000089e-01 6.632447292152393592e-01
5.700000000000000622e-01 7.046560498922278537e-01
6.299999999999998934e-01 7.343278631642060628e-01
6.899999999999999467e-01 7.541596945685118403e-01
7.500000000000000000e-01 7.633011845000169382e-01
8.100000000000000533e-01 7.626644082069236052e-01
8.699999999999998845e-01 7.518921103469446976e-01
9.299999999999999378e-01 7.337449794044957896e-01
9.899999999999999911e-01 7.078862491340898178e-01
1.050000000000000044e+00 6.775057614657209459e-01
1.109999999999999876e+00 6.431149987611813890e-01
1.169999999999999929e+00 6.047080005559418714e-01
1.229999999999999982e+00 5.648764513299593393e-01
1.290000000000000036e+00 5.224522242132754180e-01
1.349999999999999867e+00 4.815424517905393942e-01
1.409999999999999920e+00 4.399947854876125608e-01
1.469999999999999973e+00 3.999491562442166748e-01
1.530000000000000027e+00 3.613974925979781538e-01
1.589999999999999858e+00 3.247658435858734038e-01
1.649999999999999911e+00 2.900737048939392437e-01
1.709999999999999964e+00 2.581273535251169537e-01
1.770000000000000018e+00 2.282993264121270238e-01
1.829999999999999849e+00 2.010686958909184141e-01
1.889999999999999902e+00 1.761909587397496035e-01
1.949999999999999956e+00 1.536756765371237454e-01
2.009999999999999787e+00 1.337503403456284934e-01
2.070000000000000284e+00 1.160458980702798876e-01
2.129999999999999893e+00 1.001097269364425169e-01
2.189999999999999947e+00 8.578101857836863131e-02
2.250000000000000000e+00 7.329310034682173791e-02
2.309999999999999609e+00 6.267403609559457633e-02
2.370000000000000107e+00 5.323427458530367862e-02
2.429999999999999716e+00 4.515002204837911121e-02
2.490000000000000213e+00 3.817727196845363546e-02
2.549999999999999822e+00 3.211622460769778670e-02
2.609999999999999876e+00 2.711092452539216532e-02
2.669999999999999929e+00 2.255216257685541820e-02
2.729999999999999538e+00 1.893689249160555518e-02
2.790000000000000036e+00 1.577759794228471638e-02
2.849999999999999645e+00 1.305602500629442393e-02
2.910000000000000142e+00 1.081029582130631737e-02
2.969999999999999751e+00 8.966401286172867233e-03
3.030000000000000249e+00 7.333854888880158608e-03
3.089999999999999858e+00 6.028264805885136593e-03
3.149999999999999911e+00 4.976242817761354804e-03
3.209999999999999964e+00 4.051874111482553671e-03
3.269999999999999574e+00 3.329664493573189239e-03
3.330000000000000071e+00 2.708161890815905578e-03
3.389999999999999680e+00 2.178301430083571730e-03
3.450000000000000178e+00 1.752997451173741875e-03
3.509999999999999787e+00 1.450255523996467431e-03
3.569999999999999840e+00 1.158689467797854129e-03
3.629999999999999893e+00 9.420017471561951310e-04
3.689999999999999503e+00 7.582207577294657486e-04
3.750000000000000000e+00 6.094574973691807692e-04
3.809999999999999609e+00 4.836668606872369762e-04
3.870000000000000107e+00 3.817180820930851171e-04
3.929999999999999716e+00 3.131727400906834154e-04
3.989999999999999769e+00 2.473592776608429409e-04
4.049999999999999822e+00 1.812974625425830069e-04
4.109999999999999432e+00 1.560896646685138475e-04
4.169999999999999929e+00 1.293917506639530844e-04
4.230000000000000426e+00 9.660919579324086929e-05
4.290000000000000036e+00 7.289151404965495172e-05
4.349999999999999645e+00 6.295740651307598214e-05
4.410000000000000142e+00 4.495183660302467361e-05
4.469999999999999751e+00 4.023313552314855649e-05
4.529999999999999361e+00 2.856055916766761060e-05
4.589999999999999858e+00 2.309680002254824288e-05
4.650000000000000355e+00 1.961986238474557439e-05
4.709999999999999964e+00 1.440445592804084150e-05
4.769999999999999574e+00 1.130004732285979323e-05
4.830000000000000071e+00 9.064873127129285870e-06
4.889999999999999680e+00 5.339582800911691160e-06
4.949999999999999289e+00 5.463759145119021284e-06
5.009999999999999787e+00 3.476937637802961991e-06
5.070000000000000284e+00 2.731879572559510642e-06
5.129999999999999893e+00 3.104408605181215987e-06
5.189999999999999503e+00 2.110997851523258127e-06
5.250000000000000000e+00 1.614292474694256115e-06
5.309999999999999609e+00 1.862645163108729381e-06
5.369999999999999218e+00 7.450580652435028061e-07
5.429999999999999716e+00 8.692344094507404977e-07
5.490000000000000213e+00 8.692344094507533090e-07
5.549999999999999822e+00 4.967053768289946003e-07
5.609999999999999432e+00 0.000000000000000000e+00
5.669999999999999929e+00 3.725290326217458973e-07
5.730000000000000426e+00 1.241763442072504765e-07
5.789999999999999147e+00 2.483526884145009530e-07
5.849999999999999645e+00 2.483526884144973002e-07
5.910000000000000142e+00 1.241763442072504765e-07
5.969999999999999751e+00 1.241763442072486501e-07
