2.999999999999999889e-02 9.591852625211080841e-02
8.999999999999999667e-02 1.617463926474253522e-01
1.499999999999999944e-01 2.415124326944351196e-01
2.099999999999999922e-01 3.228007505337397443e-01
2.700000000000000178e-01 4.034072160720825195e-01
3.299999999999999600e-01 4.800299803415934430e-01
3.900000000000000133e-01 5.496241152286529541e-01
4.499999999999999556e-01 6.106970210870107385e-01
5.100000000000000089e-01 6.624845167001082169e-01
5.700000000000000622e-01 7.045681277910874618e-01
6.299999999999998934e-01 7.348420719305681637e-01
6.899999999999999467e-01 7.543962448835366263e-01
7.500000000000000000e-01 7.630801449219378751e-01
8.100000000000000533e-01 7.619147499402371126e-01
8.699999999999998845e-01 7.516500850518551546e-01
9.299999999999999378e-01 7.341004908084862723e-01
9.899999999999999911e-01 7.085361828406645524e-01
1.050000000000000044e+00 6.784838934739424454e-01
1.109999999999999876e+00 6.427962332963961245e-01
1.169999999999999929e+00 6.048521647850666483e-01
1.229999999999999982e+00 5.648159732421234036e-01
1.290000000000000036e+00 5.228858441114440092e-01
1.349999999999999867e+00 4.810740550359086098e-01
1.409999999999999920e+00 4.402786493301387716e-01
1.469999999999999973e+00 4.000461349884665285e-01
1.530000000000000027e+00 3.611979385217027883e-01
1.589999999999999858e+00 3.248785932858794245e-01
1.649999999999999911e+00 2.901480843623476802e-01
1.709999999999999964e+00 2.577034135659533320e-01
1.770000000000000018e+00 2.280918260415401577e-01
1.829999999999999849e+00 2.010304480791090254e-01
1.889999999999999902e+00 1.764129847288130049e-01
1.949999999999999956e+00 1.537814736366270585e-01
2.009999999999999787e+00 1.336646576722461677e-01
2.070000000000000284e+00 1.158744096755980474e-01
2.129999999999999893e+00 9.991278251012157552e-02
2.189999999999999947e+00 8.586818973223424301e-02
2.250000000000000000e+00 7.341901461283359409e-02
2.309999999999999609e+00 6.267316639423364810e-02
2.370000000000000107e+00 5.331958333651220378e-02
2.429999999999999716e+00 4.507514337698614870e-02
2.490000000000000213e+00 3.821042676766710222e-02
2.549999999999999822e+00 3.217309713363644685e-02
2.609999999999999876e+00 2.712607383728045038e-02
2.669999999999999929e+00 2.258655925591784852e-02
2.729999999999999538e+00 1.886909206708270795e-02
2.790000000000000036e+00 1.571476459503172440e-02
2.849999999999999645e+00 1.306074361006417765e-02
2.910000000000000142e+00 1.083227495352426240e-02
2.969999999999999751e+00 8.927037318547558636e-03
3.030000000000000249e+00 7.379303375879916853e-03
3.089999999999999858e+00 6.052106618881220382e-03
3.149999999999999911e+00 4.903847972552013122e-03
3.209999999999999964e+00 4.055971900622046787e-03
3.269999999999999574e+00 3.301848967870073606e-03
3.330000000000000071e+00 2.685313423474627263e-03
3.389999999999999680e+00 2.207110325495400139e-03
3.450000000000000178e+00 1.774728298187254341e-03
3.509999999999999787e+00 1.434981822967527996e-03
3.569999999999999840e+00 1.152853171030687783e-03
3.629999999999999893e+00 9.215126434961946802e-04
3.689999999999999503e+00 7.597108681996656183e-04
3.750000000000000000e+00 6.051113208134964016e-04
3.809999999999999609e+00 4.789481560389196690e-04
3.870000000000000107e+00 3.856917222340898259e-04
3.929999999999999716e+00 3.080815076828000219e-04
3.989999999999999769e+00 2.462416887283341458e-04
4.049999999999999822e+00 1.963227987289412448e-04
4.109999999999999432e+00 1.537303129831959808e-04
4.169999999999999929e+00 1.166015863418569479e-04
4.230000000000000426e+00 9.226302305857400578e-05
4.290000000000000036e+00 7.761021455128923482e-05
4.349999999999999645e+00 6.407499313354534200e-05
4.410000000000000142e+00 4.569689432779977506e-05
4.469999999999999751e+00 3.601113955179820219e-05
4.529999999999999361e+00 3.017485141754170042e-05
4.589999999999999858e+00 2.558032671610493091e-05
4.650000000000000355e+00 1.763304074605317396e-05
4.709999999999999964e+00 1.353522141774484149e-05
4.769999999999999574e+00 1.179675261179613856e-05
4.830000000000000071e+00 8.443991343180393881e-06
4.889999999999999680e+00 6.084640820821076045e-06
4.949999999999999289e+00 7.326404253641812039e-06
5.009999999999999787e+00 3.352761268615694704e-06
5.070000000000000284e+00 2.731879552205421575e-06
5.129999999999999893e+00 3.104408582051569359e-06
5.189999999999999503e+00 1.738468805948904523e-06
5.250000000000000000e+00 7.450580596923876829e-07
5.309999999999999609e+00 9.934107462565022287e-07
5.369999999999999218e+00 7.450580596923876829e-07
5.429999999999999716e+00 4.967053731282511143e-07
5.490000000000000213e+00 7.450580596923876829e-07
5.549999999999999822e+00 3.725290298461883358e-07
5.609999999999999432e+00 2.483526865641292100e-07
5.669999999999999929e+00 4.967053731282511143e-07
5.730000000000000426e+00 0.000000000000000000e+00
5.789999999999999147e+00 2.483526865641292100e-07
5.849999999999999645e+00 3.725290298461883358e-07
5.910000000000000142e+00 1.241763432820646050e-07
5.969999999999999751e+00 1.241763432820627786e-07
