2.999999999999999889e-02 9.642889174145131970e-02
8.999999999999999667e-02 1.619994652420242431e-01
1.499999999999999944e-01 2.417610355349459061e-01
2.099999999999999922e-01 3.232787076876464938e-01
2.700000000000000178e-01 4.039763192632023769e-01
3.299999999999999600e-01 4.798644568512672737e-01
3.900000000000000133e-01 5.494272998181033429e-01
4.499999999999999556e-01 6.111035789879927238e-01
5.100000000000000089e-01 6.629087080278145416e-01
5.700000000000000622e-01 7.038512630054207797e-01
6.299999999999998934e-01 7.347233648205060419e-01
6.899999999999999467e-01 7.544004724999298084e-01
7.500000000000000000e-01 7.624610073551106870e-01
8.100000000000000533e-01 7.618103233114661421e-01
8.699999999999998845e-01 7.515146142605546586e-01
9.299999999999999378e-01 7.336093788366214730e-01
9.899999999999999911e-01 7.082331978398047623e-01
1.050000000000000044e+00 6.778728267391975759e-01
1.109999999999999876e+00 6.431877660988867262e-01
1.169999999999999929e+00 6.046606893687989093e-01
1.229999999999999982e+00 5.642289958712627396e-01
1.290000000000000036e+00 5.227066615425560725e-01
1.349999999999999867e+00 4.811181412223832221e-01
1.409999999999999920e+00 4.398369573541251465e-01
1.469999999999999973e+00 4.001683274917424704e-01
1.530000000000000027e+00 3.613912837807678469e-01
1.589999999999999858e+00 3.248346372805642202e-01
1.649999999999999911e+00 2.901657195649968157e-01
1.709999999999999964e+00 2.579074372195259146e-01
1.770000000000000018e+00 2.279895064333299082e-01
1.829999999999999849e+00 2.011698996114473226e-01
1.889999999999999902e+00 1.762478315053965516e-01
1.949999999999999956e+00 1.539456359094303062e-01
2.009999999999999787e+00 1.341821014944371004e-01
2.070000000000000284e+00 1.158064860786483102e-01
2.129999999999999893e+00 9.993836358143651233e-02
2.189999999999999947e+00 8.590867186021368396e-02
2.250000000000000000e+00 7.341119205016283233e-02
2.309999999999999609e+00 6.275586830642715386e-02
2.370000000000000107e+00 5.331921120474143738e-02
2.429999999999999716e+00 4.529853695605098179e-02
2.490000000000000213e+00 3.826903828682278602e-02
2.549999999999999822e+00 3.224959000137637283e-02
2.609999999999999876e+00 2.700909992314222061e-02
2.669999999999999929e+00 2.256271756611303789e-02
2.729999999999999538e+00 1.882252607859068172e-02
2.790000000000000036e+00 1.572867246266705654e-02
2.849999999999999645e+00 1.308359215470843336e-02
2.910000000000000142e+00 1.080061006645815190e-02
2.969999999999999751e+00 8.974348572202132945e-03
3.030000000000000249e+00 7.388368303987140340e-03
3.089999999999999858e+00 6.088366156481445426e-03
3.149999999999999911e+00 4.985183514544276780e-03
3.209999999999999964e+00 4.092107247005701692e-03
3.269999999999999574e+00 3.265216970929626667e-03
3.330000000000000071e+00 2.654393533774166477e-03
3.389999999999999680e+00 2.238651133368295063e-03
3.450000000000000178e+00 1.763552440431358096e-03
3.509999999999999787e+00 1.458451162714145908e-03
3.569999999999999840e+00 1.176819214052112579e-03
3.629999999999999893e+00 9.431193342540603779e-04
3.689999999999999503e+00 7.720043319364704604e-04
3.750000000000000000e+00 5.895892822960209327e-04
3.809999999999999609e+00 4.783272778863252410e-04
3.870000000000000107e+00 3.792345552089401240e-04
3.929999999999999716e+00 3.201266153662893420e-04
3.989999999999999769e+00 2.440065163672471731e-04
4.049999999999999822e+00 1.919766281444063960e-04
4.109999999999999432e+00 1.506259055233948355e-04
4.169999999999999929e+00 1.262873420587718430e-04
4.230000000000000426e+00 9.934107536580037527e-05
4.290000000000000036e+00 7.934868394843186607e-05
4.349999999999999645e+00 6.171564307100348558e-05
4.410000000000000142e+00 4.967053768290018764e-05
4.469999999999999751e+00 3.452102368961511975e-05
4.529999999999999361e+00 2.793967744663135555e-05
4.589999999999999858e+00 2.011656776157427824e-05
4.650000000000000355e+00 1.862645163108757036e-05
4.709999999999999964e+00 1.477698496066258708e-05
4.769999999999999574e+00 1.403192689541930260e-05
4.830000000000000071e+00 8.443991406093032508e-06
4.889999999999999680e+00 6.208817210362431975e-06
4.949999999999999289e+00 4.967053768290019272e-06
5.009999999999999787e+00 3.725290326217458761e-06
5.070000000000000284e+00 2.359350539937759133e-06
5.129999999999999893e+00 2.110997851523226787e-06
5.189999999999999503e+00 1.365939786279755321e-06
5.250000000000000000e+00 1.241763442072504818e-06
5.309999999999999609e+00 1.614292474694232186e-06
5.369999999999999218e+00 9.934107536580038120e-07
5.429999999999999716e+00 3.725290326217458973e-07
5.490000000000000213e+00 4.967053768290019060e-07
5.549999999999999822e+00 2.483526884144973002e-07
5.609999999999999432e+00 0.000000000000000000e+00
5.669999999999999929e+00 3.725290326217458973e-07
5.730000000000000426e+00 1.241763442072504765e-07
5.789999999999999147e+00 2.483526884145009530e-07
5.849999999999999645e+00 1.241763442072486501e-07
5.910000000000000142e+00 0.000000000000000000e+00
5.969999999999999751e+00 1.241763442072486501e-07
