2.999999999999999889e-02 9.604456595612988201e-02
8.999999999999999667e-02 1.617497466138234918e-01
1.499999999999999944e-01 2.418105818962845988e-01
2.099999999999999922e-01 3.234765206039686425e-01
2.700000000000000178e-01 4.039337267771392903e-01
3.299999999999999600e-01 4.802515145161612709e-01
3.900000000000000133e-01 5.496454776548754806e-01
4.499999999999999556e-01 6.110905404718509626e-01
5.100000000000000089e-01 6.627495139545408476e-01
5.700000000000000622e-01 7.041011058099656550e-01
6.299999999999998934e-01 7.348811929539935672e-01
6.899999999999999467e-01 7.544068054934843781e-01
7.500000000000000000e-01 7.632368611537176939e-01
8.100000000000000533e-01 7.616567171736817743e-01
8.699999999999998845e-01 7.519096192114779198e-01
9.299999999999999378e-01 7.339167152885344159e-01
9.899999999999999911e-01 7.076008918951015580e-01
1.050000000000000044e+00 6.776221147002431389e-01
1.109999999999999876e+00 6.432625202580996016e-01
1.169999999999999929e+00 6.041331882586066238e-01
1.229999999999999982e+00 5.640834611958517320e-01
1.290000000000000036e+00 5.224904705272913619e-01
1.349999999999999867e+00 4.809999253426979204e-01
1.409999999999999920e+00 4.399389061327192985e-01
1.469999999999999973e+00 3.997645060203804945e-01
1.530000000000000027e+00 3.612533238623535370e-01
1.589999999999999858e+00 3.246632739255582156e-01
1.649999999999999911e+00 2.904334437631076460e-01
1.709999999999999964e+00 2.577417859763534436e-01
1.770000000000000018e+00 2.285718934876619091e-01
1.829999999999999849e+00 2.010636046608059169e-01
1.889999999999999902e+00 1.761220408687145800e-01
1.949999999999999956e+00 1.537056030360777203e-01
2.009999999999999787e+00 1.340181887200835309e-01
2.070000000000000284e+00 1.159900187153866252e-01
2.129999999999999893e+00 9.998418465244898745e-02
2.189999999999999947e+00 8.589439158062983637e-02
2.250000000000000000e+00 7.345005924589968760e-02
2.309999999999999609e+00 6.293853170875601810e-02
2.370000000000000107e+00 5.328692535524754553e-02
2.429999999999999716e+00 4.522924655598333649e-02
2.490000000000000213e+00 3.820459076417922345e-02
2.549999999999999822e+00 3.219929858197243672e-02
2.609999999999999876e+00 2.700413286937393062e-02
2.669999999999999929e+00 2.266255534685566661e-02
2.729999999999999538e+00 1.892261221202172147e-02
2.790000000000000036e+00 1.573661974869632399e-02
2.849999999999999645e+00 1.315101990961296992e-02
2.910000000000000142e+00 1.084903884069897927e-02
2.969999999999999751e+00 8.990615673293280916e-03
3.030000000000000249e+00 7.356206630837463546e-03
3.089999999999999858e+00 6.083399102713155440e-03
3.149999999999999911e+00 5.036219992013457256e-03
3.209999999999999964e+00 4.057834576004501655e-03
3.269999999999999574e+00 3.313645745170454033e-03
3.330000000000000071e+00 2.720827877925045043e-03
3.389999999999999680e+00 2.180164075246680475e-03
3.450000000000000178e+00 1.796334995302072005e-03
3.509999999999999787e+00 1.452739050880612641e-03
3.569999999999999840e+00 1.162166405435657336e-03
3.629999999999999893e+00 9.550402632979563449e-04
3.689999999999999503e+00 7.530053512727612631e-04
3.750000000000000000e+00 6.017585640283313990e-04
3.809999999999999609e+00 4.928559101585734507e-04
3.870000000000000107e+00 3.834565509119866123e-04
3.929999999999999716e+00 3.063430411592846301e-04
3.989999999999999769e+00 2.570450325090084683e-04
4.049999999999999822e+00 1.984337980431833239e-04
4.109999999999999432e+00 1.505017291791875588e-04
4.169999999999999929e+00 1.195818194715804293e-04
4.230000000000000426e+00 9.909272267738587596e-05
4.290000000000000036e+00 7.587174631062891636e-05
4.349999999999999645e+00 6.332993554569773110e-05
4.410000000000000142e+00 4.221995703046516085e-05
4.469999999999999751e+00 4.209578068625728777e-05
4.529999999999999361e+00 3.414849465699387900e-05
4.589999999999999858e+00 2.495944518565697417e-05
4.650000000000000355e+00 1.552204302590631202e-05
4.709999999999999964e+00 1.490116130486983505e-05
4.769999999999999574e+00 1.303851614176129858e-05
4.830000000000000071e+00 8.692344094507533514e-06
4.889999999999999680e+00 7.078051619813171943e-06
4.949999999999999289e+00 4.967053768290019272e-06
5.009999999999999787e+00 4.346172047253702382e-06
5.070000000000000284e+00 3.228584949388512230e-06
5.129999999999999893e+00 2.980232260973967179e-06
5.189999999999999503e+00 2.856055916766760721e-06
5.250000000000000000e+00 9.934107536580038120e-07
5.309999999999999609e+00 1.490116130486983589e-06
5.369999999999999218e+00 8.692344094507533090e-07
5.429999999999999716e+00 4.967053768289946003e-07
5.490000000000000213e+00 4.967053768290019060e-07
5.549999999999999822e+00 2.483526884144973002e-07
5.609999999999999432e+00 1.241763442072504765e-07
5.669999999999999929e+00 2.483526884144973002e-07
5.730000000000000426e+00 1.241763442072504765e-07
5.789999999999999147e+00 0.000000000000000000e+00
5.849999999999999645e+00 1.241763442072486501e-07
5.910000000000000142e+00 3.725290326217514030e-07
5.969999999999999751e+00 0.000000000000000000e+00
