2.999999999999999889e-02 9.613211027879599302e-02
8.999999999999999667e-02 1.618132007257133687e-01
1.499999999999999944e-01 2.416487801197825247e-01
2.099999999999999922e-01 3.237386568665901465e-01
2.700000000000000178e-01 4.037677030049341975e-01
3.299999999999999600e-01 4.797668542447203754e-01
3.900000000000000133e-01 5.491855284759318279e-01
4.499999999999999556e-01 6.111741111515023306e-01
5.100000000000000089e-01 6.627564678298164536e-01
5.700000000000000622e-01 7.038898818484691233e-01
6.299999999999998934e-01 7.344483142180870949e-01
6.899999999999999467e-01 7.544639266118196019e-01
7.500000000000000000e-01 7.627269930844026158e-01
8.100000000000000533e-01 7.622472998667314537e-01
8.699999999999998845e-01 7.523345506613551281e-01
9.299999999999999378e-01 7.333618953826165354e-01
9.899999999999999911e-01 7.082966519516947779e-01
1.050000000000000044e+00 6.777367294659464303e-01
1.109999999999999876e+00 6.433695602668061397e-01
1.169999999999999929e+00 6.048576330507117182e-01
1.229999999999999982e+00 5.641465427787091258e-01
1.290000000000000036e+00 5.229047228115667467e-01
1.349999999999999867e+00 4.810499684094134420e-01
1.409999999999999920e+00 4.400767418747893456e-01
1.469999999999999973e+00 3.997873544677146285e-01
1.530000000000000027e+00 3.612549381548282867e-01
1.589999999999999858e+00 3.246280078438033567e-01
1.649999999999999911e+00 2.898854535561210533e-01
1.709999999999999964e+00 2.579464285916070465e-01
1.770000000000000018e+00 2.283549574143318439e-01
1.829999999999999849e+00 2.011009817404122990e-01
1.889999999999999902e+00 1.762982471011446672e-01
1.949999999999999956e+00 1.537531625759090692e-01
2.009999999999999787e+00 1.338622232317592253e-01
2.070000000000000284e+00 1.160126188100323447e-01
2.129999999999999893e+00 9.981381470819664092e-02
2.189999999999999947e+00 8.593946759357706799e-02
2.250000000000000000e+00 7.353102222232282825e-02
2.309999999999999609e+00 6.274767266770947538e-02
2.370000000000000107e+00 5.333709259830728133e-02
2.429999999999999716e+00 4.525470270654582267e-02
2.490000000000000213e+00 3.828108339221088924e-02
2.549999999999999822e+00 3.224002842287240767e-02
2.609999999999999876e+00 2.699829658119618989e-02
2.669999999999999929e+00 2.268143015117516509e-02
2.729999999999999538e+00 1.889231318403515603e-02
2.790000000000000036e+00 1.569154373574909236e-02
2.849999999999999645e+00 1.305652171167125467e-02
2.910000000000000142e+00 1.076000440190238126e-02
2.969999999999999751e+00 8.918717569997283365e-03
3.030000000000000249e+00 7.398054058835305813e-03
3.089999999999999858e+00 6.095195855412844158e-03
3.149999999999999911e+00 4.972765880123552681e-03
3.209999999999999964e+00 4.027163018985310122e-03
3.269999999999999574e+00 3.269935672009502588e-03
3.330000000000000071e+00 2.732624630624733760e-03
3.389999999999999680e+00 2.191091593536918444e-03
3.450000000000000178e+00 1.774604135065803315e-03
3.509999999999999787e+00 1.449758818619638649e-03
3.569999999999999840e+00 1.178309330182599575e-03
3.629999999999999893e+00 9.459753901708271200e-04
3.689999999999999503e+00 7.439404781456320382e-04
3.750000000000000000e+00 6.008893296188805430e-04
3.809999999999999609e+00 4.944702026332678047e-04
3.870000000000000107e+00 3.779927917668676274e-04
3.929999999999999716e+00 3.065913938476991295e-04
3.989999999999999769e+00 2.437581636788326738e-04
4.049999999999999822e+00 1.983096216989760742e-04
4.109999999999999432e+00 1.542270195054050756e-04
4.169999999999999929e+00 1.214444646346891606e-04
4.230000000000000426e+00 9.946525171000762493e-05
4.290000000000000036e+00 8.059044739050436263e-05
4.349999999999999645e+00 5.823870543320047488e-05
4.410000000000000142e+00 5.128483015759444672e-05
4.469999999999999751e+00 4.072984089997755511e-05
4.529999999999999361e+00 3.005067529815461325e-05
4.589999999999999858e+00 2.110997851523226871e-05
4.650000000000000355e+00 1.949568604053832473e-05
4.709999999999999964e+00 1.415610323962634389e-05
4.769999999999999574e+00 1.055498925761629021e-05
4.830000000000000071e+00 8.940696782922032826e-06
4.889999999999999680e+00 6.953875275605923981e-06
4.949999999999999289e+00 7.202227964020527478e-06
5.009999999999999787e+00 4.594524735668199153e-06
5.070000000000000284e+00 2.731879572559510642e-06
5.129999999999999893e+00 2.483526884144972790e-06
5.189999999999999503e+00 2.110997851523258127e-06
5.250000000000000000e+00 4.967053768290019060e-07
5.309999999999999609e+00 1.117587097865237586e-06
5.369999999999999218e+00 1.490116130487005612e-06
5.429999999999999716e+00 3.725290326217458973e-07
5.490000000000000213e+00 7.450580652435028061e-07
5.549999999999999822e+00 8.692344094507404977e-07
5.609999999999999432e+00 3.725290326217514030e-07
5.669999999999999929e+00 0.000000000000000000e+00
5.730000000000000426e+00 0.000000000000000000e+00
5.789999999999999147e+00 1.241763442072504765e-07
5.849999999999999645e+00 0.000000000000000000e+00
5.910000000000000142e+00 2.483526884145009530e-07
5.969999999999999751e+00 1.241763442072486501e-07
