2.999999999999999889e-02 9.628373102981244158e-02
8.999999999999999667e-02 1.622535324600383466e-01
1.499999999999999944e-01 2.416803245125286881e-01
2.099999999999999922e-01 3.237384133379800355e-01
2.700000000000000178e-01 4.032862773278765856e-01
3.299999999999999600e-01 4.802166281192244424e-01
3.900000000000000133e-01 5.494249486546330941e-01
4.499999999999999556e-01 6.106817610465881119e-01
5.100000000000000089e-01 6.632343082852873994e-01
5.700000000000000622e-01 7.039065319676176546e-01
6.299999999999998934e-01 7.348049596280974427e-01
6.899999999999999467e-01 7.541182309067839817e-01
7.500000000000000000e-01 7.631232511701906418e-01
8.100000000000000533e-01 7.620680005813943447e-01
8.699999999999998845e-01 7.519147216459929339e-01
9.299999999999999378e-01 7.336029325982583726e-01
9.899999999999999911e-01 7.083508033930187020e-01
1.050000000000000044e+00 6.779177886775629158e-01
1.109999999999999876e+00 6.424411033142871652e-01
1.169999999999999929e+00 6.041312104393559146e-01
1.229999999999999982e+00 5.638087915238712000e-01
1.290000000000000036e+00 5.227053033916858604e-01
1.349999999999999867e+00 4.816590605550293280e-01
1.409999999999999920e+00 4.396642346108405874e-01
1.469999999999999973e+00 3.998085945801864716e-01
1.530000000000000027e+00 3.611600728095584190e-01
1.589999999999999858e+00 3.242693913937232941e-01
1.649999999999999911e+00 2.903870061374777545e-01
1.709999999999999964e+00 2.581662245678303935e-01
1.770000000000000018e+00 2.282242031246872749e-01
1.829999999999999849e+00 2.010714307666888190e-01
1.889999999999999902e+00 1.764929582388116980e-01
1.949999999999999956e+00 1.540407572844792461e-01
2.009999999999999787e+00 1.338899165516326817e-01
2.070000000000000284e+00 1.158074812150679256e-01
2.129999999999999893e+00 9.996655310118929272e-02
2.189999999999999947e+00 8.600938015700540507e-02
2.250000000000000000e+00 7.342063054637523734e-02
2.309999999999999609e+00 6.287718953166078484e-02
2.370000000000000107e+00 5.341495196207003693e-02
2.429999999999999716e+00 4.518019757325888314e-02
2.490000000000000213e+00 3.818223959118163119e-02
2.549999999999999822e+00 3.231068524419306726e-02
2.609999999999999876e+00 2.708273689882135377e-02
2.669999999999999929e+00 2.262604783881312295e-02
2.729999999999999538e+00 1.888585629555756748e-02
2.790000000000000036e+00 1.576257283951627494e-02
2.849999999999999645e+00 1.309228469389318861e-02
2.910000000000000142e+00 1.085177088197552576e-02
2.969999999999999751e+00 8.950134318449114515e-03
3.030000000000000249e+00 7.364774908331462276e-03
3.089999999999999858e+00 6.083523369708926203e-03
3.149999999999999911e+00 5.003810040737946031e-03
3.209999999999999964e+00 4.052495053590471179e-03
3.269999999999999574e+00 3.303711686863015223e-03
3.330000000000000071e+00 2.694750885796440201e-03
3.389999999999999680e+00 2.181405871194233917e-03
3.450000000000000178e+00 1.808752656675312060e-03
3.509999999999999787e+00 1.430138977545624595e-03
3.569999999999999840e+00 1.151983962376561558e-03
3.629999999999999893e+00 9.310742427400445871e-04
3.689999999999999503e+00 7.610768249871611209e-04
3.750000000000000000e+00 5.941838158857180082e-04
3.809999999999999609e+00 4.863987475077026826e-04
3.870000000000000107e+00 3.915280191196800512e-04
3.929999999999999716e+00 3.098199834137652119e-04
3.989999999999999769e+00 2.457449888480343772e-04
4.049999999999999822e+00 1.887480460075830000e-04
4.109999999999999432e+00 1.563380196865463991e-04
4.169999999999999929e+00 1.251697568260813588e-04
4.230000000000000426e+00 9.797513703946394710e-05
4.290000000000000036e+00 7.984539051504990889e-05
4.349999999999999645e+00 6.283323110515684820e-05
4.410000000000000142e+00 4.209578131353393366e-05
4.469999999999999751e+00 3.849466727786232683e-05
4.529999999999999361e+00 2.967814670777171372e-05
4.589999999999999858e+00 2.495944555758170097e-05
4.650000000000000355e+00 1.986821536921955936e-05
4.709999999999999964e+00 1.216928191364679990e-05
4.769999999999999574e+00 9.437402300379290270e-06
4.830000000000000071e+00 7.078051725284466856e-06
4.889999999999999680e+00 7.078051725284362671e-06
4.949999999999999289e+00 3.352761343555800535e-06
5.009999999999999787e+00 4.221995765959093047e-06
5.070000000000000284e+00 2.607703267210066848e-06
5.129999999999999893e+00 3.725290381728611687e-06
5.189999999999999503e+00 1.862645190864333372e-06
5.250000000000000000e+00 1.490116152691466952e-06
5.309999999999999609e+00 1.241763460576204037e-06
5.369999999999999218e+00 7.450580763457334758e-07
5.429999999999999716e+00 3.725290381728612322e-07
5.490000000000000213e+00 4.967053842304888780e-07
5.549999999999999822e+00 3.725290381728612322e-07
5.609999999999999432e+00 3.725290381728667379e-07
5.669999999999999929e+00 1.241763460576203931e-07
5.730000000000000426e+00 2.483526921152444390e-07
5.789999999999999147e+00 2.483526921152444390e-07
5.849999999999999645e+00 1.241763460576203931e-07
5.910000000000000142e+00 0.000000000000000000e+00
5.969999999999999751e+00 0.000000000000000000e+00
