2.999999999999999889e-02 9.591964526851444461e-02
8.999999999999999667e-02 1.617213114359176973e-01
1.499999999999999944e-01 2.415401276182154167e-01
2.099999999999999922e-01 3.230836290580574865e-01
2.700000000000000178e-01 4.037860841123176447e-01
3.299999999999999600e-01 4.798997265085537256e-01
3.900000000000000133e-01 5.493925345350186840e-01
4.499999999999999556e-01 6.109867336002995364e-01
5.100000000000000089e-01 6.626714119713212892e-01
5.700000000000000622e-01 7.047607358012712986e-01
6.299999999999998934e-01 7.348695258528427088e-01
6.899999999999999467e-01 7.542638841410056472e-01
7.500000000000000000e-01 7.633761926995140668e-01
8.100000000000000533e-01 7.619030887172094646e-01
8.699999999999998845e-01 7.523056231782686565e-01
9.299999999999999378e-01 7.333694756036415185e-01
9.899999999999999911e-01 7.084320094451105332e-01
1.050000000000000044e+00 6.775863569615232507e-01
1.109999999999999876e+00 6.429422742566822668e-01
1.169999999999999929e+00 6.045864364194830642e-01
1.229999999999999982e+00 5.642463847634149321e-01
1.290000000000000036e+00 5.230782010616605859e-01
1.349999999999999867e+00 4.809174758332587230e-01
1.409999999999999920e+00 4.399312104771214149e-01
1.469999999999999973e+00 3.997894684442298008e-01
1.530000000000000027e+00 3.613190158404757102e-01
1.589999999999999858e+00 3.244716722439487389e-01
1.649999999999999911e+00 2.902752452633067248e-01
1.709999999999999964e+00 2.578583894847587543e-01
1.770000000000000018e+00 2.285999590446551877e-01
1.829999999999999849e+00 2.011285503873507796e-01
1.889999999999999902e+00 1.760528759566873103e-01
1.949999999999999956e+00 1.540233714484676164e-01
2.009999999999999787e+00 1.338994771326502409e-01
2.070000000000000284e+00 1.158746597549515922e-01
2.129999999999999893e+00 1.001639927451409839e-01
2.189999999999999947e+00 8.584919203096473550e-02
2.250000000000000000e+00 7.343441357365859679e-02
2.309999999999999609e+00 6.282739434879110185e-02
2.370000000000000107e+00 5.342538237708874954e-02
2.429999999999999716e+00 4.528028337081691640e-02
2.490000000000000213e+00 3.818882065299379625e-02
2.549999999999999822e+00 3.212305454596458415e-02
2.609999999999999876e+00 2.697979450692444478e-02
2.669999999999999929e+00 2.255886826751927685e-02
2.729999999999999538e+00 1.888076492469654283e-02
2.790000000000000036e+00 1.572134617549198962e-02
2.849999999999999645e+00 1.308197795970207286e-02
2.910000000000000142e+00 1.081315195778734424e-02
2.969999999999999751e+00 8.907914294420386792e-03
3.030000000000000249e+00 7.367382556707394170e-03
3.089999999999999858e+00 6.024415384100104132e-03
3.149999999999999911e+00 4.884352359439251591e-03
3.209999999999999964e+00 4.074350060140338910e-03
3.269999999999999574e+00 3.311907301027185169e-03
3.330000000000000071e+00 2.712756435763183979e-03
3.389999999999999680e+00 2.169236573118514620e-03
3.450000000000000178e+00 1.786773430110613322e-03
3.509999999999999787e+00 1.440321427191118466e-03
3.569999999999999840e+00 1.158937829121028419e-03
3.629999999999999893e+00 9.524325671657797457e-04
3.689999999999999503e+00 7.566064708919291275e-04
3.750000000000000000e+00 6.049871534852253700e-04
3.809999999999999609e+00 4.816800427687170172e-04
3.870000000000000107e+00 3.904104290963770259e-04
3.929999999999999716e+00 3.016243423266856726e-04
3.989999999999999769e+00 2.366801138224236989e-04
4.049999999999999822e+00 1.914799241942140111e-04
4.109999999999999432e+00 1.539786679642210802e-04
4.169999999999999929e+00 1.210719365041236463e-04
4.230000000000000426e+00 9.350478788472457584e-05
4.290000000000000036e+00 7.723768667237426819e-05
4.349999999999999645e+00 5.774200048658290508e-05
4.410000000000000142e+00 4.507601328307438821e-05
4.469999999999999751e+00 3.973643044237904691e-05
4.529999999999999361e+00 3.154079166363883181e-05
4.589999999999999858e+00 2.446273999108959779e-05
4.650000000000000355e+00 1.490116141589236112e-05
4.709999999999999964e+00 1.303851623890562350e-05
4.769999999999999574e+00 1.167257644244901698e-05
4.830000000000000071e+00 8.940696849535415997e-06
4.889999999999999680e+00 6.581346292019028374e-06
4.949999999999999289e+00 4.470348424767707999e-06
5.009999999999999787e+00 3.601114008840600703e-06
5.070000000000000284e+00 2.110997867251417784e-06
5.129999999999999893e+00 2.856055938045993573e-06
5.189999999999999503e+00 2.235174212383853999e-06
5.250000000000000000e+00 1.614292486721672498e-06
5.309999999999999609e+00 1.614292486721648569e-06
5.369999999999999218e+00 8.692344159270543566e-07
5.429999999999999716e+00 2.483526902648690432e-07
5.490000000000000213e+00 7.450580707946181409e-07
5.549999999999999822e+00 7.450580707946071295e-07
5.609999999999999432e+00 2.483526902648726960e-07
5.669999999999999929e+00 0.000000000000000000e+00
5.730000000000000426e+00 0.000000000000000000e+00
5.789999999999999147e+00 2.483526902648726960e-07
5.849999999999999645e+00 0.000000000000000000e+00
5.910000000000000142e+00 1.241763451324363480e-07
5.969999999999999751e+00 0.000000000000000000e+00
