2.999999999999999889e-02 9.612689487233928853e-02
8.999999999999999667e-02 1.619768651473785515e-01
1.499999999999999944e-01 2.412294366053946704e-01
2.099999999999999922e-01 3.233235353479052554e-01
2.700000000000000178e-01 4.035736153789382663e-01
3.299999999999999600e-01 4.799592034018974052e-01
3.900000000000000133e-01 5.496320666097010976e-01
4.499999999999999556e-01 6.114482925195119378e-01
5.100000000000000089e-01 6.629445949912904368e-01
5.700000000000000622e-01 7.040273450615065487e-01
6.299999999999998934e-01 7.347498143818221861e-01
6.899999999999999467e-01 7.541827913685343887e-01
7.500000000000000000e-01 7.629603204351680379e-01
8.100000000000000533e-01 7.615900344768424812e-01
8.699999999999998845e-01 7.517231063424786308e-01
9.299999999999999378e-01 7.338757370949460235e-01
9.899999999999999911e-01 7.086015048767235758e-01
1.050000000000000044e+00 6.780641824856209476e-01
1.109999999999999876e+00 6.426828650833401602e-01
1.169999999999999929e+00 6.045242195665152529e-01
1.229999999999999982e+00 5.644199790886534895e-01
1.290000000000000036e+00 5.227203209404189810e-01
1.349999999999999867e+00 4.808936303920564592e-01
1.409999999999999920e+00 4.400520307822921584e-01
1.469999999999999973e+00 3.997693488978045773e-01
1.530000000000000027e+00 3.612369325849181800e-01
1.589999999999999858e+00 3.250355546054915501e-01
1.649999999999999911e+00 2.904759120728265254e-01
1.709999999999999964e+00 2.578151741957799281e-01
1.770000000000000018e+00 2.281757709496407827e-01
1.829999999999999849e+00 2.010878190479263306e-01
1.889999999999999902e+00 1.764711005722811588e-01
1.949999999999999956e+00 1.540634792600829861e-01
2.009999999999999787e+00 1.337093621520401010e-01
2.070000000000000284e+00 1.157931992098181345e-01
2.129999999999999893e+00 9.988807216203257622e-02
2.189999999999999947e+00 8.572973374821102333e-02
2.250000000000000000e+00 7.354194974061306622e-02
2.309999999999999609e+00 6.280404872797956672e-02
2.370000000000000107e+00 5.350485483933126868e-02
2.429999999999999716e+00 4.516355726989769448e-02
2.490000000000000213e+00 3.816795874263809174e-02
2.549999999999999822e+00 3.216850284860903186e-02
2.609999999999999876e+00 2.707752108880041864e-02
2.669999999999999929e+00 2.261983868444837273e-02
2.729999999999999538e+00 1.891317480986197397e-02
2.790000000000000036e+00 1.571240536157591031e-02
2.849999999999999645e+00 1.312432199560841298e-02
2.910000000000000142e+00 1.083202668154258433e-02
2.969999999999999751e+00 8.910646107623813872e-03
3.030000000000000249e+00 7.329632893177112120e-03
3.089999999999999858e+00 6.063903416672617244e-03
3.149999999999999911e+00 4.943832791923262644e-03
3.209999999999999964e+00 4.067768683541080760e-03
3.269999999999999574e+00 3.303959990322288560e-03
3.330000000000000071e+00 2.703691542424444590e-03
3.389999999999999680e+00 2.202391640859777729e-03
3.450000000000000178e+00 1.764421674840808843e-03
3.509999999999999787e+00 1.430884014300136484e-03
3.569999999999999840e+00 1.150742181768590151e-03
3.629999999999999893e+00 9.225060611156569350e-04
3.689999999999999503e+00 7.343788996416739231e-04
3.750000000000000000e+00 5.925695145569948160e-04
3.809999999999999609e+00 4.835426843430297265e-04
3.870000000000000107e+00 3.880510756476548495e-04
3.929999999999999716e+00 3.110617422391601171e-04
3.989999999999999769e+00 2.606461464910187625e-04
4.049999999999999822e+00 1.984337980431833239e-04
4.109999999999999432e+00 1.547237248822341013e-04
4.169999999999999929e+00 1.210719356020674117e-04
4.230000000000000426e+00 9.785095923531337940e-05
4.290000000000000036e+00 7.959703663684637893e-05
4.349999999999999645e+00 6.246070113624699706e-05
4.410000000000000142e+00 4.768371617558417959e-05
4.469999999999999751e+00 3.899137208107607348e-05
4.529999999999999361e+00 3.303090755912862532e-05
4.589999999999999858e+00 2.421438712041348301e-05
4.650000000000000355e+00 1.601874840273531065e-05
4.709999999999999964e+00 1.390775055121184796e-05
4.769999999999999574e+00 1.067916560182353987e-05
4.830000000000000071e+00 1.105169463444529222e-05
4.889999999999999680e+00 6.084640866155183166e-06
4.949999999999999289e+00 4.594524735668267763e-06
5.009999999999999787e+00 4.718701079875447962e-06
5.070000000000000284e+00 3.476937637803013236e-06
5.129999999999999893e+00 2.483526884144972790e-06
5.189999999999999503e+00 1.738468818901506618e-06
5.250000000000000000e+00 1.490116130487005612e-06
5.309999999999999609e+00 3.725290326217458973e-07
5.369999999999999218e+00 7.450580652435028061e-07
5.429999999999999716e+00 4.967053768289946003e-07
5.490000000000000213e+00 4.967053768290019060e-07
5.549999999999999822e+00 4.967053768289946003e-07
5.609999999999999432e+00 0.000000000000000000e+00
5.669999999999999929e+00 2.483526884144973002e-07
5.730000000000000426e+00 2.483526884145009530e-07
5.789999999999999147e+00 1.241763442072504765e-07
5.849999999999999645e+00 1.241763442072486501e-07
5.910000000000000142e+00 2.483526884145009530e-07
5.969999999999999751e+00 1.241763442072486501e-07
