2.999999999999999889e-02 9.631961655854892612e-02
8.999999999999999667e-02 1.619157703860285846e-01
1.499999999999999944e-01 2.416691450402325414e-01
2.099999999999999922e-01 3.233606640748232786e-01
2.700000000000000178e-01 4.033931871508051326e-01
3.299999999999999600e-01 4.795940007735838839e-01
3.900000000000000133e-01 5.496795019731882670e-01
4.499999999999999556e-01 6.109318431039540975e-01
5.100000000000000089e-01 6.630300283161050245e-01
5.700000000000000622e-01 7.042189491606184459e-01
6.299999999999998934e-01 7.346979086699436667e-01
6.899999999999999467e-01 7.541650341513128630e-01
7.500000000000000000e-01 7.631832169730201620e-01
8.100000000000000533e-01 7.621064838924004325e-01
8.699999999999998845e-01 7.516209092111960643e-01
9.299999999999999378e-01 7.338864162605479580e-01
9.899999999999999911e-01 7.086575084079609343e-01
1.050000000000000044e+00 6.777080447304345556e-01
1.109999999999999876e+00 6.431921122709340910e-01
1.169999999999999929e+00 6.045722758117234585e-01
1.229999999999999982e+00 5.641891352647722124e-01
1.290000000000000036e+00 5.226284304457055052e-01
1.349999999999999867e+00 4.811320489729343786e-01
1.409999999999999920e+00 4.396941545582868094e-01
1.469999999999999973e+00 3.997989028677259027e-01
1.530000000000000027e+00 3.613462077678206152e-01
1.589999999999999858e+00 3.245413327555466410e-01
1.649999999999999911e+00 2.901254864294736668e-01
1.709999999999999964e+00 2.579276779636316963e-01
1.770000000000000018e+00 2.281732874227566377e-01
1.829999999999999849e+00 2.009888505015931526e-01
1.889999999999999902e+00 1.764801654454083157e-01
1.949999999999999956e+00 1.541246981977771879e-01
2.009999999999999787e+00 1.337127149133336967e-01
2.070000000000000284e+00 1.158505686808418839e-01
2.129999999999999893e+00 9.971534286724029195e-02
2.189999999999999947e+00 8.599981729686179133e-02
2.250000000000000000e+00 7.355238055352647519e-02
2.309999999999999609e+00 6.274953531287258413e-02
2.370000000000000107e+00 5.334975858541642080e-02
2.429999999999999716e+00 4.524303013019034120e-02
2.490000000000000213e+00 3.826270529326821629e-02
2.549999999999999822e+00 3.219569746799041954e-02
2.609999999999999876e+00 2.704411765220866501e-02
2.669999999999999929e+00 2.264740583286238215e-02
2.729999999999999538e+00 1.892882102923208743e-02
2.790000000000000036e+00 1.575239014441064123e-02
2.849999999999999645e+00 1.308321962567581161e-02
2.910000000000000142e+00 1.090640831172272861e-02
2.969999999999999751e+00 8.906051582888143900e-03
3.030000000000000249e+00 7.353723103953317686e-03
3.089999999999999858e+00 6.056080306987560516e-03
3.149999999999999911e+00 4.961093303768071214e-03
3.209999999999999964e+00 4.096329242708748181e-03
3.269999999999999574e+00 3.348415121548484370e-03
3.330000000000000071e+00 2.731258690838454014e-03
3.389999999999999680e+00 2.170478320398515001e-03
3.450000000000000178e+00 1.766035967315503089e-03
3.509999999999999787e+00 1.422936728270872723e-03
3.569999999999999840e+00 1.142174014018289708e-03
3.629999999999999893e+00 9.293357600470556661e-04
3.689999999999999503e+00 7.700175104291544659e-04
3.750000000000000000e+00 5.991508607999791562e-04
3.809999999999999609e+00 4.826734499335790332e-04
3.870000000000000107e+00 3.972401251189913241e-04
3.929999999999999716e+00 3.027419271772744443e-04
3.989999999999999769e+00 2.515812733638894834e-04
4.049999999999999822e+00 1.981854453547687975e-04
4.109999999999999432e+00 1.480182022950425657e-04
4.169999999999999929e+00 1.262873420587718430e-04
4.230000000000000426e+00 9.549160869537560883e-05
4.290000000000000036e+00 7.872780222739563134e-05
4.349999999999999645e+00 6.457169898777024122e-05
4.410000000000000142e+00 4.929800865027843867e-05
4.469999999999999751e+00 3.762543229479633404e-05
4.529999999999999361e+00 3.228584949388512061e-05
4.589999999999999858e+00 2.483526884144972790e-05
4.650000000000000355e+00 2.036492044998907910e-05
4.709999999999999964e+00 1.216928173231036633e-05
4.769999999999999574e+00 1.030663656920178921e-05
4.830000000000000071e+00 8.071462373471280152e-06
4.889999999999999680e+00 4.594524735668199153e-06
4.949999999999999289e+00 3.849466670424764745e-06
5.009999999999999787e+00 4.718701079875447962e-06
5.070000000000000284e+00 2.607703228352259715e-06
5.129999999999999893e+00 2.359350539937723981e-06
5.189999999999999503e+00 2.483526884145009636e-06
5.250000000000000000e+00 1.614292474694256115e-06
5.309999999999999609e+00 1.490116130486983589e-06
5.369999999999999218e+00 6.208817210362524090e-07
5.429999999999999716e+00 6.208817210362431975e-07
5.490000000000000213e+00 3.725290326217514030e-07
5.549999999999999822e+00 2.483526884144973002e-07
5.609999999999999432e+00 2.483526884145009530e-07
5.669999999999999929e+00 1.241763442072486501e-07
5.730000000000000426e+00 1.241763442072504765e-07
5.789999999999999147e+00 1.241763442072504765e-07
5.849999999999999645e+00 0.000000000000000000e+00
5.910000000000000142e+00 0.000000000000000000e+00
5.969999999999999751e+00 0.000000000000000000e+00
