2.999999999999999889e-02 9.597006086463820418e-02
8.999999999999999667e-02 1.617163443821123814e-01
1.499999999999999944e-01 2.412509209104019559e-01
2.099999999999999922e-01 3.234166700157026786e-01
2.700000000000000178e-01 4.037460993291849820e-01
3.299999999999999600e-01 4.797350686749081161e-01
3.900000000000000133e-01 5.493215056656028938e-01
4.499999999999999556e-01 6.109765511399988247e-01
5.100000000000000089e-01 6.627593288236750535e-01
5.700000000000000622e-01 7.042851403994140336e-01
6.299999999999998934e-01 7.347154230085334303e-01
6.899999999999999467e-01 7.543289525458550804e-01
7.500000000000000000e-01 7.632798318556912598e-01
8.100000000000000533e-01 7.624088589709338004e-01
8.699999999999998845e-01 7.518404585894024050e-01
9.299999999999999378e-01 7.338265687300740137e-01
9.899999999999999911e-01 7.088060285966494289e-01
1.050000000000000044e+00 6.774899961177004437e-01
1.109999999999999876e+00 6.430861946406908336e-01
1.169999999999999929e+00 6.042564998704661461e-01
1.229999999999999982e+00 5.644590988426267941e-01
1.290000000000000036e+00 5.231505958708727588e-01
1.349999999999999867e+00 4.814623616356998870e-01
1.409999999999999920e+00 4.399716919656346259e-01
1.469999999999999973e+00 3.997299879749114382e-01
1.530000000000000027e+00 3.611808075683433095e-01
1.589999999999999858e+00 3.249764490869120892e-01
1.649999999999999911e+00 2.900758180530240149e-01
1.709999999999999964e+00 2.576477864034141807e-01
1.770000000000000018e+00 2.282679114977710644e-01
1.829999999999999849e+00 2.009175747769708087e-01
1.889999999999999902e+00 1.764426655040580438e-01
1.949999999999999956e+00 1.539371930649456877e-01
2.009999999999999787e+00 1.336952070449073937e-01
2.070000000000000284e+00 1.160193251970308842e-01
2.129999999999999893e+00 1.000995452220172499e-01
2.189999999999999947e+00 8.569372324685893549e-02
2.250000000000000000e+00 7.340461125082681226e-02
2.309999999999999609e+00 6.264162653647296908e-02
2.370000000000000107e+00 5.329363127490324009e-02
2.429999999999999716e+00 4.522341060474626556e-02
2.490000000000000213e+00 3.820210752192296222e-02
2.549999999999999822e+00 3.227914421179605559e-02
2.609999999999999876e+00 2.700587153940225624e-02
2.669999999999999929e+00 2.260220581197050146e-02
2.729999999999999538e+00 1.895129708873176388e-02
2.790000000000000036e+00 1.574729903162466402e-02
2.849999999999999645e+00 1.293756087031304979e-02
2.910000000000000142e+00 1.084866639249522195e-02
2.969999999999999751e+00 8.919462694517703294e-03
3.030000000000000249e+00 7.393335412840072902e-03
3.089999999999999858e+00 6.017834037808086206e-03
3.149999999999999911e+00 4.923095379120571470e-03
3.209999999999999964e+00 4.093100688255336093e-03
3.269999999999999574e+00 3.340343684062512756e-03
3.330000000000000071e+00 2.680346409683618744e-03
3.389999999999999680e+00 2.193078431383942237e-03
3.450000000000000178e+00 1.769140389101807624e-03
3.509999999999999787e+00 1.448641242314991718e-03
3.569999999999999840e+00 1.164401588306855726e-03
3.629999999999999893e+00 9.451061628029660145e-04
3.689999999999999503e+00 7.405877223698449467e-04
3.750000000000000000e+00 6.011376867861199054e-04
3.809999999999999609e+00 4.851569804324251754e-04
3.870000000000000107e+00 3.806004978309145484e-04
3.929999999999999716e+00 3.067155724771155104e-04
3.989999999999999769e+00 2.448757526011644697e-04
4.049999999999999822e+00 1.985579758667627810e-04
4.109999999999999432e+00 1.538544916190886266e-04
4.169999999999999929e+00 1.202027020881966067e-04
4.230000000000000426e+00 9.636084382277060160e-05
4.290000000000000036e+00 8.319815123873111845e-05
4.349999999999999645e+00 5.885958759277483144e-05
4.410000000000000142e+00 4.979471439810697372e-05
4.469999999999999751e+00 4.048148851317365319e-05
4.529999999999999361e+00 3.178914435390370509e-05
4.589999999999999858e+00 2.011656791145438996e-05
4.650000000000000355e+00 1.999239156632225147e-05
4.709999999999999964e+00 1.490116141589214090e-05
4.769999999999999574e+00 1.117587106191927042e-05
4.830000000000000071e+00 8.319815123873236190e-06
4.889999999999999680e+00 8.568167814137980719e-06
4.949999999999999289e+00 6.457169946886689990e-06
5.009999999999999787e+00 2.856055938045993573e-06
5.070000000000000284e+00 3.601114008840654066e-06
5.129999999999999893e+00 2.731879592913559051e-06
5.189999999999999503e+00 1.490116141589236282e-06
5.250000000000000000e+00 1.614292486721672498e-06
5.309999999999999609e+00 1.117587106191910483e-06
5.369999999999999218e+00 1.241763451324363480e-07
5.429999999999999716e+00 3.725290353973035648e-07
5.490000000000000213e+00 2.483526902648726960e-07
5.549999999999999822e+00 1.241763451324345216e-07
5.609999999999999432e+00 2.483526902648726960e-07
5.669999999999999929e+00 3.725290353973035648e-07
5.730000000000000426e+00 1.241763451324363480e-07
5.789999999999999147e+00 1.241763451324363480e-07
5.849999999999999645e+00 0.000000000000000000e+00
5.910000000000000142e+00 1.241763451324363480e-07
5.969999999999999751e+00 1.241763451324345216e-07
