2.999999999999999889e-02 9.599948994318265039e-02
8.999999999999999667e-02 1.616476736588851326e-01
1.499999999999999944e-01 2.415583797411996747e-01
2.099999999999999922e-01 3.234113280232598364e-01
2.700000000000000178e-01 4.037607491296585360e-01
3.299999999999999600e-01 4.793961878572617352e-01
3.900000000000000133e-01 5.500712783391621397e-01
4.499999999999999556e-01 6.116814956939331527e-01
5.100000000000000089e-01 6.627205808663405584e-01
5.700000000000000622e-01 7.046657356470760192e-01
6.299999999999998934e-01 7.345495179386160034e-01
6.899999999999999467e-01 7.541896210674658985e-01
7.500000000000000000e-01 7.629159894802860498e-01
8.100000000000000533e-01 7.619991955310053688e-01
8.699999999999998845e-01 7.517440921446496560e-01
9.299999999999999378e-01 7.337294573614698834e-01
9.899999999999999911e-01 7.087210866961951572e-01
1.050000000000000044e+00 6.776290685755187448e-01
1.109999999999999876e+00 6.424427080336432283e-01
1.169999999999999929e+00 6.040439054671215002e-01
1.229999999999999982e+00 5.644643100435354777e-01
1.290000000000000036e+00 5.229104349234001692e-01
1.349999999999999867e+00 4.810078726287271844e-01
1.409999999999999920e+00 4.404048157761849547e-01
1.469999999999999973e+00 3.996188471686253907e-01
1.530000000000000027e+00 3.609653589201369250e-01
1.589999999999999858e+00 3.246297463126222582e-01
1.649999999999999911e+00 2.904249997717015530e-01
1.709999999999999964e+00 2.582142769660620840e-01
1.770000000000000018e+00 2.281054871388194794e-01
1.829999999999999849e+00 2.010299528715257522e-01
1.889999999999999902e+00 1.761853708042602773e-01
1.949999999999999956e+00 1.540434868686656467e-01
2.009999999999999787e+00 1.337928086553473728e-01
2.070000000000000284e+00 1.159021018636878925e-01
2.129999999999999893e+00 9.983964338779174885e-02
2.189999999999999947e+00 8.602365915494958326e-02
2.250000000000000000e+00 7.347439780936432241e-02
2.309999999999999609e+00 6.285756873233289133e-02
2.370000000000000107e+00 5.323539217240154386e-02
2.429999999999999716e+00 4.540359014325031500e-02
2.490000000000000213e+00 3.829300432125478520e-02
2.549999999999999822e+00 3.222239538199498515e-02
2.609999999999999876e+00 2.718803803514486736e-02
2.669999999999999929e+00 2.260394411238984130e-02
2.729999999999999538e+00 1.887666696466504257e-02
2.790000000000000036e+00 1.569911849274573112e-02
2.849999999999999645e+00 1.300362258903896631e-02
2.910000000000000142e+00 1.080085841914656640e-02
2.969999999999999751e+00 8.959695763585675751e-03
3.030000000000000249e+00 7.404511228734083662e-03
3.089999999999999858e+00 6.006161416616247022e-03
3.149999999999999911e+00 4.929800865027843433e-03
3.209999999999999964e+00 4.073729148063028743e-03
3.269999999999999574e+00 3.341833775305499705e-03
3.330000000000000071e+00 2.700090428442433917e-03
3.389999999999999680e+00 2.163648621467116270e-03
3.450000000000000178e+00 1.774852487754217814e-03
3.509999999999999787e+00 1.418466379879411736e-03
3.569999999999999840e+00 1.149127889293895905e-03
3.629999999999999893e+00 9.343028138153455439e-04
3.689999999999999503e+00 7.502734717002017707e-04
3.750000000000000000e+00 6.020069167167457899e-04
3.809999999999999609e+00 4.958361424195474425e-04
3.870000000000000107e+00 3.844499616656446095e-04
3.929999999999999716e+00 3.073364519129426274e-04
3.989999999999999769e+00 2.495944518565734347e-04
4.049999999999999822e+00 1.922249808328208682e-04
4.109999999999999432e+00 1.506259055233948355e-04
4.169999999999999929e+00 1.221895226999326586e-04
4.230000000000000426e+00 9.834766461214236447e-05
4.290000000000000036e+00 7.487833555697091911e-05
4.349999999999999645e+00 6.208817210362524810e-05
4.410000000000000142e+00 4.917383230607118224e-05
4.469999999999999751e+00 3.253420218229914558e-05
4.529999999999999361e+00 3.079573336339811796e-05
4.589999999999999858e+00 2.160668389206126056e-05
4.650000000000000355e+00 1.837809894267307105e-05
4.709999999999999964e+00 1.440445592804084150e-05
4.769999999999999574e+00 1.328686883017579958e-05
4.830000000000000071e+00 1.080334194603079122e-05
4.889999999999999680e+00 6.829698931398674325e-06
4.949999999999999289e+00 5.091230112497269775e-06
5.009999999999999787e+00 4.221995703046453574e-06
5.070000000000000284e+00 3.601113982010263739e-06
5.129999999999999893e+00 2.607703228352221175e-06
5.189999999999999503e+00 2.359350539937759133e-06
5.250000000000000000e+00 1.365939786279755321e-06
5.309999999999999609e+00 7.450580652434917946e-07
5.369999999999999218e+00 3.725290326217514030e-07
5.429999999999999716e+00 8.692344094507404977e-07
5.490000000000000213e+00 4.967053768290019060e-07
5.549999999999999822e+00 2.483526884144973002e-07
5.609999999999999432e+00 3.725290326217514030e-07
5.669999999999999929e+00 3.725290326217458973e-07
5.730000000000000426e+00 3.725290326217514030e-07
5.789999999999999147e+00 1.241763442072504765e-07
5.849999999999999645e+00 1.241763442072486501e-07
5.910000000000000142e+00 1.241763442072504765e-07
5.969999999999999751e+00 0.000000000000000000e+00
