2.999999999999999889e-02 9.607573493434591605e-02
8.999999999999999667e-02 1.616646870225373067e-01
1.499999999999999944e-01 2.414328392560209924e-01
2.099999999999999922e-01 3.232389736658181634e-01
2.700000000000000178e-01 4.034473310427963422e-01
3.299999999999999600e-01 4.796334924245898024e-01
3.900000000000000133e-01 5.491562269502315852e-01
4.499999999999999556e-01 6.113657198056438036e-01
5.100000000000000089e-01 6.632421264535499628e-01
5.700000000000000622e-01 7.040524339286359234e-01
6.299999999999998934e-01 7.346825162770732609e-01
6.899999999999999467e-01 7.540791097394485831e-01
7.500000000000000000e-01 7.635217273760093182e-01
8.100000000000000533e-01 7.629111522869945761e-01
8.699999999999998845e-01 7.520126911801011671e-01
9.299999999999999378e-01 7.336260239326851673e-01
9.899999999999999911e-01 7.083267079044380798e-01
1.050000000000000044e+00 6.777705104813546155e-01
1.109999999999999876e+00 6.422950671458521610e-01
1.169999999999999929e+00 6.049419532955971901e-01
1.229999999999999982e+00 5.643031333531404181e-01
1.290000000000000036e+00 5.230628031948640899e-01
1.349999999999999867e+00 4.809779497133382375e-01
1.409999999999999920e+00 4.398023154308739469e-01
1.469999999999999973e+00 4.002434571620340220e-01
1.530000000000000027e+00 3.611911142049892276e-01
1.589999999999999858e+00 3.248404759889920723e-01
1.649999999999999911e+00 2.898473335779803151e-01
1.709999999999999964e+00 2.582301734620852662e-01
1.770000000000000018e+00 2.283311172574434555e-01
1.829999999999999849e+00 2.009332209964574956e-01
1.889999999999999902e+00 1.763418343118104692e-01
1.949999999999999956e+00 1.539401732972288661e-01
2.009999999999999787e+00 1.336877564641994476e-01
2.070000000000000284e+00 1.156836765361379110e-01
2.129999999999999893e+00 9.997698316937153606e-02
2.189999999999999947e+00 8.577679722175253485e-02
2.250000000000000000e+00 7.370400041894112353e-02
2.309999999999999609e+00 6.278020733764076711e-02
2.370000000000000107e+00 5.322061558396536801e-02
2.429999999999999716e+00 4.527581302239214872e-02
2.490000000000000213e+00 3.822483179308219792e-02
2.549999999999999822e+00 3.215447116128309496e-02
2.609999999999999876e+00 2.708112240455251216e-02
2.669999999999999929e+00 2.265311811347479540e-02
2.729999999999999538e+00 1.882165698441350121e-02
2.790000000000000036e+00 1.570383731082831621e-02
2.849999999999999645e+00 1.301591614409161601e-02
2.910000000000000142e+00 1.079775409099092108e-02
2.969999999999999751e+00 8.935978148420318373e-03
3.030000000000000249e+00 7.330750534893325406e-03
3.089999999999999858e+00 6.099169543869830887e-03
3.149999999999999911e+00 4.975870325801856273e-03
3.209999999999999964e+00 4.055847784715605440e-03
3.269999999999999574e+00 3.304829249354636345e-03
3.330000000000000071e+00 2.684444229072989116e-03
3.389999999999999680e+00 2.191588315242353011e-03
3.450000000000000178e+00 1.772865679455780689e-03
3.509999999999999787e+00 1.409277340908009516e-03
3.569999999999999840e+00 1.152232306483876902e-03
3.629999999999999893e+00 9.355445842277685525e-04
3.689999999999999503e+00 7.587174687591804589e-04
3.750000000000000000e+00 6.020069212020469178e-04
3.809999999999999609e+00 4.785756341404061656e-04
3.870000000000000107e+00 3.865609623972714529e-04
3.929999999999999716e+00 3.211200285124780115e-04
3.989999999999999769e+00 2.462416923976212964e-04
4.049999999999999822e+00 1.989305049021600875e-04
4.109999999999999432e+00 1.603116615659753183e-04
4.169999999999999929e+00 1.323719839111751873e-04
4.230000000000000426e+00 1.002103105218761340e-04
4.290000000000000036e+00 7.413327804406340303e-05
4.349999999999999645e+00 6.159146718568842395e-05
4.410000000000000142e+00 4.619360038926632135e-05
4.469999999999999751e+00 3.886719602645200060e-05
4.529999999999999361e+00 3.116826262824151850e-05
4.589999999999999858e+00 2.098580232738143288e-05
4.650000000000000355e+00 1.676380659287890563e-05
4.709999999999999964e+00 1.564621948668674887e-05
4.769999999999999574e+00 1.055498933625708892e-05
4.830000000000000071e+00 6.332993601754254198e-06
4.889999999999999680e+00 6.581346292019028374e-06
4.949999999999999289e+00 6.581346292019125782e-06
5.009999999999999787e+00 3.601114008840600703e-06
5.070000000000000284e+00 2.980232283178472564e-06
5.129999999999999893e+00 2.856055938045993573e-06
5.189999999999999503e+00 2.607703247781163070e-06
5.250000000000000000e+00 1.117587106191927000e-06
5.309999999999999609e+00 6.208817256621726079e-07
5.369999999999999218e+00 6.208817256621818194e-07
5.429999999999999716e+00 6.208817256621726079e-07
5.490000000000000213e+00 4.967053805297453920e-07
5.549999999999999822e+00 3.725290353973035648e-07
5.609999999999999432e+00 2.483526902648726960e-07
5.669999999999999929e+00 3.725290353973035648e-07
5.730000000000000426e+00 1.241763451324363480e-07
5.789999999999999147e+00 1.241763451324363480e-07
5.849999999999999645e+00 0.000000000000000000e+00
5.910000000000000142e+00 1.241763451324363480e-07
5.969999999999999751e+00 2.483526902648690432e-07
