2.999999999999999889e-02 9.622884365093344050e-02
8.999999999999999667e-02 1.617652686568493980e-01
1.499999999999999944e-01 2.413901207947988514e-01
2.099999999999999922e-01 3.233774278812912573e-01
2.700000000000000178e-01 4.034938941659572120e-01
3.299999999999999600e-01 4.798190083092874203e-01
3.900000000000000133e-01 5.499945373584420594e-01
4.499999999999999556e-01 6.111979530095901225e-01
5.100000000000000089e-01 6.624418049735952829e-01
5.700000000000000622e-01 7.042517317154891598e-01
6.299999999999998934e-01 7.349751944465583442e-01
6.899999999999999467e-01 7.540689216608964518e-01
7.500000000000000000e-01 7.629141268351229410e-01
8.100000000000000533e-01 7.619963394750886021e-01
8.699999999999998845e-01 7.524864183303205944e-01
9.299999999999999378e-01 7.328389887971596961e-01
9.899999999999999911e-01 7.083465708420660922e-01
1.050000000000000044e+00 6.781922082964986220e-01
1.109999999999999876e+00 6.429048923867827225e-01
1.169999999999999929e+00 6.047204181903625964e-01
1.229999999999999982e+00 5.641317657937484631e-01
1.290000000000000036e+00 5.234316030400379960e-01
1.349999999999999867e+00 4.808887875146323765e-01
1.409999999999999920e+00 4.400757484640356876e-01
1.469999999999999973e+00 3.999453067775462500e-01
1.530000000000000027e+00 3.609433797072122418e-01
1.589999999999999858e+00 3.245713834308448509e-01
1.649999999999999911e+00 2.903862567523088911e-01
1.709999999999999964e+00 2.576372294945309949e-01
1.770000000000000018e+00 2.283940729627571276e-01
1.829999999999999849e+00 2.010696893016720721e-01
1.889999999999999902e+00 1.763232065463303244e-01
1.949999999999999956e+00 1.537448427608471835e-01
2.009999999999999787e+00 1.337461183499254469e-01
2.070000000000000284e+00 1.158054926678946522e-01
2.129999999999999893e+00 9.987677211470971650e-02
2.189999999999999947e+00 8.596281274628804481e-02
2.250000000000000000e+00 7.363632376221056208e-02
2.309999999999999609e+00 6.284552362694480199e-02
2.370000000000000107e+00 5.345381836186208907e-02
2.429999999999999716e+00 4.528065556248513784e-02
2.490000000000000213e+00 3.804564504359394389e-02
2.549999999999999822e+00 3.219085459056633680e-02
2.609999999999999876e+00 2.708795190171382761e-02
2.669999999999999929e+00 2.267844991891419110e-02
2.729999999999999538e+00 1.893167708514885070e-02
2.790000000000000036e+00 1.577225835948380117e-02
2.849999999999999645e+00 1.302895456325724524e-02
2.910000000000000142e+00 1.084432013961910204e-02
2.969999999999999751e+00 8.898352649547296156e-03
3.030000000000000249e+00 7.379924312581048230e-03
3.089999999999999858e+00 6.035715386537571572e-03
3.149999999999999911e+00 4.935761329549791417e-03
3.209999999999999964e+00 4.085898429795339210e-03
3.269999999999999574e+00 3.281732424709191305e-03
3.330000000000000071e+00 2.687424441333294452e-03
3.389999999999999680e+00 2.219900505392999931e-03
3.450000000000000178e+00 1.769885433985927828e-03
3.509999999999999787e+00 1.425916960531846715e-03
3.569999999999999840e+00 1.152108121554869897e-03
3.629999999999999893e+00 9.413808654351587743e-04
3.689999999999999503e+00 7.535020566495902617e-04
3.750000000000000000e+00 5.997717425210152961e-04
3.809999999999999609e+00 4.809349811146774838e-04
3.870000000000000107e+00 3.892928390897273461e-04
3.929999999999999716e+00 3.172705594495225999e-04
3.989999999999999769e+00 2.449999271209051975e-04
4.049999999999999822e+00 1.930942152422716429e-04
4.109999999999999432e+00 1.614292474694256098e-04
4.169999999999999929e+00 1.192092904389586804e-04
4.230000000000000426e+00 9.983778074262937390e-05
4.290000000000000036e+00 7.823109685056663272e-05
4.349999999999999645e+00 5.761782371216421983e-05
4.410000000000000142e+00 4.967053768290018764e-05
4.469999999999999751e+00 3.861884304845432451e-05
4.529999999999999361e+00 2.520779787407184617e-05
4.589999999999999858e+00 2.458691615303522859e-05
4.650000000000000355e+00 1.837809894267307105e-05
4.709999999999999964e+00 1.626710109114957279e-05
4.769999999999999574e+00 1.403192689541930260e-05
4.830000000000000071e+00 7.326404308227777981e-06
4.889999999999999680e+00 6.084640866155183166e-06
4.949999999999999289e+00 6.457169898777024460e-06
5.009999999999999787e+00 3.352761293595712758e-06
5.070000000000000284e+00 3.352761293595762733e-06
5.129999999999999893e+00 1.862645163108729381e-06
5.189999999999999503e+00 1.490116130487005612e-06
5.250000000000000000e+00 1.862645163108756909e-06
5.309999999999999609e+00 6.208817210362431975e-07
5.369999999999999218e+00 7.450580652435028061e-07
5.429999999999999716e+00 7.450580652434917946e-07
5.490000000000000213e+00 4.967053768290019060e-07
5.549999999999999822e+00 1.241763442072486501e-07
5.609999999999999432e+00 1.241763442072504765e-07
5.669999999999999929e+00 1.241763442072486501e-07
5.730000000000000426e+00 1.241763442072504765e-07
5.789999999999999147e+00 1.241763442072504765e-07
5.849999999999999645e+00 0.000000000000000000e+00
5.910000000000000142e+00 1.241763442072504765e-07
5.969999999999999751e+00 0.000000000000000000e+00
