2.999999999999999889e-02 9.612068677128385308e-02
8.999999999999999667e-02 1.620450391676779567e-01
1.499999999999999944e-01 2.415166582889853863e-01
2.099999999999999922e-01 3.233673720066851387e-01
2.700000000000000178e-01 4.038115402630698125e-01
3.299999999999999600e-01 4.795365106990413517e-01
3.900000000000000133e-01 5.496913028214073238e-01
4.499999999999999556e-01 6.109405399999102704e-01
5.100000000000000089e-01 6.632316956405588382e-01
5.700000000000000622e-01 7.039913391668307652e-01
6.299999999999998934e-01 7.347386439850730477e-01
6.899999999999999467e-01 7.541538638992183463e-01
7.500000000000000000e-01 7.627063854938697096e-01
8.100000000000000533e-01 7.623394443940046949e-01
8.699999999999998845e-01 7.518796983144643287e-01
9.299999999999999378e-01 7.336516042597823750e-01
9.899999999999999911e-01 7.081459071459254018e-01
1.050000000000000044e+00 6.778699757338056964e-01
1.109999999999999876e+00 6.424183742565686694e-01
1.169999999999999929e+00 6.047843735136241294e-01
1.229999999999999982e+00 5.643290862092731341e-01
1.290000000000000036e+00 5.232479501254565513e-01
1.349999999999999867e+00 4.813114873763639778e-01
1.409999999999999920e+00 4.397577361229714210e-01
1.469999999999999973e+00 3.998303224617784091e-01
1.530000000000000027e+00 3.614944770161478416e-01
1.589999999999999858e+00 3.246371993120103494e-01
1.649999999999999911e+00 2.902372473016961996e-01
1.709999999999999964e+00 2.580612936327051909e-01
1.770000000000000018e+00 2.280688568165237518e-01
1.829999999999999849e+00 2.011439482541472201e-01
1.889999999999999902e+00 1.762821054898018047e-01
1.949999999999999956e+00 1.538482828018308823e-01
2.009999999999999787e+00 1.337951690027389950e-01
2.070000000000000284e+00 1.160030580958185259e-01
2.129999999999999893e+00 9.986137499205324786e-02
2.189999999999999947e+00 8.575556306673488838e-02
2.250000000000000000e+00 7.338076939256138465e-02
2.309999999999999609e+00 6.270085865310114082e-02
2.370000000000000107e+00 5.321900129147864866e-02
2.429999999999999716e+00 4.532126156471062012e-02
2.490000000000000213e+00 3.829958595285192641e-02
2.549999999999999822e+00 3.219942299822103199e-02
2.609999999999999876e+00 2.700450559960579713e-02
2.669999999999999929e+00 2.259761128720059672e-02
2.729999999999999538e+00 1.892931787564332280e-02
2.790000000000000036e+00 1.575474961233261015e-02
2.849999999999999645e+00 1.309352635979938936e-02
2.910000000000000142e+00 1.086605108081376177e-02
2.969999999999999751e+00 8.938958380703496825e-03
3.030000000000000249e+00 7.352853924326899215e-03
3.089999999999999858e+00 6.047139655259339830e-03
3.149999999999999911e+00 5.002195710969933179e-03
3.209999999999999964e+00 4.086022636582787269e-03
3.269999999999999574e+00 3.337363451779334304e-03
3.330000000000000071e+00 2.709279498099476362e-03
3.389999999999999680e+00 2.188235553923777253e-03
3.450000000000000178e+00 1.782551434376110659e-03
3.509999999999999787e+00 1.428152145368139858e-03
3.569999999999999840e+00 1.173466461501523374e-03
3.629999999999999893e+00 9.479622187410120674e-04
3.689999999999999503e+00 7.475415976972612630e-04
3.750000000000000000e+00 6.034970373436361439e-04
3.809999999999999609e+00 4.829218062200413362e-04
3.870000000000000107e+00 4.010895947777664075e-04
3.929999999999999716e+00 2.986441100435072203e-04
3.989999999999999769e+00 2.353141740259668722e-04
4.049999999999999822e+00 1.973162124154384349e-04
4.109999999999999432e+00 1.537303152739562001e-04
4.169999999999999929e+00 1.257906376191561505e-04
4.230000000000000426e+00 9.549160940684354852e-05
4.290000000000000036e+00 7.661680494671209516e-05
4.349999999999999645e+00 5.712111876092072527e-05
4.410000000000000142e+00 4.594524769900144807e-05
4.469999999999999751e+00 3.899137237158444063e-05
4.529999999999999361e+00 3.290673146009563145e-05
4.589999999999999858e+00 2.235174212383820880e-05
4.650000000000000355e+00 1.949568618579250830e-05
4.709999999999999964e+00 1.378357430970023147e-05
4.769999999999999574e+00 1.254181085837607176e-05
4.830000000000000071e+00 7.947286088475926272e-06
4.889999999999999680e+00 6.084640911489291134e-06
4.949999999999999289e+00 7.698933398211052994e-06
5.009999999999999787e+00 4.594524769900076875e-06
5.070000000000000284e+00 3.104408628310908356e-06
5.129999999999999893e+00 1.738468831854083090e-06
5.189999999999999503e+00 1.490116141589236282e-06
5.250000000000000000e+00 1.241763451324363639e-06
5.309999999999999609e+00 1.614292486721648569e-06
5.369999999999999218e+00 9.934107610594907840e-07
5.429999999999999716e+00 4.967053805297380863e-07
5.490000000000000213e+00 3.725290353973090705e-07
5.549999999999999822e+00 3.725290353973035648e-07
5.609999999999999432e+00 2.483526902648726960e-07
5.669999999999999929e+00 1.241763451324345216e-07
5.730000000000000426e+00 4.967053805297453920e-07
5.789999999999999147e+00 0.000000000000000000e+00
5.849999999999999645e+00 0.000000000000000000e+00
5.910000000000000142e+00 0.000000000000000000e+00
5.969999999999999751e+00 0.000000000000000000e+00
