2.999999999999999889e-02 9.646539886792501739e-02
8.999999999999999667e-02 1.619212329387664795e-01
1.499999999999999944e-01 2.417743206024169922e-01
2.099999999999999922e-01 3.233847518761953088e-01
2.700000000000000178e-01 4.038205991188685284e-01
3.299999999999999600e-01 4.800124714771906720e-01
3.900000000000000133e-01 5.498470117648442956e-01
4.499999999999999556e-01 6.110440939664840698e-01
5.100000000000000089e-01 6.625708192586893253e-01
5.700000000000000622e-01 7.038852820793793930e-01
6.299999999999998934e-01 7.347936431566881588e-01
6.899999999999999467e-01 7.536133130391432511e-01
7.500000000000000000e-01 7.631257176399224296e-01
8.100000000000000533e-01 7.614981383085258626e-01
8.699999999999998845e-01 7.517531514167793416e-01
9.299999999999999378e-01 7.333215326070778861e-01
9.899999999999999911e-01 7.089644670486443534e-01
1.050000000000000044e+00 6.781216710805887393e-01
1.109999999999999876e+00 6.429476042588569973e-01
1.169999999999999929e+00 6.041700641314182718e-01
1.229999999999999982e+00 5.640524129072820303e-01
1.290000000000000036e+00 5.225274711847319731e-01
1.349999999999999867e+00 4.811588674783702224e-01
1.409999999999999920e+00 4.399746656417842794e-01
1.469999999999999973e+00 3.999990721543626448e-01
1.530000000000000027e+00 3.614101558923717983e-01
1.589999999999999858e+00 3.247750302155821833e-01
1.649999999999999911e+00 2.899908771117525874e-01
1.709999999999999964e+00 2.583581954240796730e-01
1.770000000000000018e+00 2.284326901038494229e-01
1.829999999999999849e+00 2.011423309644061463e-01
1.889999999999999902e+00 1.761964211861291041e-01
1.949999999999999956e+00 1.540737847487130274e-01
2.009999999999999787e+00 1.336719840764998279e-01
2.070000000000000284e+00 1.158195237318673659e-01
2.129999999999999893e+00 9.993190566698700872e-02
2.189999999999999947e+00 8.576412995656387817e-02
2.250000000000000000e+00 7.370064655939731479e-02
2.309999999999999609e+00 6.272010505199426822e-02
2.370000000000000107e+00 5.341333647569015963e-02
2.429999999999999716e+00 4.525246719519293581e-02
2.490000000000000213e+00 3.822992245356238161e-02
2.549999999999999822e+00 3.220513463020321931e-02
2.609999999999999876e+00 2.699966231981930712e-02
2.669999999999999929e+00 2.258941531181333368e-02
2.729999999999999538e+00 1.898234089215594667e-02
2.790000000000000036e+00 1.569911837577818436e-02
2.849999999999999645e+00 1.308036347230274316e-02
2.910000000000000142e+00 1.083724200725554379e-02
2.969999999999999751e+00 8.932625253995251507e-03
3.030000000000000249e+00 7.363657156626376814e-03
3.089999999999999858e+00 6.027892231941217940e-03
3.149999999999999911e+00 4.965936144193046180e-03
3.209999999999999964e+00 4.072363177935278342e-03
3.269999999999999574e+00 3.327180941899614622e-03
3.330000000000000071e+00 2.716357509295143358e-03
3.389999999999999680e+00 2.214064200719195567e-03
3.450000000000000178e+00 1.750762263933815883e-03
3.509999999999999787e+00 1.432746648788450847e-03
3.569999999999999840e+00 1.172100504239407962e-03
3.629999999999999893e+00 9.457270304361971216e-04
3.689999999999999503e+00 7.430712381998691050e-04
3.750000000000000000e+00 5.917002757390335110e-04
3.809999999999999609e+00 4.899998505910233655e-04
3.870000000000000107e+00 3.933906555175777997e-04
3.929999999999999716e+00 3.060946861902870192e-04
3.989999999999999769e+00 2.620120843251563390e-04
4.049999999999999822e+00 1.944601535797103149e-04
4.109999999999999432e+00 1.558413108189910835e-04
4.169999999999999929e+00 1.247972249984730911e-04
4.230000000000000426e+00 9.946525096893375599e-05
4.290000000000000036e+00 8.021791776021254755e-05
4.349999999999999645e+00 6.010135014851926871e-05
4.410000000000000142e+00 5.140900611877474610e-05
4.469999999999999751e+00 3.526608149210582615e-05
4.529999999999999361e+00 2.880891164143899069e-05
4.589999999999999858e+00 2.371768156687399082e-05
4.650000000000000355e+00 1.626710096995046423e-05
4.709999999999999964e+00 1.365939776102690416e-05
4.769999999999999574e+00 1.241763432820646039e-05
4.830000000000000071e+00 8.816520373026586981e-06
4.889999999999999680e+00 6.581346193949326736e-06
4.949999999999999289e+00 5.836288134257037097e-06
5.009999999999999787e+00 4.221995671590134260e-06
5.070000000000000284e+00 1.862645149230969101e-06
5.129999999999999893e+00 1.986821492513004457e-06
5.189999999999999503e+00 2.483526865641292418e-06
5.250000000000000000e+00 6.208817164103231044e-07
5.309999999999999609e+00 1.117587089538564901e-06
5.369999999999999218e+00 9.934107462565168400e-07
5.429999999999999716e+00 4.967053731282511143e-07
5.490000000000000213e+00 8.692344029744522615e-07
5.549999999999999822e+00 6.208817164103138929e-07
5.609999999999999432e+00 6.208817164103231044e-07
5.669999999999999929e+00 3.725290298461883358e-07
5.730000000000000426e+00 0.000000000000000000e+00
5.789999999999999147e+00 2.483526865641292100e-07
5.849999999999999645e+00 1.241763432820627786e-07
5.910000000000000142e+00 1.241763432820646050e-07
5.969999999999999751e+00 0.000000000000000000e+00
