2.999999999999999889e-02 9.640480224894686090e-02
8.999999999999999667e-02 1.623487745078719124e-01
1.499999999999999944e-01 2.414368128990652118e-01
2.099999999999999922e-01 3.233389356236498480e-01
2.700000000000000178e-01 4.039183319198836886e-01
3.299999999999999600e-01 4.799032034462174523e-01
3.900000000000000133e-01 5.494599622904255964e-01
4.499999999999999556e-01 6.115170907703603165e-01
5.100000000000000089e-01 6.623506644718442082e-01
5.700000000000000622e-01 7.040316964789987697e-01
6.299999999999998934e-01 7.343025366609680082e-01
6.899999999999999467e-01 7.540673129866610758e-01
7.500000000000000000e-01 7.632464284188507087e-01
8.100000000000000533e-01 7.622666770557572358e-01
8.699999999999998845e-01 7.516109807035976642e-01
9.299999999999999378e-01 7.332672784715975611e-01
9.899999999999999911e-01 7.082493460414206465e-01
1.050000000000000044e+00 6.778066457977881543e-01
1.109999999999999876e+00 6.429976569066114811e-01
1.169999999999999929e+00 6.044623842506957612e-01
1.229999999999999982e+00 5.643485818954588895e-01
1.290000000000000036e+00 5.232073444605982449e-01
1.349999999999999867e+00 4.809523693862409743e-01
1.409999999999999920e+00 4.397604680025643531e-01
1.469999999999999973e+00 3.997488627793714944e-01
1.530000000000000027e+00 3.613695556129445374e-01
1.589999999999999858e+00 3.248366265222930038e-01
1.649999999999999911e+00 2.901269787072185968e-01
1.709999999999999964e+00 2.577789166238740326e-01
1.770000000000000018e+00 2.284202758732485627e-01
1.829999999999999849e+00 2.011803319232710052e-01
1.889999999999999902e+00 1.760053164165016060e-01
1.949999999999999956e+00 1.540196461581136433e-01
2.009999999999999787e+00 1.339326322168006012e-01
2.070000000000000284e+00 1.157725867992527302e-01
2.129999999999999893e+00 1.000273987654953234e-01
2.189999999999999947e+00 8.585018544172580424e-02
2.250000000000000000e+00 7.346446424918065543e-02
2.309999999999999609e+00 6.293219918408286817e-02
2.370000000000000107e+00 5.340675592531888421e-02
2.429999999999999716e+00 4.526227780077270862e-02
2.490000000000000213e+00 3.809457080703827769e-02
2.549999999999999822e+00 3.210182039094693768e-02
2.609999999999999876e+00 2.709701697672946621e-02
2.669999999999999929e+00 2.263151142942175162e-02
2.729999999999999538e+00 1.893850692518312534e-02
2.790000000000000036e+00 1.576878153933257767e-02
2.849999999999999645e+00 1.309389888883478667e-02
2.910000000000000142e+00 1.078508810378741266e-02
2.969999999999999751e+00 8.933494621517669085e-03
3.030000000000000249e+00 7.405007989282522129e-03
3.089999999999999858e+00 6.038198958409804473e-03
3.149999999999999911e+00 4.992634132394735066e-03
3.209999999999999964e+00 4.072239062273086928e-03
3.269999999999999574e+00 3.289555558903346777e-03
3.330000000000000071e+00 2.721448779922454753e-03
3.389999999999999680e+00 2.205123536861788337e-03
3.450000000000000178e+00 1.785531666659289111e-03
3.509999999999999787e+00 1.451869827288434969e-03
3.569999999999999840e+00 1.182034629315661641e-03
3.629999999999999893e+00 9.458512208737606276e-04
3.689999999999999503e+00 7.715076323078213887e-04
3.750000000000000000e+00 6.044904481046956641e-04
3.809999999999999609e+00 4.873921546448090145e-04
3.870000000000000107e+00 3.964950700078663298e-04
3.929999999999999716e+00 3.109375682116183358e-04
3.989999999999999769e+00 2.502153354418592689e-04
4.049999999999999822e+00 1.965711543446438218e-04
4.109999999999999432e+00 1.526127281677642806e-04
4.169999999999999929e+00 1.178433515306803411e-04
4.230000000000000426e+00 9.660919651303548166e-05
4.290000000000000036e+00 7.549921784052017557e-05
4.349999999999999645e+00 5.972882200870188453e-05
4.410000000000000142e+00 4.855295094678260733e-05
4.469999999999999751e+00 3.774960892026008779e-05
4.529999999999999361e+00 3.005067552204959553e-05
4.589999999999999858e+00 2.148250770791116927e-05
4.650000000000000355e+00 1.577039583181941591e-05
4.709999999999999964e+00 1.539786679642187898e-05
4.769999999999999574e+00 1.192092913271389026e-05
4.830000000000000071e+00 8.816520504402979358e-06
4.889999999999999680e+00 5.960464566356857036e-06
4.949999999999999289e+00 5.463759185827199418e-06
5.009999999999999787e+00 5.215406495562249060e-06
5.070000000000000284e+00 3.104408628310908356e-06
5.129999999999999893e+00 2.359350557516255487e-06
5.189999999999999503e+00 2.235174212383853999e-06
5.250000000000000000e+00 1.117587106191927000e-06
5.309999999999999609e+00 1.365939796456779526e-06
5.369999999999999218e+00 1.241763451324363639e-06
5.429999999999999716e+00 9.934107610594761727e-07
5.490000000000000213e+00 6.208817256621818194e-07
5.549999999999999822e+00 4.967053805297380863e-07
5.609999999999999432e+00 3.725290353973090705e-07
5.669999999999999929e+00 3.725290353973035648e-07
5.730000000000000426e+00 0.000000000000000000e+00
5.789999999999999147e+00 2.483526902648726960e-07
5.849999999999999645e+00 1.241763451324345216e-07
5.910000000000000142e+00 2.483526902648726960e-07
5.969999999999999751e+00 0.000000000000000000e+00
