2.999999999999999889e-02 9.594882670962055771e-02
8.999999999999999667e-02 1.619823301133860582e-01
1.499999999999999944e-01 2.417219217874893022e-01
2.099999999999999922e-01 3.232852914425526358e-01
2.700000000000000178e-01 4.035043279852121301e-01
3.299999999999999600e-01 4.796800585540144657e-01
3.900000000000000133e-01 5.494006059974522183e-01
4.499999999999999556e-01 6.113768956767057228e-01
5.100000000000000089e-01 6.624050537110122150e-01
5.700000000000000622e-01 7.037457183561587337e-01
6.299999999999998934e-01 7.348265608374268121e-01
6.899999999999999467e-01 7.537834458616883282e-01
7.500000000000000000e-01 7.628969961836480351e-01
8.100000000000000533e-01 7.625603541119952977e-01
8.699999999999998845e-01 7.514890395326777606e-01
9.299999999999999378e-01 7.338088115127200384e-01
9.899999999999999911e-01 7.090147690328169050e-01
1.050000000000000044e+00 6.776767573407797007e-01
1.109999999999999876e+00 6.431081738537792747e-01
1.169999999999999929e+00 6.048483243313673707e-01
1.229999999999999982e+00 5.644307866359365988e-01
1.290000000000000036e+00 5.228679705093512986e-01
1.349999999999999867e+00 4.813583018584788875e-01
1.409999999999999920e+00 4.402638789057312096e-01
1.469999999999999973e+00 3.998660852491765505e-01
1.530000000000000027e+00 3.615585520102361783e-01
1.589999999999999858e+00 3.248884080582132294e-01
1.649999999999999911e+00 2.899114085720686518e-01
1.709999999999999964e+00 2.581317016203952819e-01
1.770000000000000018e+00 2.284207725786290832e-01
1.829999999999999849e+00 2.009159604844840685e-01
1.889999999999999902e+00 1.763019737050229574e-01
1.949999999999999956e+00 1.537853253948487375e-01
2.009999999999999787e+00 1.336795608254207068e-01
2.070000000000000284e+00 1.158345507954738202e-01
2.129999999999999893e+00 9.987006733621250909e-02
2.189999999999999947e+00 8.580374348864626410e-02
2.250000000000000000e+00 7.348259399557000027e-02
2.309999999999999609e+00 6.280938877874690796e-02
2.370000000000000107e+00 5.334516445813319852e-02
2.429999999999999716e+00 4.521769849287016890e-02
2.490000000000000213e+00 3.830331124320589947e-02
2.549999999999999822e+00 3.206767189603552254e-02
2.609999999999999876e+00 2.698538244245540438e-02
2.669999999999999929e+00 2.263809277571377301e-02
2.729999999999999538e+00 1.886474617617445865e-02
2.790000000000000036e+00 1.565292500932401534e-02
2.849999999999999645e+00 1.304931958093224174e-02
2.910000000000000142e+00 1.080880578570771015e-02
2.969999999999999751e+00 8.885438375951416543e-03
3.030000000000000249e+00 7.343416522096833828e-03
3.089999999999999858e+00 6.022552738923117599e-03
3.149999999999999911e+00 4.933650368456828778e-03
3.209999999999999964e+00 4.062304954662493243e-03
3.269999999999999574e+00 3.309547950469669039e-03
3.330000000000000071e+00 2.686679403285372521e-03
3.389999999999999680e+00 2.190719080826425674e-03
3.450000000000000178e+00 1.795465774269883880e-03
3.509999999999999787e+00 1.425296089430093697e-03
3.569999999999999840e+00 1.158689476430763620e-03
3.629999999999999893e+00 9.298324723516764468e-04
3.689999999999999503e+00 7.554888837857372079e-04
3.750000000000000000e+00 5.971640437418819329e-04
3.809999999999999609e+00 4.899998578925902687e-04
3.870000000000000107e+00 3.861884333618741463e-04
3.929999999999999716e+00 3.172705618133724926e-04
3.989999999999999769e+00 2.589076796011297726e-04
4.049999999999999822e+00 1.996755629729547005e-04
4.109999999999999432e+00 1.557171367960751593e-04
4.169999999999999929e+00 1.287708699023345756e-04
4.230000000000000426e+00 9.412566961038674887e-05
4.290000000000000036e+00 7.711351032724182816e-05
4.349999999999999645e+00 6.506840484939664985e-05
4.410000000000000142e+00 4.842877460165018086e-05
4.469999999999999751e+00 4.221995734502773226e-05
4.529999999999999361e+00 2.818803034506305272e-05
4.589999999999999858e+00 2.284844750436794858e-05
4.650000000000000355e+00 1.589457217695185254e-05
4.709999999999999964e+00 1.204510547784614732e-05
4.769999999999999574e+00 1.067916568138952556e-05
4.830000000000000071e+00 8.816520504402979358e-06
4.889999999999999680e+00 7.326404362813636350e-06
4.949999999999999289e+00 4.718701115032581277e-06
5.009999999999999787e+00 3.849466699105469746e-06
5.070000000000000284e+00 4.221995734502835567e-06
5.129999999999999893e+00 2.359350557516255487e-06
5.189999999999999503e+00 1.862645176986545141e-06
5.250000000000000000e+00 1.490116141589236282e-06
5.309999999999999609e+00 1.117587106191910483e-06
5.369999999999999218e+00 7.450580707946181409e-07
5.429999999999999716e+00 4.967053805297380863e-07
5.490000000000000213e+00 4.967053805297453920e-07
5.549999999999999822e+00 4.967053805297380863e-07
5.609999999999999432e+00 1.241763451324363480e-07
5.669999999999999929e+00 0.000000000000000000e+00
5.730000000000000426e+00 1.241763451324363480e-07
5.789999999999999147e+00 0.000000000000000000e+00
5.849999999999999645e+00 2.483526902648690432e-07
5.910000000000000142e+00 2.483526902648726960e-07
5.969999999999999751e+00 1.241763451324345216e-07
