2.999999999999999889e-02 9.617855294811557265e-02
8.999999999999999667e-02 1.619799707628285790e-01
1.499999999999999944e-01 2.416955964023212167e-01
2.099999999999999922e-01 3.233203091718799826e-01
2.700000000000000178e-01 4.039442847760163491e-01
3.299999999999999600e-01 4.798829627019608468e-01
3.900000000000000133e-01 5.493981224705496436e-01
4.499999999999999556e-01 6.108678968380077956e-01
5.100000000000000089e-01 6.625108519570650500e-01
5.700000000000000622e-01 7.043534373892369471e-01
6.299999999999998934e-01 7.348177443169224832e-01
6.899999999999999467e-01 7.544846696826511545e-01
7.500000000000000000e-01 7.632418338940807345e-01
8.100000000000000533e-01 7.614741836211219583e-01
8.699999999999998845e-01 7.517034920807214027e-01
9.299999999999999378e-01 7.338353852505784536e-01
9.899999999999999911e-01 7.081875062215446937e-01
1.050000000000000044e+00 6.781116229014334529e-01
1.109999999999999876e+00 6.428510046430099267e-01
1.169999999999999929e+00 6.045355241179787287e-01
1.229999999999999982e+00 5.643424972545474372e-01
1.290000000000000036e+00 5.227144885467676083e-01
1.349999999999999867e+00 4.809780738896833885e-01
1.409999999999999920e+00 4.401062991237581490e-01
1.469999999999999973e+00 4.000081429880080197e-01
1.530000000000000027e+00 3.612359418655821108e-01
1.589999999999999858e+00 3.246241607957714437e-01
1.649999999999999911e+00 2.899081799870952270e-01
1.709999999999999964e+00 2.576294083043346173e-01
1.770000000000000018e+00 2.282937401775586017e-01
1.829999999999999849e+00 2.012072781901647622e-01
1.889999999999999902e+00 1.762941505952796140e-01
1.949999999999999956e+00 1.540602518229719498e-01
2.009999999999999787e+00 1.339491476707032336e-01
2.070000000000000284e+00 1.156335092927043978e-01
2.129999999999999893e+00 9.993973026583180541e-02
2.189999999999999947e+00 8.606203028652172071e-02
2.250000000000000000e+00 7.354579975524239144e-02
2.309999999999999609e+00 6.290475621180861843e-02
2.370000000000000107e+00 5.333982487529250610e-02
2.429999999999999716e+00 4.531381098400267399e-02
2.490000000000000213e+00 3.823166149206448650e-02
2.549999999999999822e+00 3.212466883845131044e-02
2.609999999999999876e+00 2.705206513979152225e-02
2.669999999999999929e+00 2.266069287052787859e-02
2.729999999999999538e+00 1.896334219420961129e-02
2.790000000000000036e+00 1.576604965973966641e-02
2.849999999999999645e+00 1.303988217870217722e-02
2.910000000000000142e+00 1.084133998813240594e-02
2.969999999999999751e+00 8.899346126606248741e-03
3.030000000000000249e+00 7.318208724034949708e-03
3.089999999999999858e+00 6.087869496462779834e-03
3.149999999999999911e+00 4.956622992306329925e-03
3.209999999999999964e+00 4.092976511910204236e-03
3.269999999999999574e+00 3.316998531177615169e-03
3.330000000000000071e+00 2.684444229072989116e-03
3.389999999999999680e+00 2.185752027021128398e-03
3.450000000000000178e+00 1.762559042809788397e-03
3.509999999999999787e+00 1.435354373385820973e-03
3.569999999999999840e+00 1.152729011864406716e-03
3.629999999999999893e+00 9.323159992543251931e-04
3.689999999999999503e+00 7.440646600335531049e-04
3.750000000000000000e+00 6.002684523701928929e-04
3.809999999999999609e+00 4.861503911934846956e-04
3.870000000000000107e+00 3.845741408751525208e-04
3.929999999999999716e+00 3.146628585655914011e-04
3.989999999999999769e+00 2.432614601144427900e-04
4.049999999999999822e+00 1.902381607428896650e-04
4.109999999999999432e+00 1.549720787252805462e-04
4.169999999999999929e+00 1.177191751855479146e-04
4.230000000000000426e+00 9.834766534488958783e-05
4.290000000000000036e+00 7.847945012369861425e-05
4.349999999999999645e+00 6.494422850426420982e-05
4.410000000000000142e+00 4.706283480519337444e-05
4.469999999999999751e+00 3.911554871671686710e-05
4.529999999999999361e+00 2.806385399993061269e-05
4.589999999999999858e+00 2.297262384950038183e-05
4.650000000000000355e+00 1.912315715039519839e-05
4.709999999999999964e+00 1.291433989377318855e-05
4.769999999999999574e+00 1.080334202652196220e-05
4.830000000000000071e+00 8.443991469005671135e-06
4.889999999999999680e+00 8.568167814137980719e-06
4.949999999999999289e+00 6.084640911489380920e-06
5.009999999999999787e+00 4.346172079635207832e-06
5.070000000000000284e+00 2.731879592913599709e-06
5.129999999999999893e+00 1.862645176986517612e-06
5.189999999999999503e+00 1.241763451324363639e-06
5.250000000000000000e+00 9.934107610594907840e-07
5.309999999999999609e+00 8.692344159270415452e-07
5.369999999999999218e+00 6.208817256621818194e-07
5.429999999999999716e+00 8.692344159270415452e-07
5.490000000000000213e+00 2.483526902648726960e-07
5.549999999999999822e+00 0.000000000000000000e+00
5.609999999999999432e+00 1.241763451324363480e-07
5.669999999999999929e+00 1.241763451324345216e-07
5.730000000000000426e+00 2.483526902648726960e-07
5.789999999999999147e+00 2.483526902648726960e-07
5.849999999999999645e+00 1.241763451324345216e-07
5.910000000000000142e+00 0.000000000000000000e+00
5.969999999999999751e+00 1.241763451324345216e-07
