2.999999999999999889e-02 9.622126889393678439e-02
8.999999999999999667e-02 1.621387911002247773e-01
1.499999999999999944e-01 2.417595454188154191e-01
2.099999999999999922e-01 3.233232869952168964e-01
2.700000000000000178e-01 4.036117375166098364e-01
3.299999999999999600e-01 4.801619833719877883e-01
3.900000000000000133e-01 5.496793777968440597e-01
4.499999999999999556e-01 6.112652565881505629e-01
5.100000000000000089e-01 6.629988600537090049e-01
5.700000000000000622e-01 7.039498590227212249e-01
6.299999999999998934e-01 7.345746015601458678e-01
6.899999999999999467e-01 7.541712429685231145e-01
7.500000000000000000e-01 7.632722514118167600e-01
8.100000000000000533e-01 7.621424950322205349e-01
8.699999999999998845e-01 7.512064085742322650e-01
9.299999999999999378e-01 7.335582181828081971e-01
9.899999999999999911e-01 7.081153544891521934e-01
1.050000000000000044e+00 6.772880803343256373e-01
1.109999999999999876e+00 6.424582300766692455e-01
1.169999999999999929e+00 6.046546047279328651e-01
1.229999999999999982e+00 5.644846749639853556e-01
1.290000000000000036e+00 5.230424343772925866e-01
1.349999999999999867e+00 4.809038128522815092e-01
1.409999999999999920e+00 4.401133738963304842e-01
1.469999999999999973e+00 4.000307401023608378e-01
1.530000000000000027e+00 3.612433897548170125e-01
1.589999999999999858e+00 3.245602075598661984e-01
1.649999999999999911e+00 2.902058285241757574e-01
1.709999999999999964e+00 2.579908837228331864e-01
1.770000000000000018e+00 2.284452336165705144e-01
1.829999999999999849e+00 2.011512731598162351e-01
1.889999999999999902e+00 1.761594179483209899e-01
1.949999999999999956e+00 1.537966242963816066e-01
2.009999999999999787e+00 1.336702466036148174e-01
2.070000000000000284e+00 1.158917952271186907e-01
2.129999999999999893e+00 9.988881722009781972e-02
2.189999999999999947e+00 8.604526583884164470e-02
2.250000000000000000e+00 7.360776320304290854e-02
2.309999999999999609e+00 6.281882571294022943e-02
2.370000000000000107e+00 5.335571904993836878e-02
2.429999999999999716e+00 4.517597490431842638e-02
2.490000000000000213e+00 3.822681832979232808e-02
2.549999999999999822e+00 3.227703297344616806e-02
2.609999999999999876e+00 2.702909231455958780e-02
2.669999999999999929e+00 2.259686606077002807e-02
2.729999999999999538e+00 1.902046317125703767e-02
2.790000000000000036e+00 1.576381436807771166e-02
2.849999999999999645e+00 1.304186890305479747e-02
2.910000000000000142e+00 1.083537944283618007e-02
2.969999999999999751e+00 8.987138735655479660e-03
3.030000000000000249e+00 7.362787977080447778e-03
3.089999999999999858e+00 6.085261747876264185e-03
3.149999999999999911e+00 4.965563652159532201e-03
3.209999999999999964e+00 4.072611560965163496e-03
3.269999999999999574e+00 3.338481014011903964e-03
3.330000000000000071e+00 2.716109176845169122e-03
3.389999999999999680e+00 2.190594888160089446e-03
3.450000000000000178e+00 1.789629472714880523e-03
3.509999999999999787e+00 1.439203829362022211e-03
3.569999999999999840e+00 1.164774108664009579e-03
3.629999999999999893e+00 9.475896826455213655e-04
3.689999999999999503e+00 7.348756050185028133e-04
3.750000000000000000e+00 6.146729038258852548e-04
3.809999999999999609e+00 4.777063961652890469e-04
3.870000000000000107e+00 3.866851358613751033e-04
3.929999999999999716e+00 2.986441078184352057e-04
3.989999999999999769e+00 2.441306927114544228e-04
4.049999999999999822e+00 1.966953292242818287e-04
4.109999999999999432e+00 1.596907786505241146e-04
4.169999999999999929e+00 1.274049291566370899e-04
4.230000000000000426e+00 9.462237428592484769e-05
4.290000000000000036e+00 7.674098072007965040e-05
4.349999999999999645e+00 6.121893769417448695e-05
4.410000000000000142e+00 4.482766025881742395e-05
4.469999999999999751e+00 3.787378498321083335e-05
4.529999999999999361e+00 2.868473551187485687e-05
4.589999999999999858e+00 2.185503658047575987e-05
4.650000000000000355e+00 1.750886453322231668e-05
4.709999999999999964e+00 1.365939786279734865e-05
4.769999999999999574e+00 1.117587097865254188e-05
4.830000000000000071e+00 7.947286029264030496e-06
4.889999999999999680e+00 5.836288177740686395e-06
4.949999999999999289e+00 5.463759145119021284e-06
5.009999999999999787e+00 3.973643014631956803e-06
5.070000000000000284e+00 2.235174195730508206e-06
5.129999999999999893e+00 1.117587097865237586e-06
5.189999999999999503e+00 1.862645163108756909e-06
5.250000000000000000e+00 8.692344094507533090e-07
5.309999999999999609e+00 8.692344094507404977e-07
5.369999999999999218e+00 7.450580652435028061e-07
5.429999999999999716e+00 6.208817210362431975e-07
5.490000000000000213e+00 3.725290326217514030e-07
5.549999999999999822e+00 2.483526884144973002e-07
5.609999999999999432e+00 1.241763442072504765e-07
5.669999999999999929e+00 2.483526884144973002e-07
5.730000000000000426e+00 3.725290326217514030e-07
5.789999999999999147e+00 1.241763442072504765e-07
5.849999999999999645e+00 0.000000000000000000e+00
5.910000000000000142e+00 1.241763442072504765e-07
5.969999999999999751e+00 0.000000000000000000e+00
