2.999999999999999889e-02 9.633228254565806559e-02
8.999999999999999667e-02 1.620026938269736594e-01
1.499999999999999944e-01 2.414340792206482178e-01
2.099999999999999922e-01 3.231901699542266693e-01
2.700000000000000178e-01 4.036492387725604813e-01
3.299999999999999600e-01 4.797435090920094125e-01
3.900000000000000133e-01 5.495350848848751246e-01
4.499999999999999556e-01 6.108549779468898100e-01
5.100000000000000089e-01 6.631450156108409377e-01
5.700000000000000622e-01 7.038590861151058364e-01
6.299999999999998934e-01 7.341915175382665026e-01
6.899999999999999467e-01 7.539932982672742368e-01
7.500000000000000000e-01 7.639722334641130264e-01
8.100000000000000533e-01 7.621166663526254270e-01
8.699999999999998845e-01 7.516107267509710699e-01
9.299999999999999378e-01 7.333745613697256749e-01
9.899999999999999911e-01 7.089660866233160608e-01
1.050000000000000044e+00 6.781126112598617750e-01
1.109999999999999876e+00 6.428740966534192136e-01
1.169999999999999929e+00 6.042106742973918365e-01
1.229999999999999982e+00 5.641882660303627617e-01
1.290000000000000036e+00 5.230275332159877166e-01
1.349999999999999867e+00 4.814612404614278529e-01
1.409999999999999920e+00 4.401755862447783163e-01
1.469999999999999973e+00 3.996572176589854308e-01
1.530000000000000027e+00 3.614073025291705821e-01
1.589999999999999858e+00 3.244870676931281284e-01
1.649999999999999911e+00 2.900779268896422347e-01
1.709999999999999964e+00 2.577931949828552449e-01
1.770000000000000018e+00 2.284483380251757234e-01
1.829999999999999849e+00 2.010483309704684252e-01
1.889999999999999902e+00 1.763905101248906815e-01
1.949999999999999956e+00 1.540540418579232351e-01
2.009999999999999787e+00 1.336582014982267141e-01
2.070000000000000284e+00 1.158498236227766404e-01
2.129999999999999893e+00 9.979556078559817522e-02
2.189999999999999947e+00 8.577530646653509783e-02
2.250000000000000000e+00 7.364663039877977768e-02
2.309999999999999609e+00 6.274208473222014915e-02
2.370000000000000107e+00 5.328382094664237123e-02
2.429999999999999716e+00 4.531691505499365474e-02
2.490000000000000213e+00 3.824693489755390252e-02
2.549999999999999822e+00 3.214950386794532267e-02
2.609999999999999876e+00 2.711328387593210654e-02
2.669999999999999929e+00 2.259810782421210404e-02
2.729999999999999538e+00 1.895700905936712963e-02
2.790000000000000036e+00 1.580665520682921280e-02
2.849999999999999645e+00 1.302075892453956676e-02
2.910000000000000142e+00 1.083388932670569307e-02
2.969999999999999751e+00 8.895869122663151163e-03
3.030000000000000249e+00 7.371852850207577003e-03
3.089999999999999858e+00 6.021559283297945112e-03
3.149999999999999911e+00 4.986301101642142027e-03
3.209999999999999964e+00 4.072239031932541747e-03
3.269999999999999574e+00 3.291045650524735029e-03
3.330000000000000071e+00 2.702325602638164410e-03
3.389999999999999680e+00 2.173582729003696243e-03
3.450000000000000178e+00 1.748775455470695387e-03
3.509999999999999787e+00 1.450876405717503896e-03
3.569999999999999840e+00 1.148631183917066907e-03
3.629999999999999893e+00 9.225060611156569350e-04
3.689999999999999503e+00 7.503976480444091287e-04
3.750000000000000000e+00 6.119410242533257624e-04
3.809999999999999609e+00 4.818042155241282314e-04
3.870000000000000107e+00 3.792345552089401240e-04
3.929999999999999716e+00 3.156562669748283543e-04
3.989999999999999769e+00 2.447515744324906439e-04
4.049999999999999822e+00 1.960744475032456075e-04
4.109999999999999432e+00 1.495083184255295886e-04
4.169999999999999929e+00 1.208235829136529123e-04
4.230000000000000426e+00 8.866190976397683710e-05
4.290000000000000036e+00 7.872780222739563134e-05
4.349999999999999645e+00 6.022552694051647615e-05
4.410000000000000142e+00 4.780789251979143602e-05
4.469999999999999751e+00 3.861884304845432451e-05
4.529999999999999361e+00 2.905726454449660922e-05
4.589999999999999858e+00 2.297262367834099661e-05
4.650000000000000355e+00 2.123415485943983008e-05
4.709999999999999964e+00 1.514951399328433266e-05
4.769999999999999574e+00 1.105169463444529222e-05
4.830000000000000071e+00 9.437402159751036532e-06
4.889999999999999680e+00 9.064873127129150345e-06
4.949999999999999289e+00 3.973643014632015248e-06
5.009999999999999787e+00 3.849466670424707994e-06
5.070000000000000284e+00 3.228584949388512230e-06
5.129999999999999893e+00 2.110997851523226787e-06
5.189999999999999503e+00 1.738468818901506618e-06
5.250000000000000000e+00 7.450580652435028061e-07
5.309999999999999609e+00 1.365939786279734992e-06
5.369999999999999218e+00 3.725290326217514030e-07
5.429999999999999716e+00 4.967053768289946003e-07
5.490000000000000213e+00 1.241763442072504765e-07
5.549999999999999822e+00 2.483526884144973002e-07
5.609999999999999432e+00 1.241763442072504765e-07
5.669999999999999929e+00 4.967053768289946003e-07
5.730000000000000426e+00 1.241763442072504765e-07
5.789999999999999147e+00 2.483526884145009530e-07
5.849999999999999645e+00 0.000000000000000000e+00
5.910000000000000142e+00 0.000000000000000000e+00
5.969999999999999751e+00 0.000000000000000000e+00
