2.999999999999999889e-02 9.625392798961095175e-02
8.999999999999999667e-02 1.616412176933072764e-01
1.499999999999999944e-01 2.414230293247555115e-01
2.099999999999999922e-01 3.228931425446243675e-01
2.700000000000000178e-01 4.037035068428045936e-01
3.299999999999999600e-01 4.800034137567393278e-01
3.900000000000000133e-01 5.494193566255672900e-01
4.499999999999999556e-01 6.109811456647685768e-01
5.100000000000000089e-01 6.625752994801887841e-01
5.700000000000000622e-01 7.041081891076003130e-01
6.299999999999998934e-01 7.346739481092591229e-01
6.899999999999999467e-01 7.544110331099875832e-01
7.500000000000000000e-01 7.631529236309659847e-01
8.100000000000000533e-01 7.619972143868197767e-01
8.699999999999998845e-01 7.521099212583398641e-01
9.299999999999999378e-01 7.343631347173912305e-01
9.899999999999999911e-01 7.081948326259074333e-01
1.050000000000000044e+00 6.776829661580362485e-01
1.109999999999999876e+00 6.431013441547969167e-01
1.169999999999999929e+00 6.045062185005274369e-01
1.229999999999999982e+00 5.645081484989540321e-01
1.290000000000000036e+00 5.231358188858019620e-01
1.349999999999999867e+00 4.810003014554620759e-01
1.409999999999999920e+00 4.408224241061369231e-01
1.469999999999999973e+00 3.997067669983715987e-01
1.530000000000000027e+00 3.614102854541480503e-01
1.589999999999999858e+00 3.243811476883471934e-01
1.649999999999999911e+00 2.902013603379529072e-01
1.709999999999999964e+00 2.577935694325996230e-01
1.770000000000000018e+00 2.279110286818604447e-01
1.829999999999999849e+00 2.010680765072713205e-01
1.889999999999999902e+00 1.764810359947039664e-01
1.949999999999999956e+00 1.538337541694503874e-01
2.009999999999999787e+00 1.337452501119957560e-01
2.070000000000000284e+00 1.157738285627040592e-01
2.129999999999999893e+00 9.990607847630092464e-02
2.189999999999999947e+00 8.597734201914140895e-02
2.250000000000000000e+00 7.357622295979984739e-02
2.309999999999999609e+00 6.271687740162322500e-02
2.370000000000000107e+00 5.336937884543402344e-02
2.429999999999999716e+00 4.514679379979954360e-02
2.490000000000000213e+00 3.823339996089633597e-02
2.549999999999999822e+00 3.207524665308860573e-02
2.609999999999999876e+00 2.700847924265003738e-02
2.669999999999999929e+00 2.276524935312938466e-02
2.729999999999999538e+00 1.884537466633379871e-02
2.790000000000000036e+00 1.564187331460722627e-02
2.849999999999999645e+00 1.312593638587895503e-02
2.910000000000000142e+00 1.077962434460158665e-02
2.969999999999999751e+00 8.978322282110477726e-03
3.030000000000000249e+00 7.316221902512830451e-03
3.089999999999999858e+00 6.024415384100104132e-03
3.149999999999999911e+00 4.924585495262160696e-03
3.209999999999999964e+00 4.074970941866000798e-03
3.269999999999999574e+00 3.334631572186420867e-03
3.330000000000000071e+00 2.695123394754378714e-03
3.389999999999999680e+00 2.191836667932617593e-03
3.450000000000000178e+00 1.756226049208034186e-03
3.509999999999999787e+00 1.409401517253142241e-03
3.569999999999999840e+00 1.166264233483842259e-03
3.629999999999999893e+00 9.346753498118414317e-04
3.689999999999999503e+00 7.407118987149773461e-04
3.750000000000000000e+00 6.145487320604229404e-04
3.809999999999999609e+00 4.687657028749437423e-04
3.870000000000000107e+00 3.992269496007798749e-04
3.929999999999999716e+00 3.156562693266508671e-04
3.989999999999999769e+00 2.395361697604697247e-04
4.049999999999999822e+00 2.009173264242790195e-04
4.109999999999999432e+00 1.588215454243860922e-04
4.169999999999999929e+00 1.194576440174020072e-04
4.230000000000000426e+00 1.024454847342599868e-04
4.290000000000000036e+00 8.108715337147973286e-05
4.349999999999999645e+00 6.258487794674791706e-05
4.410000000000000142e+00 4.855295094678260733e-05
4.469999999999999751e+00 3.638366912380331525e-05
4.529999999999999361e+00 3.104408628310909203e-05
4.589999999999999858e+00 2.148250770791116927e-05
4.650000000000000355e+00 1.850227542473301519e-05
4.709999999999999964e+00 1.365939796456779483e-05
4.769999999999999574e+00 1.067916568138952556e-05
4.830000000000000071e+00 9.437402230065162554e-06
4.889999999999999680e+00 5.960464566356857036e-06
4.949999999999999289e+00 5.587935530959635210e-06
5.009999999999999787e+00 4.097819389370338789e-06
5.070000000000000284e+00 4.594524769900145485e-06
5.129999999999999893e+00 1.614292486721648569e-06
5.189999999999999503e+00 1.365939796456799854e-06
5.250000000000000000e+00 1.365939796456799854e-06
5.309999999999999609e+00 7.450580707946071295e-07
5.369999999999999218e+00 1.117587106191927000e-06
5.429999999999999716e+00 9.934107610594761727e-07
5.490000000000000213e+00 7.450580707946181409e-07
5.549999999999999822e+00 4.967053805297380863e-07
5.609999999999999432e+00 8.692344159270543566e-07
5.669999999999999929e+00 2.483526902648690432e-07
5.730000000000000426e+00 0.000000000000000000e+00
5.789999999999999147e+00 1.241763451324363480e-07
5.849999999999999645e+00 1.241763451324345216e-07
5.910000000000000142e+00 0.000000000000000000e+00
5.969999999999999751e+00 0.000000000000000000e+00
