2.999999999999999889e-02 9.619034898422917923e-02
8.999999999999999667e-02 1.619870476076035459e-01
1.499999999999999944e-01 2.413523711861598475e-01
2.099999999999999922e-01 3.233954334512012530e-01
2.700000000000000178e-01 4.039928347169818856e-01
3.299999999999999600e-01 4.801541602623027316e-01
3.900000000000000133e-01 5.493157894610052328e-01
4.499999999999999556e-01 6.113494481495230781e-01
5.100000000000000089e-01 6.630657911032367124e-01
5.700000000000000622e-01 7.043338122790100408e-01
6.299999999999998934e-01 7.344219888331150470e-01
6.899999999999999467e-01 7.539469804908848216e-01
7.500000000000000000e-01 7.630442636438522497e-01
8.100000000000000533e-01 7.619819350191605611e-01
8.699999999999998845e-01 7.520952628460677580e-01
9.299999999999999378e-01 7.329999213392522917e-01
9.899999999999999911e-01 7.086540314703232424e-01
1.050000000000000044e+00 6.778262606101198573e-01
1.109999999999999876e+00 6.423125712249141417e-01
1.169999999999999929e+00 6.042891537469309293e-01
1.229999999999999982e+00 5.644556176994408592e-01
1.290000000000000036e+00 5.227152297103063727e-01
1.349999999999999867e+00 4.810605233986710028e-01
1.409999999999999920e+00 4.402196688469719454e-01
1.469999999999999973e+00 3.997163255988280817e-01
1.530000000000000027e+00 3.615961747487098088e-01
1.589999999999999858e+00 3.246232891427234257e-01
1.649999999999999911e+00 2.901120753842992839e-01
1.709999999999999964e+00 2.580513576024621170e-01
1.770000000000000018e+00 2.283097572250404328e-01
1.829999999999999849e+00 2.011233334823696040e-01
1.889999999999999902e+00 1.762228720602108945e-01
1.949999999999999956e+00 1.538348706103974672e-01
2.009999999999999787e+00 1.338248461521528432e-01
2.070000000000000284e+00 1.158680775453751061e-01
2.129999999999999893e+00 9.997586483738710172e-02
2.189999999999999947e+00 8.601360087106879604e-02
2.250000000000000000e+00 7.360577638153557867e-02
2.309999999999999609e+00 6.269079990206255504e-02
2.370000000000000107e+00 5.347405910596787770e-02
2.429999999999999716e+00 4.519249035809799059e-02
2.490000000000000213e+00 3.802850870809334344e-02
2.549999999999999822e+00 3.227529450462727351e-02
2.609999999999999876e+00 2.711800257701197855e-02
2.669999999999999929e+00 2.264902012533707293e-02
2.729999999999999538e+00 1.897464210024456255e-02
2.790000000000000036e+00 1.576691877668288944e-02
2.849999999999999645e+00 1.311401535903921126e-02
2.910000000000000142e+00 1.076683410083377826e-02
2.969999999999999751e+00 8.937344021628370813e-03
3.030000000000000249e+00 7.355834101804841797e-03
3.089999999999999858e+00 6.087993627448823677e-03
3.149999999999999911e+00 4.939734972564423406e-03
3.209999999999999964e+00 4.034365246949331470e-03
3.269999999999999574e+00 3.304332519354910309e-03
3.330000000000000071e+00 2.686679383268050954e-03
3.389999999999999680e+00 2.191960827946369192e-03
3.450000000000000178e+00 1.756971094188373864e-03
3.509999999999999787e+00 1.435851068068426471e-03
3.569999999999999840e+00 1.163780697910351365e-03
3.629999999999999893e+00 9.380281041415630336e-04
3.689999999999999503e+00 7.592141684831237459e-04
3.750000000000000000e+00 6.151696092027143618e-04
3.809999999999999609e+00 4.945943789774749459e-04
3.870000000000000107e+00 3.917763659738723392e-04
3.929999999999999716e+00 3.124276820254399175e-04
3.989999999999999769e+00 2.478559830376719396e-04
4.049999999999999822e+00 1.952052130937948328e-04
4.109999999999999432e+00 1.548479012264413509e-04
4.169999999999999929e+00 1.285225162545023368e-04
4.230000000000000426e+00 9.760260654689886654e-05
4.290000000000000036e+00 7.102886888654622044e-05
4.349999999999999645e+00 6.246070113624699706e-05
4.410000000000000142e+00 4.259248606308691659e-05
4.469999999999999751e+00 4.147489896522104627e-05
4.529999999999999361e+00 2.942979357711836158e-05
4.589999999999999858e+00 2.110997851523226871e-05
4.650000000000000355e+00 1.676380646797881197e-05
4.709999999999999964e+00 1.204510538810311837e-05
4.769999999999999574e+00 9.685754848165535844e-06
4.830000000000000071e+00 9.809931192372787194e-06
4.889999999999999680e+00 6.953875275605923981e-06
4.949999999999999289e+00 5.091230112497269775e-06
5.009999999999999787e+00 3.973643014631956803e-06
5.070000000000000284e+00 2.980232260974011224e-06
5.129999999999999893e+00 3.352761293595712758e-06
5.189999999999999503e+00 1.986821507316007624e-06
5.250000000000000000e+00 1.614292474694256115e-06
5.309999999999999609e+00 9.934107536579892007e-07
5.369999999999999218e+00 8.692344094507533090e-07
5.429999999999999716e+00 1.117587097865237586e-06
5.490000000000000213e+00 6.208817210362524090e-07
5.549999999999999822e+00 1.241763442072486501e-07
5.609999999999999432e+00 4.967053768290019060e-07
5.669999999999999929e+00 1.241763442072486501e-07
5.730000000000000426e+00 0.000000000000000000e+00
5.789999999999999147e+00 2.483526884145009530e-07
5.849999999999999645e+00 2.483526884144973002e-07
5.910000000000000142e+00 0.000000000000000000e+00
5.969999999999999751e+00 1.241763442072486501e-07
