2.999999999999999889e-02 9.635215147861071749e-02
8.999999999999999667e-02 1.619972312748019505e-01
1.499999999999999944e-01 2.416666633139053499e-01
2.099999999999999922e-01 3.233876127509416887e-01
2.700000000000000178e-01 4.041478098056884294e-01
3.299999999999999600e-01 4.799674026166509400e-01
3.900000000000000133e-01 5.496264827692481925e-01
4.499999999999999556e-01 6.114716422280418451e-01
5.100000000000000089e-01 6.627967059035598796e-01
5.700000000000000622e-01 7.037277127861145676e-01
6.299999999999998934e-01 7.342942168458440610e-01
6.899999999999999467e-01 7.536900652501486997e-01
7.500000000000000000e-01 7.627216591843209992e-01
8.100000000000000533e-01 7.620049133202179137e-01
8.699999999999998845e-01 7.514394931709699188e-01
9.299999999999999378e-01 7.334459682322430618e-01
9.899999999999999911e-01 7.081214444059341639e-01
1.050000000000000044e+00 6.777765951222661789e-01
1.109999999999999876e+00 6.430809792341952713e-01
1.169999999999999929e+00 6.046560993491023606e-01
1.229999999999999982e+00 5.647902771550949996e-01
1.290000000000000036e+00 5.229470708412007340e-01
1.349999999999999867e+00 4.813210489549391569e-01
1.409999999999999920e+00 4.397823230393076432e-01
1.469999999999999973e+00 3.994267493400980307e-01
1.530000000000000027e+00 3.615006858334043893e-01
1.589999999999999858e+00 3.251288134623895876e-01
1.649999999999999911e+00 2.900190694632984734e-01
1.709999999999999964e+00 2.583236782499699902e-01
1.770000000000000018e+00 2.285168850697615883e-01
1.829999999999999849e+00 2.010203927907404653e-01
1.889999999999999902e+00 1.760376022662360207e-01
1.949999999999999956e+00 1.539232853142908641e-01
2.009999999999999787e+00 1.337944239446682004e-01
2.070000000000000284e+00 1.158727971097746057e-01
2.129999999999999893e+00 9.988881796432752536e-02
2.189999999999999947e+00 8.585577337725676383e-02
2.250000000000000000e+00 7.356144597472907831e-02
2.309999999999999609e+00 6.281224483468493547e-02
2.370000000000000107e+00 5.324830690892989882e-02
2.429999999999999716e+00 4.511786071138369075e-02
2.490000000000000213e+00 3.820049322943624287e-02
2.549999999999999822e+00 3.223307478775192664e-02
2.609999999999999876e+00 2.711104890372943027e-02
2.669999999999999929e+00 2.267149621255440048e-02
2.729999999999999538e+00 1.889665949687349342e-02
2.790000000000000036e+00 1.576667054146532396e-02
2.849999999999999645e+00 1.312829573643647073e-02
2.910000000000000142e+00 1.081489042661919718e-02
2.969999999999999751e+00 8.927906685986709487e-03
3.030000000000000249e+00 7.335220883318093084e-03
3.089999999999999858e+00 6.047139655259339830e-03
3.149999999999999911e+00 4.989778076456690206e-03
3.209999999999999964e+00 4.052495023397029682e-03
3.269999999999999574e+00 3.311038066611258265e-03
3.330000000000000071e+00 2.686803579630505246e-03
3.389999999999999680e+00 2.193450960419339544e-03
3.450000000000000178e+00 1.794844892544221774e-03
3.509999999999999787e+00 1.459320407996381099e-03
3.569999999999999840e+00 1.129259682634375971e-03
3.629999999999999893e+00 9.557853284843555045e-04
3.689999999999999503e+00 7.480383030777910773e-04
3.750000000000000000e+00 5.894651103436710036e-04
3.809999999999999609e+00 4.866470965740144015e-04
3.870000000000000107e+00 3.930181323441581717e-04
3.929999999999999716e+00 2.990166390789045269e-04
3.989999999999999769e+00 2.461175160524888429e-04
4.049999999999999822e+00 2.081195544419602429e-04
4.109999999999999432e+00 1.524885518226318270e-04
4.169999999999999929e+00 1.226862289908452989e-04
4.230000000000000426e+00 9.313225884932726931e-05
4.290000000000000036e+00 7.562339418565261560e-05
4.349999999999999645e+00 6.072223276976137086e-05
4.410000000000000142e+00 4.520018962820682824e-05
4.469999999999999751e+00 3.489355298221409591e-05
4.529999999999999361e+00 3.253420242469832492e-05
4.589999999999999858e+00 2.284844750436794858e-05
4.650000000000000355e+00 1.887480446013032511e-05
4.709999999999999964e+00 1.428027969022996956e-05
4.769999999999999574e+00 1.365939796456799812e-05
4.830000000000000071e+00 9.189049539800290970e-06
4.889999999999999680e+00 7.574757053078504546e-06
4.949999999999999289e+00 4.842877460165017069e-06
5.009999999999999787e+00 3.849466699105469746e-06
5.070000000000000284e+00 3.476937663708217426e-06
5.129999999999999893e+00 2.980232283178428518e-06
5.189999999999999503e+00 3.104408628310908356e-06
5.250000000000000000e+00 7.450580707946181409e-07
5.309999999999999609e+00 1.490116141589214259e-06
5.369999999999999218e+00 1.365939796456799854e-06
5.429999999999999716e+00 4.967053805297380863e-07
5.490000000000000213e+00 2.483526902648726960e-07
5.549999999999999822e+00 0.000000000000000000e+00
5.609999999999999432e+00 0.000000000000000000e+00
5.669999999999999929e+00 9.934107610594761727e-07
5.730000000000000426e+00 1.241763451324363480e-07
5.789999999999999147e+00 1.241763451324363480e-07
5.849999999999999645e+00 2.483526902648690432e-07
5.910000000000000142e+00 2.483526902648726960e-07
5.969999999999999751e+00 1.241763451324345216e-07
