2.999999999999999889e-02 9.626808552746232706e-02
8.999999999999999667e-02 1.618283538568522917e-01
1.499999999999999944e-01 2.412414871029502361e-01
2.099999999999999922e-01 3.234462288055687251e-01
2.700000000000000178e-01 4.035635661154061693e-01
3.299999999999999600e-01 4.798896753755115263e-01
3.900000000000000133e-01 5.491407130899245148e-01
4.499999999999999556e-01 6.108371102065973668e-01
5.100000000000000089e-01 6.630608388700331979e-01
5.700000000000000622e-01 7.042553485708049621e-01
6.299999999999998934e-01 7.347269823569161362e-01
6.899999999999999467e-01 7.542045390865559362e-01
7.500000000000000000e-01 7.630896050658697582e-01
8.100000000000000533e-01 7.619319089829503788e-01
8.699999999999998845e-01 7.521772360457159579e-01
9.299999999999999378e-01 7.341706723224317166e-01
9.899999999999999911e-01 7.086768957578204464e-01
1.050000000000000044e+00 6.779621246843170468e-01
1.109999999999999876e+00 6.428395899983142536e-01
1.169999999999999929e+00 6.047660044262603840e-01
1.229999999999999982e+00 5.644588589010290924e-01
1.290000000000000036e+00 5.223629530975124613e-01
1.349999999999999867e+00 4.812548701342400648e-01
1.409999999999999920e+00 4.396637411812065466e-01
1.469999999999999973e+00 3.997217982924516910e-01
1.530000000000000027e+00 3.611065554948611478e-01
1.589999999999999858e+00 3.245420850676928315e-01
1.649999999999999911e+00 2.900105056169777207e-01
1.709999999999999964e+00 2.583234337465989405e-01
1.770000000000000018e+00 2.279821851248206577e-01
1.829999999999999849e+00 2.012687484801434223e-01
1.889999999999999902e+00 1.762223792937112066e-01
1.949999999999999956e+00 1.539550767527542163e-01
2.009999999999999787e+00 1.338689317465502349e-01
2.070000000000000284e+00 1.159947400091509984e-01
2.129999999999999893e+00 1.000594377535413138e-01
2.189999999999999947e+00 8.598901587692006632e-02
2.250000000000000000e+00 7.351959964194687558e-02
2.309999999999999609e+00 6.268893865810643007e-02
2.370000000000000107e+00 5.334553778207906660e-02
2.429999999999999716e+00 4.522651568730218230e-02
2.490000000000000213e+00 3.822619830249340822e-02
2.549999999999999822e+00 3.217570579575612655e-02
2.609999999999999876e+00 2.701170823012930683e-02
2.669999999999999929e+00 2.263548540976101364e-02
2.729999999999999538e+00 1.886027610878970862e-02
2.790000000000000036e+00 1.573711680582512429e-02
2.849999999999999645e+00 1.309153973335641652e-02
2.910000000000000142e+00 1.075826617354946890e-02
2.969999999999999751e+00 8.955846497094022141e-03
3.030000000000000249e+00 7.321189065412347929e-03
3.089999999999999858e+00 6.016592364010975302e-03
3.149999999999999911e+00 4.941846080874815264e-03
3.209999999999999964e+00 4.042685152372271773e-03
3.269999999999999574e+00 3.344069024246998367e-03
3.330000000000000071e+00 2.692639907975191704e-03
3.389999999999999680e+00 2.187366352102149136e-03
3.450000000000000178e+00 1.788387749246389546e-03
3.509999999999999787e+00 1.442929151940219867e-03
3.569999999999999840e+00 1.159558728125462254e-03
3.629999999999999893e+00 9.391457122309709860e-04
3.689999999999999503e+00 7.484108432653790999e-04
3.750000000000000000e+00 6.088366292567037874e-04
3.809999999999999609e+00 4.875163382545011359e-04
3.870000000000000107e+00 3.922730801186880001e-04
3.929999999999999716e+00 3.016243468212387313e-04
3.989999999999999769e+00 2.387911152479400411e-04
4.049999999999999822e+00 1.883755183729171666e-04
4.109999999999999432e+00 1.496324981142838084e-04
4.169999999999999929e+00 1.252939341056515338e-04
4.230000000000000426e+00 9.511908178883103334e-05
4.290000000000000036e+00 7.264316298494169369e-05
4.349999999999999645e+00 6.370246600218057692e-05
4.410000000000000142e+00 4.433095587286250868e-05
4.469999999999999751e+00 3.787378582975592351e-05
4.529999999999999361e+00 2.868473615302868069e-05
4.589999999999999858e+00 2.533197478449248602e-05
4.650000000000000355e+00 2.086162629311176501e-05
4.709999999999999964e+00 1.428027990302272498e-05
4.769999999999999574e+00 1.316269278017766162e-05
4.830000000000000071e+00 8.443991594830953470e-06
4.889999999999999680e+00 6.829699084054346141e-06
4.949999999999999289e+00 4.470348491381092864e-06
5.009999999999999787e+00 4.097819450432607684e-06
5.070000000000000284e+00 3.601114062501435989e-06
5.129999999999999893e+00 3.228585021552963515e-06
5.189999999999999503e+00 2.235174245690546432e-06
5.250000000000000000e+00 1.738468857759313962e-06
5.309999999999999609e+00 8.692344288796441698e-07
5.369999999999999218e+00 7.450580818968488107e-07
5.429999999999999716e+00 7.450580818968377993e-07
5.490000000000000213e+00 0.000000000000000000e+00
5.549999999999999822e+00 2.483526939656125821e-07
5.609999999999999432e+00 1.241763469828081439e-07
5.669999999999999929e+00 4.967053879312251642e-07
5.730000000000000426e+00 0.000000000000000000e+00
5.789999999999999147e+00 3.725290409484244054e-07
5.849999999999999645e+00 1.241763469828062911e-07
5.910000000000000142e+00 1.241763469828081439e-07
5.969999999999999751e+00 0.000000000000000000e+00
