2.999999999999999889e-02 9.629813548595513029e-02
8.999999999999999667e-02 1.619732664469863137e-01
1.499999999999999944e-01 2.418572758056607985e-01
2.099999999999999922e-01 3.235997083594336909e-01
2.700000000000000178e-01 4.039208184562310122e-01
3.299999999999999600e-01 4.801617421742669922e-01
3.900000000000000133e-01 5.494166288394471964e-01
4.499999999999999556e-01 6.113057471855276592e-01
5.100000000000000089e-01 6.628934442153592288e-01
5.700000000000000622e-01 7.042025683766190980e-01
6.299999999999998934e-01 7.341602360393663096e-01
6.899999999999999467e-01 7.537331600576593349e-01
7.500000000000000000e-01 7.627360693231829414e-01
8.100000000000000533e-01 7.622031044459049998e-01
8.699999999999998845e-01 7.517431099357413382e-01
9.299999999999999378e-01 7.335507785329141717e-01
9.899999999999999911e-01 7.085324733873009651e-01
1.050000000000000044e+00 6.778507334506918003e-01
1.109999999999999876e+00 6.425553455526601399e-01
1.169999999999999929e+00 6.048038737059500125e-01
1.229999999999999982e+00 5.639885988729625987e-01
1.290000000000000036e+00 5.225459851396939692e-01
1.349999999999999867e+00 4.813326009412438600e-01
1.409999999999999920e+00 4.397730130899870638e-01
1.469999999999999973e+00 3.999495347329618533e-01
1.530000000000000027e+00 3.608986816011071075e-01
1.589999999999999858e+00 3.245140187954568267e-01
1.649999999999999911e+00 2.900893554359776361e-01
1.709999999999999964e+00 2.580183305396757665e-01
1.770000000000000018e+00 2.284559161864307963e-01
1.829999999999999849e+00 2.012714788601876470e-01
1.889999999999999902e+00 1.763057003089567865e-01
1.949999999999999956e+00 1.539832636362545581e-01
2.009999999999999787e+00 1.337920655909392575e-01
2.070000000000000284e+00 1.159491664259196669e-01
2.129999999999999893e+00 9.988534177086760835e-02
2.189999999999999947e+00 8.603135937025760405e-02
2.250000000000000000e+00 7.339182163408987380e-02
2.309999999999999609e+00 6.276071211905873137e-02
2.370000000000000107e+00 5.350448310757758424e-02
2.429999999999999716e+00 4.521596036092347809e-02
2.490000000000000213e+00 3.811990306546070989e-02
2.549999999999999822e+00 3.234843485339457952e-02
2.609999999999999876e+00 2.701878608060167761e-02
2.669999999999999929e+00 2.265088310802464491e-02
2.729999999999999538e+00 1.895614010742618233e-02
2.790000000000000036e+00 1.575512225875281766e-02
2.849999999999999645e+00 1.312171448790884487e-02
2.910000000000000142e+00 1.084345106678966629e-02
2.969999999999999751e+00 8.975714645736983938e-03
3.030000000000000249e+00 7.397309110998558784e-03
3.089999999999999858e+00 6.013487910532426886e-03
3.149999999999999911e+00 4.918500890996359287e-03
3.209999999999999964e+00 4.044671943788841033e-03
3.269999999999999574e+00 3.331403012033864932e-03
3.330000000000000071e+00 2.731755436921611078e-03
3.389999999999999680e+00 2.201149910217395714e-03
3.450000000000000178e+00 1.790622910150899269e-03
3.509999999999999787e+00 1.459692947907338407e-03
3.569999999999999840e+00 1.181165403700102723e-03
3.629999999999999893e+00 9.257346598595668323e-04
3.689999999999999503e+00 7.554888894145680512e-04
3.750000000000000000e+00 5.975365772292737850e-04
3.809999999999999609e+00 4.939735046172175677e-04
3.870000000000000107e+00 3.894170212367004699e-04
3.929999999999999716e+00 3.063430457241517776e-04
3.989999999999999769e+00 2.401570532754413888e-04
4.049999999999999822e+00 2.019107386896907652e-04
4.109999999999999432e+00 1.529852583429905952e-04
4.169999999999999929e+00 1.313785741289623637e-04
4.230000000000000426e+00 1.064191285713822586e-04
4.290000000000000036e+00 7.450580763457223543e-05
4.349999999999999645e+00 5.600353207198762351e-05
4.410000000000000142e+00 4.594524804132022529e-05
4.469999999999999751e+00 3.539025862642181759e-05
4.529999999999999361e+00 2.868473593931073490e-05
4.589999999999999858e+00 2.384185844306311886e-05
4.650000000000000355e+00 1.850227556258571306e-05
4.709999999999999964e+00 1.477698518085682651e-05
4.769999999999999574e+00 1.204510556758935754e-05
4.830000000000000071e+00 1.005828403066740161e-05
4.889999999999999680e+00 6.208817302881020184e-06
4.949999999999999289e+00 3.849466727786289096e-06
5.009999999999999787e+00 4.470348458074334363e-06
5.070000000000000284e+00 2.731879613267689200e-06
5.129999999999999893e+00 2.110997882979546524e-06
5.189999999999999503e+00 3.849466727786289096e-06
5.250000000000000000e+00 1.117587114518600108e-06
5.309999999999999609e+00 9.934107684609631447e-07
5.369999999999999218e+00 6.208817302881112299e-07
5.429999999999999716e+00 8.692344224033428046e-07
5.490000000000000213e+00 8.692344224033556159e-07
5.549999999999999822e+00 6.208817302881020184e-07
5.609999999999999432e+00 4.967053842304888780e-07
5.669999999999999929e+00 1.241763460576203931e-07
5.730000000000000426e+00 2.483526921152444390e-07
5.789999999999999147e+00 1.241763460576222195e-07
5.849999999999999645e+00 3.725290381728612322e-07
5.910000000000000142e+00 2.483526921152444390e-07
5.969999999999999751e+00 1.241763460576203931e-07
