2.999999999999999889e-02 9.639412236507327592e-02
8.999999999999999667e-02 1.619536441710117680e-01
1.499999999999999944e-01 2.416060634573752586e-01
2.099999999999999922e-01 3.231901699542266693e-01
2.700000000000000178e-01 4.037477106135167748e-01
3.299999999999999600e-01 4.793773130529422333e-01
3.900000000000000133e-01 5.498429180421650075e-01
4.499999999999999556e-01 6.112707203472956818e-01
5.100000000000000089e-01 6.626229782597936602e-01
5.700000000000000622e-01 7.040423703991557369e-01
6.299999999999998934e-01 7.349554504078293915e-01
6.899999999999999467e-01 7.537679182025380786e-01
7.500000000000000000e-01 7.634172893818507166e-01
8.100000000000000533e-01 7.621617423655726586e-01
8.699999999999998845e-01 7.518233166522538813e-01
9.299999999999999378e-01 7.336578076108623003e-01
9.899999999999999911e-01 7.084783219432698731e-01
1.050000000000000044e+00 6.776310553970260608e-01
1.109999999999999876e+00 6.429309694190662450e-01
1.169999999999999929e+00 6.046110188311161204e-01
1.229999999999999982e+00 5.642085067744685434e-01
1.290000000000000036e+00 5.229411064804194709e-01
1.349999999999999867e+00 4.811283236826081611e-01
1.409999999999999920e+00 4.400676770016622719e-01
1.469999999999999973e+00 3.997318476418539879e-01
1.530000000000000027e+00 3.608836508856486103e-01
1.589999999999999858e+00 3.248562439644562816e-01
1.649999999999999911e+00 2.899415812637026746e-01
1.709999999999999964e+00 2.578299511807405908e-01
1.770000000000000018e+00 2.282366173583023350e-01
1.829999999999999849e+00 2.011116609060141225e-01
1.889999999999999902e+00 1.761404189676572807e-01
1.949999999999999956e+00 1.539421589717925309e-01
2.009999999999999787e+00 1.339117695930979179e-01
2.070000000000000284e+00 1.160177100401448419e-01
2.129999999999999893e+00 1.000257837277584161e-01
2.189999999999999947e+00 8.590867186021368396e-02
2.250000000000000000e+00 7.362701053639501836e-02
2.309999999999999609e+00 6.283099499467255378e-02
2.370000000000000107e+00 5.340576211665388345e-02
2.429999999999999716e+00 4.532237881413877373e-02
2.490000000000000213e+00 3.816559939209814706e-02
2.549999999999999822e+00 3.229081654765317277e-02
2.609999999999999876e+00 2.682308375951976062e-02
2.669999999999999929e+00 2.267981585870047431e-02
2.729999999999999538e+00 1.891367151523879950e-02
2.790000000000000036e+00 1.572531970137346080e-02
2.849999999999999645e+00 1.311178018484348076e-02
2.910000000000000142e+00 1.086145647511970250e-02
2.969999999999999751e+00 8.869543737691212501e-03
3.030000000000000249e+00 7.361422037294168032e-03
3.089999999999999858e+00 6.083771631745777189e-03
3.149999999999999911e+00 4.962583419898558210e-03
3.209999999999999964e+00 4.076336851291380986e-03
3.269999999999999574e+00 3.311783100007345288e-03
3.330000000000000071e+00 2.668922166046414687e-03
3.389999999999999680e+00 2.207110341939653650e-03
3.450000000000000178e+00 1.760696384514591354e-03
3.509999999999999787e+00 1.448517055177565935e-03
3.569999999999999840e+00 1.157199351667367133e-03
3.629999999999999893e+00 9.326885213406514068e-04
3.689999999999999503e+00 7.476657684718495279e-04
3.750000000000000000e+00 6.008893296188805430e-04
3.809999999999999609e+00 4.912416176838792052e-04
3.870000000000000107e+00 3.776202627342458784e-04
3.929999999999999716e+00 3.079573336339789299e-04
3.989999999999999769e+00 2.469867486282211920e-04
4.049999999999999822e+00 2.022832647136080090e-04
4.109999999999999432e+00 1.517434926212600824e-04
4.169999999999999929e+00 1.192092904389586804e-04
4.230000000000000426e+00 1.008311914962873847e-04
4.290000000000000036e+00 7.823109685056663272e-05
4.349999999999999645e+00 5.823870543320047488e-05
4.410000000000000142e+00 4.805624520820592856e-05
4.469999999999999751e+00 3.774960863900358370e-05
4.529999999999999361e+00 3.340343659175037429e-05
4.589999999999999858e+00 2.247591830151200138e-05
4.650000000000000355e+00 1.726051184480781737e-05
4.709999999999999964e+00 1.390775055121184796e-05
4.769999999999999574e+00 9.934107536580038544e-06
4.830000000000000071e+00 7.202227964020527478e-06
4.889999999999999680e+00 6.953875275605923981e-06
4.949999999999999289e+00 5.339582800911769934e-06
5.009999999999999787e+00 3.104408605181215987e-06
5.070000000000000284e+00 3.104408605181261727e-06
5.129999999999999893e+00 2.483526884144972790e-06
5.189999999999999503e+00 2.359350539937759133e-06
5.250000000000000000e+00 1.614292474694256115e-06
5.309999999999999609e+00 1.241763442072486395e-06
5.369999999999999218e+00 6.208817210362524090e-07
5.429999999999999716e+00 6.208817210362431975e-07
5.490000000000000213e+00 8.692344094507533090e-07
5.549999999999999822e+00 1.241763442072486501e-07
5.609999999999999432e+00 0.000000000000000000e+00
5.669999999999999929e+00 1.241763442072486501e-07
5.730000000000000426e+00 0.000000000000000000e+00
5.789999999999999147e+00 1.241763442072504765e-07
5.849999999999999645e+00 1.241763442072486501e-07
5.910000000000000142e+00 1.241763442072504765e-07
5.969999999999999751e+00 0.000000000000000000e+00
