2.999999999999999889e-02 9.620537360509237579e-02
8.999999999999999667e-02 1.619887848695119315e-01
1.499999999999999944e-01 2.412710338830947876e-01
2.099999999999999922e-01 3.230335811773936139e-01
2.700000000000000178e-01 4.033776621023814069e-01
3.299999999999999600e-01 4.798479378223419189e-01
3.900000000000000133e-01 5.495759348074595874e-01
4.499999999999999556e-01 6.112585465113322680e-01
5.100000000000000089e-01 6.623439490795129947e-01
5.700000000000000622e-01 7.042604188124345077e-01
6.299999999999998934e-01 7.345456629991538033e-01
6.899999999999999467e-01 7.538730899492892545e-01
7.500000000000000000e-01 7.633515944083525406e-01
8.100000000000000533e-01 7.627824942270922115e-01
8.699999999999998845e-01 7.517127941052126339e-01
9.299999999999999378e-01 7.338582227627429289e-01
9.899999999999999911e-01 7.083132863044732108e-01
1.050000000000000044e+00 6.779177735249195536e-01
1.109999999999999876e+00 6.428238004446047427e-01
1.169999999999999929e+00 6.046598156293228055e-01
1.229999999999999982e+00 5.645109961430226919e-01
1.290000000000000036e+00 5.230646580457701811e-01
1.349999999999999867e+00 4.817335555950796322e-01
1.409999999999999920e+00 4.400918881098425661e-01
1.469999999999999973e+00 3.998378912607825075e-01
1.530000000000000027e+00 3.615229080120719307e-01
1.589999999999999858e+00 3.246467560529717744e-01
1.649999999999999911e+00 2.900782972574231233e-01
1.709999999999999964e+00 2.577986568212506935e-01
1.770000000000000018e+00 2.281454702218380093e-01
1.829999999999999849e+00 2.008147537708280805e-01
1.889999999999999902e+00 1.761395484209059004e-01
1.949999999999999956e+00 1.538569728533425440e-01
2.009999999999999787e+00 1.339526226123172736e-01
2.070000000000000284e+00 1.159561177094776407e-01
2.129999999999999893e+00 9.991104404131562200e-02
2.189999999999999947e+00 8.576686183611607894e-02
2.250000000000000000e+00 7.353859643141422153e-02
2.309999999999999609e+00 6.270892918109888248e-02
2.370000000000000107e+00 5.328233043352758463e-02
2.429999999999999716e+00 4.518739879131312975e-02
2.490000000000000213e+00 3.829287985960638796e-02
2.549999999999999822e+00 3.217806418736773172e-02
2.609999999999999876e+00 2.701170742511766962e-02
2.669999999999999929e+00 2.259251972039538758e-02
2.729999999999999538e+00 1.890460650126137704e-02
2.790000000000000036e+00 1.579696933428445180e-02
2.849999999999999645e+00 1.308334370454151269e-02
2.910000000000000142e+00 1.079440116882323178e-02
2.969999999999999751e+00 8.894503116607657342e-03
3.030000000000000249e+00 7.338697711626681990e-03
3.089999999999999858e+00 6.055459380149836104e-03
3.149999999999999911e+00 4.993751645088227893e-03
3.209999999999999964e+00 4.050011436144507725e-03
3.269999999999999574e+00 3.284464279810584818e-03
3.330000000000000071e+00 2.677241961161293260e-03
3.389999999999999680e+00 2.166256308555601293e-03
3.450000000000000178e+00 1.772617300351459185e-03
3.509999999999999787e+00 1.436968644460040944e-03
3.569999999999999840e+00 1.176446676254280050e-03
3.629999999999999893e+00 9.402632713317862420e-04
3.689999999999999503e+00 7.305294275283806971e-04
3.750000000000000000e+00 5.984057982762649563e-04
3.809999999999999609e+00 4.678964614868159726e-04
3.870000000000000107e+00 3.848224878311153974e-04
3.929999999999999716e+00 3.115584452946977903e-04
3.989999999999999769e+00 2.505878607432063970e-04
4.049999999999999822e+00 1.892447471618636623e-04
4.109999999999999432e+00 1.621743043263763917e-04
4.169999999999999929e+00 1.238038142522165897e-04
4.230000000000000426e+00 1.002103090286261388e-04
4.290000000000000036e+00 7.835527261098160408e-05
4.349999999999999645e+00 5.612770716349320220e-05
4.410000000000000142e+00 4.842877388000520130e-05
4.469999999999999751e+00 3.712872664133676963e-05
4.529999999999999361e+00 3.017485141754170042e-05
4.589999999999999858e+00 2.409021059672017883e-05
4.650000000000000355e+00 2.024074395497653075e-05
4.709999999999999964e+00 1.564621925353991031e-05
4.769999999999999574e+00 1.018246014912929840e-05
4.830000000000000071e+00 8.319814999898329514e-06
4.889999999999999680e+00 6.953875223795515601e-06
4.949999999999999289e+00 6.953875223795618092e-06
5.009999999999999787e+00 4.346172014872196933e-06
5.070000000000000284e+00 2.483526865641292418e-06
5.129999999999999893e+00 1.986821492513004457e-06
5.189999999999999503e+00 1.490116119384775366e-06
5.250000000000000000e+00 1.117587089538581419e-06
5.309999999999999609e+00 1.117587089538564901e-06
5.369999999999999218e+00 1.117587089538581419e-06
5.429999999999999716e+00 3.725290298461883358e-07
5.490000000000000213e+00 4.967053731282584200e-07
5.549999999999999822e+00 2.483526865641255572e-07
5.609999999999999432e+00 1.241763432820646050e-07
5.669999999999999929e+00 0.000000000000000000e+00
5.730000000000000426e+00 1.241763432820646050e-07
5.789999999999999147e+00 2.483526865641292100e-07
5.849999999999999645e+00 1.241763432820627786e-07
5.910000000000000142e+00 2.483526865641292100e-07
5.969999999999999751e+00 0.000000000000000000e+00
