2.999999999999999889e-02 9.613124104438654227e-02
8.999999999999999667e-02 1.618624987343636745e-01
1.499999999999999944e-01 2.413245556850574236e-01
2.099999999999999922e-01 3.231909150122919128e-01
2.700000000000000178e-01 4.034956326347761135e-01
3.299999999999999600e-01 4.801458404472409014e-01
3.900000000000000133e-01 5.497885288034022322e-01
4.499999999999999556e-01 6.109857356373400439e-01
5.100000000000000089e-01 6.627568403588490753e-01
5.700000000000000622e-01 7.039376897409890255e-01
6.299999999999998934e-01 7.347739045925985035e-01
6.899999999999999467e-01 7.543421096181522900e-01
7.500000000000000000e-01 7.630717066159219408e-01
8.100000000000000533e-01 7.620507287138513774e-01
8.699999999999998845e-01 7.515002098046266177e-01
9.299999999999999378e-01 7.335320169741803564e-01
9.899999999999999911e-01 7.086730304509869516e-01
1.050000000000000044e+00 6.779868206231798311e-01
1.109999999999999876e+00 6.427912710318330891e-01
1.169999999999999929e+00 6.046113913601487422e-01
1.229999999999999982e+00 5.642021737809139736e-01
1.290000000000000036e+00 5.231387952203973013e-01
1.349999999999999867e+00 4.810811366718094617e-01
1.409999999999999920e+00 4.404573423697846213e-01
1.469999999999999973e+00 3.997727016590981730e-01
1.530000000000000027e+00 3.618518538414325358e-01
1.589999999999999858e+00 3.249029342698782075e-01
1.649999999999999911e+00 2.897971641753896987e-01
1.709999999999999964e+00 2.575711676794126825e-01
1.770000000000000018e+00 2.284023927778190133e-01
1.829999999999999849e+00 2.007952595809740504e-01
1.889999999999999902e+00 1.763860397764992205e-01
1.949999999999999956e+00 1.539479952599702439e-01
2.009999999999999787e+00 1.337674766811290938e-01
2.070000000000000284e+00 1.160526035928670791e-01
2.129999999999999893e+00 9.977246398557562679e-02
2.189999999999999947e+00 8.581752642356556271e-02
2.250000000000000000e+00 7.343143279426860015e-02
2.309999999999999609e+00 6.291183379475147330e-02
2.370000000000000107e+00 5.333162883916215541e-02
2.429999999999999716e+00 4.524104330868301826e-02
2.490000000000000213e+00 3.813318936626005490e-02
2.549999999999999822e+00 3.228026155839555655e-02
2.609999999999999876e+00 2.701853732530197158e-02
2.669999999999999929e+00 2.273147321789069017e-02
2.729999999999999538e+00 1.888064060767967109e-02
2.790000000000000036e+00 1.567999533573781815e-02
2.849999999999999645e+00 1.308595150524837283e-02
2.910000000000000142e+00 1.081985739981027560e-02
2.969999999999999751e+00 8.945912189378671039e-03
3.030000000000000249e+00 7.348507697496613200e-03
3.089999999999999858e+00 6.015847171464412495e-03
3.149999999999999911e+00 4.955877897311366728e-03
3.209999999999999964e+00 4.038835595340792457e-03
3.269999999999999574e+00 3.327553495721666428e-03
3.330000000000000071e+00 2.665072699375989947e-03
3.389999999999999680e+00 2.183392660196068966e-03
3.450000000000000178e+00 1.767029378069161086e-03
3.509999999999999787e+00 1.419211437944655234e-03
3.569999999999999840e+00 1.154715824783222140e-03
3.629999999999999893e+00 9.277214675723614206e-04
3.689999999999999503e+00 7.359931921163680602e-04
3.750000000000000000e+00 6.125619059743621191e-04
3.809999999999999609e+00 4.908690886512574562e-04
3.870000000000000107e+00 3.921488950064940882e-04
3.929999999999999716e+00 3.098199787970876747e-04
3.989999999999999769e+00 2.474834540050501906e-04
4.049999999999999822e+00 1.863886926550802157e-04
4.109999999999999432e+00 1.511226109002238342e-04
4.169999999999999929e+00 1.254181076493211225e-04
4.230000000000000426e+00 9.263555277860885319e-05
4.290000000000000036e+00 7.574756996642166671e-05
4.349999999999999645e+00 6.357828823411224397e-05
4.410000000000000142e+00 4.793206886399867890e-05
4.469999999999999751e+00 3.501772906644411160e-05
4.529999999999999361e+00 2.930561723291111192e-05
4.589999999999999858e+00 2.731879572559469730e-05
4.650000000000000355e+00 1.639127743535706300e-05
4.709999999999999964e+00 1.415610323962634389e-05
4.769999999999999574e+00 9.313225815543785182e-06
4.830000000000000071e+00 9.064873127129285870e-06
4.889999999999999680e+00 5.463759145118939969e-06
4.949999999999999289e+00 6.705522587191525466e-06
5.009999999999999787e+00 4.097819358839204765e-06
5.070000000000000284e+00 2.483526884145009636e-06
5.129999999999999893e+00 3.104408605181215987e-06
5.189999999999999503e+00 1.490116130487005612e-06
5.250000000000000000e+00 1.241763442072504818e-06
5.309999999999999609e+00 1.117587097865237586e-06
5.369999999999999218e+00 1.365939786279755321e-06
5.429999999999999716e+00 4.967053768289946003e-07
5.490000000000000213e+00 2.483526884145009530e-07
5.549999999999999822e+00 3.725290326217458973e-07
5.609999999999999432e+00 3.725290326217514030e-07
5.669999999999999929e+00 1.241763442072486501e-07
5.730000000000000426e+00 2.483526884145009530e-07
5.789999999999999147e+00 0.000000000000000000e+00
5.849999999999999645e+00 1.241763442072486501e-07
5.910000000000000142e+00 0.000000000000000000e+00
5.969999999999999751e+00 1.241763442072486501e-07
