2.999999999999999889e-02 9.634606683769922353e-02
8.999999999999999667e-02 1.615922922133250783e-01
1.499999999999999944e-01 2.415098285900030839e-01
2.099999999999999922e-01 3.233446477355259030e-01
2.700000000000000178e-01 4.036693583478931369e-01
3.299999999999999600e-01 4.794716906468822204e-01
3.900000000000000133e-01 5.492520910886738994e-01
4.499999999999999556e-01 6.108592044938486731e-01
5.100000000000000089e-01 6.629442274015772130e-01
5.700000000000000622e-01 7.036779180717164239e-01
6.299999999999998934e-01 7.347290824064979242e-01
6.899999999999999467e-01 7.541810585188023497e-01
7.500000000000000000e-01 7.629202171601877636e-01
8.100000000000000533e-01 7.627616439674550497e-01
8.699999999999998845e-01 7.522107524505873277e-01
9.299999999999999378e-01 7.339143614060826826e-01
9.899999999999999911e-01 7.086899237139504537e-01
1.050000000000000044e+00 6.776032449444612249e-01
1.109999999999999876e+00 6.426790204050015776e-01
1.169999999999999929e+00 6.048709244261814000e-01
1.229999999999999982e+00 5.645375782927504194e-01
1.290000000000000036e+00 5.231036572124126982e-01
1.349999999999999867e+00 4.817975135912123119e-01
1.409999999999999920e+00 4.400880452010236810e-01
1.469999999999999973e+00 3.996188501460178344e-01
1.530000000000000027e+00 3.614189777983072838e-01
1.589999999999999858e+00 3.245578506274707231e-01
1.649999999999999911e+00 2.898026300937326383e-01
1.709999999999999964e+00 2.576453028765114950e-01
1.770000000000000018e+00 2.283560767028150751e-01
1.829999999999999849e+00 2.011551241252091393e-01
1.889999999999999902e+00 1.762819813134566538e-01
1.949999999999999956e+00 1.538417014555388540e-01
2.009999999999999787e+00 1.338763803324556079e-01
2.070000000000000284e+00 1.156285422388991097e-01
2.129999999999999893e+00 9.985827058342494622e-02
2.189999999999999947e+00 8.585701514070807894e-02
2.250000000000000000e+00 7.361744950638382523e-02
2.309999999999999609e+00 6.283993615964948709e-02
2.370000000000000107e+00 5.345530887626567113e-02
2.429999999999999716e+00 4.530015158603811071e-02
2.490000000000000213e+00 3.811655002012671878e-02
2.549999999999999822e+00 3.216266680006183570e-02
2.609999999999999876e+00 2.698240221017222593e-02
2.669999999999999929e+00 2.258705629786434202e-02
2.729999999999999538e+00 1.885419118683820394e-02
2.790000000000000036e+00 1.570098125489026789e-02
2.849999999999999645e+00 1.306856691442776983e-02
2.910000000000000142e+00 1.076422647780516349e-02
2.969999999999999751e+00 8.944297963544190974e-03
3.030000000000000249e+00 7.354095687778222992e-03
3.089999999999999858e+00 6.045401186427486889e-03
3.149999999999999911e+00 4.974876915040797945e-03
3.209999999999999964e+00 4.084159991405800737e-03
3.269999999999999574e+00 3.302469898797120215e-03
3.330000000000000071e+00 2.688293695772094472e-03
3.389999999999999680e+00 2.189353141029969172e-03
3.450000000000000178e+00 1.780564612853991402e-03
3.509999999999999787e+00 1.409153164562877225e-03
3.569999999999999840e+00 1.167381820590034178e-03
3.629999999999999893e+00 9.266038873782331958e-04
3.689999999999999503e+00 7.254382082636877784e-04
3.750000000000000000e+00 6.082157384586687294e-04
3.809999999999999609e+00 4.840393933262332558e-04
3.870000000000000107e+00 3.869334914326687594e-04
3.929999999999999716e+00 3.084540413089695895e-04
3.989999999999999769e+00 2.479801612294753755e-04
4.049999999999999822e+00 1.994272102826898205e-04
4.109999999999999432e+00 1.542270206544859332e-04
4.169999999999999929e+00 1.281499881766724161e-04
4.230000000000000426e+00 9.735425458383009472e-05
4.290000000000000036e+00 7.860362646883104073e-05
4.349999999999999645e+00 6.246070160161549059e-05
4.410000000000000142e+00 4.842877460165018086e-05
4.469999999999999751e+00 3.899137237158444063e-05
4.529999999999999361e+00 2.880891207072523252e-05
4.589999999999999858e+00 2.185503674330847241e-05
4.650000000000000355e+00 1.713633562827621555e-05
4.709999999999999964e+00 1.365939796456779483e-05
4.769999999999999574e+00 1.105169471678683548e-05
4.830000000000000071e+00 8.816520504402979358e-06
4.889999999999999680e+00 4.967053805297380863e-06
4.949999999999999289e+00 4.718701115032581277e-06
5.009999999999999787e+00 4.842877460164945918e-06
5.070000000000000284e+00 2.607703247781163070e-06
5.129999999999999893e+00 2.359350557516255487e-06
5.189999999999999503e+00 1.862645176986545141e-06
5.250000000000000000e+00 1.614292486721672498e-06
5.309999999999999609e+00 8.692344159270415452e-07
5.369999999999999218e+00 7.450580707946181409e-07
5.429999999999999716e+00 3.725290353973035648e-07
5.490000000000000213e+00 4.967053805297453920e-07
5.549999999999999822e+00 3.725290353973035648e-07
5.609999999999999432e+00 7.450580707946181409e-07
5.669999999999999929e+00 1.241763451324345216e-07
5.730000000000000426e+00 3.725290353973090705e-07
5.789999999999999147e+00 2.483526902648726960e-07
5.849999999999999645e+00 0.000000000000000000e+00
5.910000000000000142e+00 0.000000000000000000e+00
5.969999999999999751e+00 1.241763451324345216e-07
