2.999999999999999889e-02 9.587221061897747976e-02
8.999999999999999667e-02 1.611617740254997488e-01
1.499999999999999944e-01 2.412237280880747958e-01
2.099999999999999922e-01 3.233177038775368328e-01
2.700000000000000178e-01 4.033966700995217924e-01
3.299999999999999600e-01 4.797844944349439200e-01
3.900000000000000133e-01 5.489858610949733819e-01
4.499999999999999556e-01 6.105821716170498625e-01
5.100000000000000089e-01 6.628132262958059684e-01
5.700000000000000622e-01 7.042620488463806616e-01
6.299999999999998934e-01 7.349569514756719713e-01
6.899999999999999467e-01 7.546822398705776980e-01
7.500000000000000000e-01 7.632845562437194920e-01
8.100000000000000533e-01 7.623924733736429094e-01
8.699999999999998845e-01 7.522175877540274724e-01
9.299999999999999378e-01 7.339485153693366959e-01
9.899999999999999911e-01 7.088411757836001748e-01
1.050000000000000044e+00 6.781722260106349820e-01
1.109999999999999876e+00 6.432528440884658361e-01
1.169999999999999929e+00 6.049581007277535782e-01
1.229999999999999982e+00 5.643770224834308014e-01
1.290000000000000036e+00 5.231662459882517879e-01
1.349999999999999867e+00 4.812281686342093634e-01
1.409999999999999920e+00 4.399680941296435499e-01
1.469999999999999973e+00 3.997967978273109790e-01
1.530000000000000027e+00 3.614685268531655504e-01
1.589999999999999858e+00 3.245315276602509513e-01
1.649999999999999911e+00 2.903228069665659827e-01
1.709999999999999964e+00 2.578442353025029443e-01
1.770000000000000018e+00 2.281939040962492338e-01
1.829999999999999849e+00 2.010412559145968170e-01
1.889999999999999902e+00 1.762410044326607750e-01
1.949999999999999956e+00 1.538825566196018457e-01
2.009999999999999787e+00 1.338419844820544213e-01
2.070000000000000284e+00 1.158259834906305158e-01
2.129999999999999893e+00 1.000043027103908189e-01
2.189999999999999947e+00 8.583180798214300189e-02
2.250000000000000000e+00 7.328738932705541886e-02
2.309999999999999609e+00 6.277201216654997029e-02
2.370000000000000107e+00 5.324458201527898504e-02
2.429999999999999716e+00 4.509985547735959749e-02
2.490000000000000213e+00 3.810388431681927673e-02
2.549999999999999822e+00 3.202470711922236063e-02
2.609999999999999876e+00 2.695731878930315503e-02
2.669999999999999929e+00 2.265796115974992933e-02
2.729999999999999538e+00 1.886139355538421838e-02
2.790000000000000036e+00 1.570122972456381230e-02
2.849999999999999645e+00 1.307812859044261977e-02
2.910000000000000142e+00 1.078185959914508552e-02
2.969999999999999751e+00 8.937840860189410000e-03
3.030000000000000249e+00 7.324790124900908486e-03
3.089999999999999858e+00 6.048381463774618778e-03
3.149999999999999911e+00 4.937996577327405552e-03
3.209999999999999964e+00 4.005680571126748503e-03
3.269999999999999574e+00 3.295640224369269979e-03
3.330000000000000071e+00 2.671157380045491997e-03
3.389999999999999680e+00 2.188980628303748965e-03
3.450000000000000178e+00 1.761689821519473636e-03
3.509999999999999787e+00 1.436347794848505735e-03
3.569999999999999840e+00 1.173218117552415028e-03
3.629999999999999893e+00 9.379039417732137982e-04
3.689999999999999503e+00 7.460514871141887914e-04
3.750000000000000000e+00 6.074706849138834580e-04
3.809999999999999609e+00 4.711250569426152549e-04
3.870000000000000107e+00 3.740191543255553847e-04
3.929999999999999716e+00 3.098199834137652119e-04
3.989999999999999769e+00 2.458691651940920347e-04
4.049999999999999822e+00 1.891205750457558370e-04
4.109999999999999432e+00 1.629193660276003766e-04
4.169999999999999929e+00 1.255422858642542229e-04
4.230000000000000426e+00 1.023213091514807264e-04
4.290000000000000036e+00 7.351239686611127355e-05
4.349999999999999645e+00 6.407499456573307087e-05
4.410000000000000142e+00 5.053977284545225189e-05
4.469999999999999751e+00 3.663202208699801993e-05
4.529999999999999361e+00 3.439684785796136393e-05
4.589999999999999858e+00 2.384185844306311886e-05
4.650000000000000355e+00 1.800557017835522535e-05
4.709999999999999964e+00 1.726051210200923628e-05
4.769999999999999574e+00 1.117587114518600066e-05
4.830000000000000071e+00 9.064873262206424485e-06
4.889999999999999680e+00 6.208817302881020184e-06
4.949999999999999289e+00 6.084640956823489735e-06
5.009999999999999787e+00 4.842877496247195913e-06
5.070000000000000284e+00 3.601114035671044816e-06
5.129999999999999893e+00 1.614292498749065163e-06
5.189999999999999503e+00 1.986821536921955512e-06
5.250000000000000000e+00 2.235174229037200216e-06
5.309999999999999609e+00 1.117587114518583591e-06
5.369999999999999218e+00 9.934107684609777560e-07
5.429999999999999716e+00 7.450580763457224644e-07
5.490000000000000213e+00 3.725290381728667379e-07
5.549999999999999822e+00 3.725290381728612322e-07
5.609999999999999432e+00 3.725290381728667379e-07
5.669999999999999929e+00 2.483526921152407862e-07
5.730000000000000426e+00 1.241763460576222195e-07
5.789999999999999147e+00 1.241763460576222195e-07
5.849999999999999645e+00 0.000000000000000000e+00
5.910000000000000142e+00 1.241763460576222195e-07
5.969999999999999751e+00 0.000000000000000000e+00
