2.999999999999999889e-02 9.600483238715054601e-02
8.999999999999999667e-02 1.616081903977266421e-01
1.499999999999999944e-01 2.417738329038210121e-01
2.099999999999999922e-01 3.233368318529240559e-01
2.700000000000000178e-01 4.036928367003613793e-01
3.299999999999999600e-01 4.800184498237489716e-01
3.900000000000000133e-01 5.494812087273055479e-01
4.499999999999999556e-01 6.109656372777734212e-01
5.100000000000000089e-01 6.624955930745444199e-01
5.700000000000000622e-01 7.041910304696999967e-01
6.299999999999998934e-01 7.346316203958656033e-01
6.899999999999999467e-01 7.541279278991586121e-01
7.500000000000000000e-01 7.631433791099747621e-01
8.100000000000000533e-01 7.622226114902383998e-01
8.699999999999998845e-01 7.520548037708361111e-01
9.299999999999999378e-01 7.338808501964124709e-01
9.899999999999999911e-01 7.082308595961894770e-01
1.050000000000000044e+00 6.781968230330748248e-01
1.109999999999999876e+00 6.433173011982447065e-01
1.169999999999999929e+00 6.047153449821719429e-01
1.229999999999999982e+00 5.643932979948800277e-01
1.290000000000000036e+00 5.226132965068023273e-01
1.349999999999999867e+00 4.810004363830049368e-01
1.409999999999999920e+00 4.397450799648365827e-01
1.469999999999999973e+00 3.997630278181167340e-01
1.530000000000000027e+00 3.611770903509264885e-01
1.589999999999999858e+00 3.245590996453833199e-01
1.649999999999999911e+00 2.900712300118514220e-01
1.709999999999999964e+00 2.582447078666849083e-01
1.770000000000000018e+00 2.284158106303150748e-01
1.829999999999999849e+00 2.009561981120280838e-01
1.889999999999999902e+00 1.761426593913133498e-01
1.949999999999999956e+00 1.536905822787649478e-01
2.009999999999999787e+00 1.339194725175500700e-01
2.070000000000000284e+00 1.158817403967829091e-01
2.129999999999999893e+00 1.000791825383596234e-01
2.189999999999999947e+00 8.603943211483883191e-02
2.250000000000000000e+00 7.352034524779804681e-02
2.309999999999999609e+00 6.267962589908233906e-02
2.370000000000000107e+00 5.337596138477176955e-02
2.429999999999999716e+00 4.524452159471265694e-02
2.490000000000000213e+00 3.813641908776330830e-02
2.549999999999999822e+00 3.220985453115852298e-02
2.609999999999999876e+00 2.706696690620127854e-02
2.669999999999999929e+00 2.257526004967315078e-02
2.729999999999999538e+00 1.883034974946389689e-02
2.790000000000000036e+00 1.572631358080778946e-02
2.849999999999999645e+00 1.307837713801774347e-02
2.910000000000000142e+00 1.078173558345941162e-02
2.969999999999999751e+00 8.911143078573402834e-03
3.030000000000000249e+00 7.405629036536894548e-03
3.089999999999999858e+00 6.022552873537666274e-03
3.149999999999999911e+00 4.956374750399675060e-03
3.209999999999999964e+00 4.074971032948702075e-03
3.269999999999999574e+00 3.325194244280240199e-03
3.330000000000000071e+00 2.693509162472278867e-03
3.389999999999999680e+00 2.188111426486746922e-03
3.450000000000000178e+00 1.788636115266733139e-03
3.509999999999999787e+00 1.443301691734604191e-03
3.569999999999999840e+00 1.172473076947279976e-03
3.629999999999999893e+00 9.360413105304522417e-04
3.689999999999999503e+00 7.630636578946177126e-04
3.750000000000000000e+00 5.984058205686189000e-04
3.809999999999999609e+00 4.785756448374055500e-04
3.870000000000000107e+00 3.880510872124785468e-04
3.929999999999999716e+00 3.146628655988546416e-04
3.989999999999999769e+00 2.461175215536442009e-04
4.049999999999999822e+00 2.066294429188990432e-04
4.109999999999999432e+00 1.492599701854088463e-04
4.169999999999999929e+00 1.351038665238955220e-04
4.230000000000000426e+00 9.511908249752344256e-05
4.290000000000000036e+00 7.798274648621911123e-05
4.349999999999999645e+00 6.034970508328510702e-05
4.410000000000000142e+00 4.470348524687785805e-05
4.469999999999999751e+00 4.110237115754541976e-05
4.529999999999999361e+00 2.955397080210258250e-05
4.589999999999999858e+00 2.533197497323041037e-05
4.650000000000000355e+00 1.825392314247512379e-05
4.709999999999999964e+00 1.465280905314308191e-05
4.769999999999999574e+00 1.229345844289141063e-05
4.830000000000000071e+00 8.816520701467578088e-06
4.889999999999999680e+00 8.195638961927486805e-06
4.949999999999999289e+00 5.587935655859732257e-06
5.009999999999999787e+00 4.097819480963743403e-06
5.070000000000000284e+00 3.476937741423833385e-06
5.129999999999999893e+00 1.862645218619883153e-06
5.189999999999999503e+00 2.856056001883863229e-06
5.250000000000000000e+00 1.738468870711916693e-06
5.309999999999999609e+00 1.241763479079922102e-06
5.369999999999999218e+00 8.692344353559583463e-07
5.429999999999999716e+00 8.692344353559455350e-07
5.490000000000000213e+00 6.208817395399702625e-07
5.549999999999999822e+00 4.967053916319688620e-07
5.609999999999999432e+00 1.241763479079940419e-07
5.669999999999999929e+00 3.725290437239766730e-07
5.730000000000000426e+00 0.000000000000000000e+00
5.789999999999999147e+00 1.241763479079940419e-07
5.849999999999999645e+00 1.241763479079922155e-07
5.910000000000000142e+00 0.000000000000000000e+00
5.969999999999999751e+00 0.000000000000000000e+00
