2.999999999999999889e-02 9.619022480788498586e-02
8.999999999999999667e-02 1.618051292633399252e-01
1.499999999999999944e-01 2.417460101972968012e-01
2.099999999999999922e-01 3.229533656658234997e-01
2.700000000000000178e-01 4.037046214220769147e-01
3.299999999999999600e-01 4.795697863864634702e-01
3.900000000000000133e-01 5.498052926098702109e-01
4.499999999999999556e-01 6.108271624457873861e-01
5.100000000000000089e-01 6.630903780193897479e-01
5.700000000000000622e-01 7.046171826964910956e-01
6.299999999999998934e-01 7.340839808241830244e-01
6.899999999999999467e-01 7.543007588955312759e-01
7.500000000000000000e-01 7.630122261470467793e-01
8.100000000000000533e-01 7.619440612341773500e-01
8.699999999999998845e-01 7.521638081880701598e-01
9.299999999999999378e-01 7.339511121358798240e-01
9.899999999999999911e-01 7.088982863393789025e-01
1.050000000000000044e+00 6.772746692891512543e-01
1.109999999999999876e+00 6.430740205675929966e-01
1.169999999999999929e+00 6.045455778977187888e-01
1.229999999999999982e+00 5.642032913680118389e-01
1.290000000000000036e+00 5.228308378867634332e-01
1.349999999999999867e+00 4.808162685296153982e-01
1.409999999999999920e+00 4.402488502878605936e-01
1.469999999999999973e+00 4.000378181539806510e-01
1.530000000000000027e+00 3.613789903226913292e-01
1.589999999999999858e+00 3.248392318052998884e-01
1.649999999999999911e+00 2.901705624424208985e-01
1.709999999999999964e+00 2.578699359635753252e-01
1.770000000000000018e+00 2.281596280248938680e-01
1.829999999999999849e+00 2.011789644845744518e-01
1.889999999999999902e+00 1.758519573200638120e-01
1.949999999999999956e+00 1.540600023224451831e-01
2.009999999999999787e+00 1.337825020187781710e-01
2.070000000000000284e+00 1.159280547196272076e-01
2.129999999999999893e+00 9.969448124141347400e-02
2.189999999999999947e+00 8.592754666453317203e-02
2.250000000000000000e+00 7.336611603721560071e-02
2.309999999999999609e+00 6.268968231496468979e-02
2.370000000000000107e+00 5.344115237475294961e-02
2.429999999999999716e+00 4.526500934311502439e-02
2.490000000000000213e+00 3.824097443303195454e-02
2.549999999999999822e+00 3.219606999702304129e-02
2.609999999999999876e+00 2.708671013827175164e-02
2.669999999999999929e+00 2.265224871028646489e-02
2.729999999999999538e+00 1.892236385933330697e-02
2.790000000000000036e+00 1.575623961108106597e-02
2.849999999999999645e+00 1.307167122566453739e-02
2.910000000000000142e+00 1.082879809659319757e-02
2.969999999999999751e+00 8.875752554901576719e-03
3.030000000000000249e+00 7.384767190005130967e-03
3.089999999999999858e+00 6.084516689811020687e-03
3.149999999999999911e+00 4.941473441383325768e-03
3.209999999999999964e+00 4.043057591043838078e-03
3.269999999999999574e+00 3.320351267757645514e-03
3.330000000000000071e+00 2.723311404809190036e-03
3.389999999999999680e+00 2.197797116124109926e-03
3.450000000000000178e+00 1.774976664098425064e-03
3.509999999999999787e+00 1.437589536887327966e-03
3.569999999999999840e+00 1.167754340924983571e-03
3.629999999999999893e+00 9.422500998446096303e-04
3.689999999999999503e+00 7.366140738374044169e-04
3.750000000000000000e+00 6.151696092027143618e-04
3.809999999999999609e+00 4.914899703722938129e-04
3.870000000000000107e+00 3.920247186622868385e-04
3.929999999999999716e+00 3.154079142864138550e-04
3.989999999999999769e+00 2.431372819577964255e-04
4.049999999999999822e+00 1.924733335212353675e-04
4.109999999999999432e+00 1.529852560633325790e-04
4.169999999999999929e+00 1.215686409788964103e-04
4.230000000000000426e+00 9.698172482586261826e-05
4.290000000000000036e+00 7.885197857160288100e-05
4.349999999999999645e+00 6.332993554569773110e-05
4.410000000000000142e+00 5.041559574814369235e-05
4.469999999999999751e+00 3.489355272223686872e-05
4.529999999999999361e+00 2.980232260974011055e-05
4.589999999999999858e+00 2.222756561309750545e-05
4.650000000000000355e+00 1.800556991005131870e-05
4.709999999999999964e+00 1.440445592804084150e-05
4.769999999999999574e+00 1.117587097865254188e-05
4.830000000000000071e+00 6.581346242984274963e-06
4.889999999999999680e+00 6.953875275605923981e-06
4.949999999999999289e+00 4.346172047253766757e-06
5.009999999999999787e+00 4.718701079875447962e-06
5.070000000000000284e+00 3.601113982010263739e-06
5.129999999999999893e+00 2.607703228352221175e-06
5.189999999999999503e+00 2.731879572559510642e-06
5.250000000000000000e+00 1.490116130487005612e-06
5.309999999999999609e+00 1.738468818901480995e-06
5.369999999999999218e+00 1.241763442072504818e-06
5.429999999999999716e+00 8.692344094507404977e-07
5.490000000000000213e+00 7.450580652435028061e-07
5.549999999999999822e+00 3.725290326217458973e-07
5.609999999999999432e+00 1.241763442072504765e-07
5.669999999999999929e+00 1.241763442072486501e-07
5.730000000000000426e+00 1.241763442072504765e-07
5.789999999999999147e+00 0.000000000000000000e+00
5.849999999999999645e+00 1.241763442072486501e-07
5.910000000000000142e+00 0.000000000000000000e+00
5.969999999999999751e+00 0.000000000000000000e+00
