2.999999999999999889e-02 9.623008756528558805e-02
8.999999999999999667e-02 1.619835742905808007e-01
1.499999999999999944e-01 2.417190693334461127e-01
2.099999999999999922e-01 3.235249566095558249e-01
2.700000000000000178e-01 4.034176589077013153e-01
3.299999999999999600e-01 4.791689558576233132e-01
3.900000000000000133e-01 5.500236069169722741e-01
4.499999999999999556e-01 6.105577134258860506e-01
5.100000000000000089e-01 6.627393463076947100e-01
5.700000000000000622e-01 7.046102445704817141e-01
6.299999999999998934e-01 7.345759839189849316e-01
6.899999999999999467e-01 7.544443236125797370e-01
7.500000000000000000e-01 7.633892425911392721e-01
8.100000000000000533e-01 7.614478695824115073e-01
8.699999999999998845e-01 7.515378520351015945e-01
9.299999999999999378e-01 7.335399806561060387e-01
9.899999999999999911e-01 7.086160493477988709e-01
1.050000000000000044e+00 6.777972184955238788e-01
1.109999999999999876e+00 6.429032924643164337e-01
1.169999999999999929e+00 6.045289517798702050e-01
1.229999999999999982e+00 5.645881264782381947e-01
1.290000000000000036e+00 5.228406595043553207e-01
1.349999999999999867e+00 4.810940617648973294e-01
1.409999999999999920e+00 4.399385434370794989e-01
1.469999999999999973e+00 3.999189903314603889e-01
1.530000000000000027e+00 3.614718823076845666e-01
1.589999999999999858e+00 3.248052147469494555e-01
1.649999999999999911e+00 2.901000367631523247e-01
1.709999999999999964e+00 2.580240445740233923e-01
1.770000000000000018e+00 2.284925499109199953e-01
1.829999999999999849e+00 2.009008139640333646e-01
1.889999999999999902e+00 1.764146042788405921e-01
1.949999999999999956e+00 1.541840579365905128e-01
2.009999999999999787e+00 1.336883793380372332e-01
2.070000000000000284e+00 1.157864962752608307e-01
2.129999999999999893e+00 1.001148204042956458e-01
2.189999999999999947e+00 8.583826579168293835e-02
2.250000000000000000e+00 7.353735685956541701e-02
2.309999999999999609e+00 6.262349772324649066e-02
2.370000000000000107e+00 5.337161481494545612e-02
2.429999999999999716e+00 4.519336060265777277e-02
2.490000000000000213e+00 3.816324089457312496e-02
2.549999999999999822e+00 3.227529522603633794e-02
2.609999999999999876e+00 2.710409543228451540e-02
2.669999999999999929e+00 2.260406879397436342e-02
2.729999999999999538e+00 1.885083870641901527e-02
2.790000000000000036e+00 1.564994501024319362e-02
2.849999999999999645e+00 1.304547030862579504e-02
2.910000000000000142e+00 1.082283787398052866e-02
2.969999999999999751e+00 8.913874891813833301e-03
3.030000000000000249e+00 7.336338579744250410e-03
3.089999999999999858e+00 5.981450457814840860e-03
3.149999999999999911e+00 4.926944919236878398e-03
3.209999999999999964e+00 4.103779915087812924e-03
3.269999999999999574e+00 3.306940296499139009e-03
3.330000000000000071e+00 2.687051972360965379e-03
3.389999999999999680e+00 2.202267513740086002e-03
3.450000000000000178e+00 1.782054755550266378e-03
3.509999999999999787e+00 1.444543444450996361e-03
3.569999999999999840e+00 1.165395016433654193e-03
3.629999999999999893e+00 9.154280299572548074e-04
3.689999999999999503e+00 7.562339531252959546e-04
3.750000000000000000e+00 5.930662331898872708e-04
3.809999999999999609e+00 4.890064544182948225e-04
3.870000000000000107e+00 3.879269079742897475e-04
3.929999999999999716e+00 3.051012845367573334e-04
3.989999999999999769e+00 2.456208143319945194e-04
4.049999999999999822e+00 1.908590453125732838e-04
4.109999999999999432e+00 1.610567220367021537e-04
4.169999999999999929e+00 1.229345835129782238e-04
4.230000000000000426e+00 1.023213099138339062e-04
4.290000000000000036e+00 7.102887047416519986e-05
4.349999999999999645e+00 5.736947230605736139e-05
4.410000000000000142e+00 4.967053879312325292e-05
4.469999999999999751e+00 3.799796217673873073e-05
4.529999999999999361e+00 2.942979423492553078e-05
4.589999999999999858e+00 2.396603496768161679e-05
4.650000000000000355e+00 1.589457241379944242e-05
4.709999999999999964e+00 1.291434008621185406e-05
4.769999999999999574e+00 1.142422392241834871e-05
4.830000000000000071e+00 7.823109859916912301e-06
4.889999999999999680e+00 7.823109859916797104e-06
4.949999999999999289e+00 4.718701185346708993e-06
5.009999999999999787e+00 4.842877532329445907e-06
5.070000000000000284e+00 2.483526939656162985e-06
5.129999999999999893e+00 2.731879633621738456e-06
5.189999999999999503e+00 1.738468857759313962e-06
5.250000000000000000e+00 1.738468857759313962e-06
5.309999999999999609e+00 1.365939816810869228e-06
5.369999999999999218e+00 2.483526939656162879e-07
5.429999999999999716e+00 4.967053879312251642e-07
5.490000000000000213e+00 4.967053879312325758e-07
5.549999999999999822e+00 3.725290409484188996e-07
5.609999999999999432e+00 1.241763469828081439e-07
5.669999999999999929e+00 1.241763469828062911e-07
5.730000000000000426e+00 1.241763469828081439e-07
5.789999999999999147e+00 1.241763469828081439e-07
5.849999999999999645e+00 0.000000000000000000e+00
5.910000000000000142e+00 1.241763469828081439e-07
5.969999999999999751e+00 1.241763469828062911e-07
