2.999999999999999889e-02 9.623120228449504043e-02
8.999999999999999667e-02 1.618144412835439139e-01
1.499999999999999944e-01 2.414705852667490826e-01
2.099999999999999922e-01 3.233540803194046021e-01
2.700000000000000178e-01 4.038626948992411481e-01
3.299999999999999600e-01 4.800566782553991052e-01
3.900000000000000133e-01 5.494985729455947876e-01
4.499999999999999556e-01 6.110666940609614795e-01
5.100000000000000089e-01 6.624180823564523868e-01
5.700000000000000622e-01 7.046092301607138619e-01
6.299999999999998934e-01 7.347058504819876656e-01
6.899999999999999467e-01 7.538067797819766325e-01
7.500000000000000000e-01 7.633759329716357511e-01
8.100000000000000533e-01 7.619277884562817293e-01
8.699999999999998845e-01 7.517772416273760250e-01
9.299999999999999378e-01 7.332798093557351127e-01
9.899999999999999911e-01 7.092489550511036356e-01
1.050000000000000044e+00 6.777732322613392313e-01
1.109999999999999876e+00 6.425006935993848867e-01
1.169999999999999929e+00 6.042732546726856668e-01
1.229999999999999982e+00 5.647054562966024038e-01
1.290000000000000036e+00 5.231274912754709794e-01
1.349999999999999867e+00 4.809419314066564755e-01
1.409999999999999920e+00 4.394970834255214620e-01
1.469999999999999973e+00 3.999840468168255336e-01
1.530000000000000027e+00 3.612596541643139370e-01
1.589999999999999858e+00 3.244514266649891066e-01
1.649999999999999911e+00 2.902523924907046138e-01
1.709999999999999964e+00 2.579917510350542842e-01
1.770000000000000018e+00 2.281053612629578842e-01
1.829999999999999849e+00 2.009098728497821229e-01
1.889999999999999902e+00 1.763302832841871504e-01
1.949999999999999956e+00 1.540665825208026862e-01
2.009999999999999787e+00 1.338885476191837287e-01
2.070000000000000284e+00 1.161211480696995035e-01
2.129999999999999893e+00 9.979431827863048665e-02
2.189999999999999947e+00 8.602291345596368988e-02
2.250000000000000000e+00 7.362514734268181538e-02
2.309999999999999609e+00 6.277809540430699664e-02
2.370000000000000107e+00 5.343059698740636188e-02
2.429999999999999716e+00 4.531716307004288874e-02
2.490000000000000213e+00 3.820384542147314821e-02
2.549999999999999822e+00 3.217024107774096170e-02
2.609999999999999876e+00 2.701220413049079672e-02
2.669999999999999929e+00 2.262170116106667142e-02
2.729999999999999538e+00 1.891354719797768563e-02
2.790000000000000036e+00 1.567776004473367055e-02
2.849999999999999645e+00 1.303392151991525187e-02
2.910000000000000142e+00 1.082445184389749238e-02
2.969999999999999751e+00 8.894751469294222626e-03
3.030000000000000249e+00 7.351115345954888081e-03
3.089999999999999858e+00 6.040061513582859615e-03
3.149999999999999911e+00 4.970654845237764026e-03
3.209999999999999964e+00 4.055723547935482370e-03
3.269999999999999574e+00 3.309547901153561417e-03
3.330000000000000071e+00 2.695620059967038414e-03
3.389999999999999680e+00 2.211953202883400627e-03
3.450000000000000178e+00 1.793354749679563912e-03
3.509999999999999787e+00 1.429393887519835125e-03
3.569999999999999840e+00 1.156454284985867706e-03
3.629999999999999893e+00 9.499490261077872186e-04
3.689999999999999503e+00 7.372349500656121424e-04
3.750000000000000000e+00 6.145487229029331783e-04
3.809999999999999609e+00 4.854053258895869687e-04
3.870000000000000107e+00 3.822147846221920576e-04
3.929999999999999716e+00 3.099441528320309789e-04
3.989999999999999769e+00 2.385427554448461178e-04
4.049999999999999822e+00 1.927216847737614307e-04
4.109999999999999432e+00 1.554687817891448921e-04
4.169999999999999929e+00 1.312543948491403636e-04
4.230000000000000426e+00 9.586413701375387411e-05
4.290000000000000036e+00 7.574756940205829134e-05
4.349999999999999645e+00 6.419916947682740129e-05
4.410000000000000142e+00 4.706283410390248818e-05
4.469999999999999751e+00 3.849466641743946242e-05
4.529999999999999361e+00 3.017485141754170042e-05
4.589999999999999858e+00 2.086162567138654596e-05
4.650000000000000355e+00 1.825392246246349749e-05
4.709999999999999964e+00 1.477698485056546991e-05
4.769999999999999574e+00 1.018246014912929840e-05
4.830000000000000071e+00 8.940696716308651348e-06
4.889999999999999680e+00 6.829698880513452081e-06
4.949999999999999289e+00 3.352761268615744679e-06
5.009999999999999787e+00 3.849466641743946242e-06
5.070000000000000284e+00 1.986821492513033680e-06
5.129999999999999893e+00 2.731879552205380917e-06
5.189999999999999503e+00 1.490116119384775366e-06
5.250000000000000000e+00 1.738468805948904523e-06
5.309999999999999609e+00 9.934107462565022287e-07
5.369999999999999218e+00 7.450580596923876829e-07
5.429999999999999716e+00 2.483526865641255572e-07
5.490000000000000213e+00 2.483526865641292100e-07
5.549999999999999822e+00 2.483526865641255572e-07
5.609999999999999432e+00 1.241763432820646050e-07
5.669999999999999929e+00 2.483526865641255572e-07
5.730000000000000426e+00 4.967053731282584200e-07
5.789999999999999147e+00 0.000000000000000000e+00
5.849999999999999645e+00 1.241763432820627786e-07
5.910000000000000142e+00 0.000000000000000000e+00
5.969999999999999751e+00 0.000000000000000000e+00
