2.999999999999999889e-02 9.630980662735656728e-02
8.999999999999999667e-02 1.616102965792787505e-01
1.499999999999999944e-01 2.418087192511214900e-01
2.099999999999999922e-01 3.232173645736080569e-01
2.700000000000000178e-01 4.036247760327515977e-01
3.299999999999999600e-01 4.800647532944735119e-01
3.900000000000000133e-01 5.497317802140994081e-01
4.499999999999999556e-01 6.106697068413324825e-01
5.100000000000000089e-01 6.631943136194912158e-01
5.700000000000000622e-01 7.046159409330489121e-01
6.299999999999998934e-01 7.337984994088505575e-01
6.899999999999999467e-01 7.543417370891196683e-01
7.500000000000000000e-01 7.624509490712298998e-01
8.100000000000000533e-01 7.619692690320514217e-01
8.699999999999998845e-01 7.519467479383958874e-01
9.299999999999999378e-01 7.336121107161940325e-01
9.899999999999999911e-01 7.085173133153510605e-01
1.050000000000000044e+00 6.777036985583873019e-01
1.109999999999999876e+00 6.425928372337897931e-01
1.169999999999999929e+00 6.050512239713307094e-01
1.229999999999999982e+00 5.646036359017360118e-01
1.290000000000000036e+00 5.231188028289800451e-01
1.349999999999999867e+00 4.815338836227890940e-01
1.409999999999999920e+00 4.399298412595922247e-01
1.469999999999999973e+00 3.999386012549590586e-01
1.530000000000000027e+00 3.608968135781345232e-01
1.589999999999999858e+00 3.246117407427121515e-01
1.649999999999999911e+00 2.901345513026007406e-01
1.709999999999999964e+00 2.579943606604709894e-01
1.770000000000000018e+00 2.282117820894609128e-01
1.829999999999999849e+00 2.011774743684439648e-01
1.889999999999999902e+00 1.764345927270842274e-01
1.949999999999999956e+00 1.537408691178325515e-01
2.009999999999999787e+00 1.339123904748189542e-01
2.070000000000000284e+00 1.159330217733954976e-01
2.129999999999999893e+00 9.996046697070540277e-02
2.189999999999999947e+00 8.583193087949360367e-02
2.250000000000000000e+00 7.353983874276152910e-02
2.309999999999999609e+00 6.271588352359243335e-02
2.370000000000000107e+00 5.325352191865580231e-02
2.429999999999999716e+00 4.524389936459979195e-02
2.490000000000000213e+00 3.824271290185084909e-02
2.549999999999999822e+00 3.210715973457065053e-02
2.609999999999999876e+00 2.696911514030748622e-02
2.669999999999999929e+00 2.253962076609048945e-02
2.729999999999999538e+00 1.896445964001956461e-02
2.790000000000000036e+00 1.575698466914630946e-02
2.849999999999999645e+00 1.310532301494470378e-02
2.910000000000000142e+00 1.081538705141881461e-02
2.969999999999999751e+00 8.935605552809471053e-03
3.030000000000000249e+00 7.379800136236840113e-03
3.089999999999999858e+00 6.050989076875063280e-03
3.149999999999999911e+00 4.923219518784860069e-03
3.209999999999999964e+00 4.072611560965163496e-03
3.269999999999999574e+00 3.337611779602453650e-03
3.330000000000000071e+00 2.668922166046414687e-03
3.389999999999999680e+00 2.171471731152172999e-03
3.450000000000000178e+00 1.809000982411211470e-03
3.509999999999999787e+00 1.445536822916591944e-03
3.569999999999999840e+00 1.177067566740527295e-03
3.629999999999999893e+00 9.267280568187034233e-04
3.689999999999999503e+00 7.633119878419629845e-04
3.750000000000000000e+00 6.188948995289318515e-04
3.809999999999999609e+00 4.808108047704702883e-04
3.870000000000000107e+00 3.812213767162561185e-04
3.929999999999999716e+00 3.177672648263515985e-04
3.989999999999999769e+00 2.418955185157239290e-04
4.049999999999999822e+00 1.921008044886136456e-04
4.109999999999999432e+00 1.555929592916848489e-04
4.169999999999999929e+00 1.202027011926166776e-04
4.230000000000000426e+00 9.238720009019434033e-05
4.290000000000000036e+00 7.475415921276368301e-05
4.349999999999999645e+00 5.848705812161496742e-05
4.410000000000000142e+00 4.445513122619566821e-05
4.469999999999999751e+00 3.625949250851660138e-05
4.529999999999999361e+00 2.992649895394736359e-05
4.589999999999999858e+00 2.309680002254824288e-05
4.650000000000000355e+00 1.788139356584406565e-05
4.709999999999999964e+00 1.502533764907708470e-05
4.769999999999999574e+00 1.130004732285979323e-05
4.830000000000000071e+00 1.030663656920178921e-05
4.889999999999999680e+00 7.202227964020420752e-06
4.949999999999999289e+00 5.091230112497269775e-06
5.009999999999999787e+00 4.346172047253702382e-06
5.070000000000000284e+00 3.228584949388512230e-06
5.129999999999999893e+00 2.856055916766718370e-06
5.189999999999999503e+00 1.490116130487005612e-06
5.250000000000000000e+00 1.986821507316007624e-06
5.309999999999999609e+00 1.365939786279734992e-06
5.369999999999999218e+00 2.483526884145009530e-07
5.429999999999999716e+00 6.208817210362431975e-07
5.490000000000000213e+00 6.208817210362524090e-07
5.549999999999999822e+00 1.241763442072486395e-06
5.609999999999999432e+00 2.483526884145009530e-07
5.669999999999999929e+00 4.967053768289946003e-07
5.730000000000000426e+00 2.483526884145009530e-07
5.789999999999999147e+00 0.000000000000000000e+00
5.849999999999999645e+00 3.725290326217458973e-07
5.910000000000000142e+00 1.241763442072504765e-07
5.969999999999999751e+00 1.241763442072486501e-07
