2.999999999999999889e-02 9.592610172375616584e-02
8.999999999999999667e-02 1.619194956763548021e-01
1.499999999999999944e-01 2.417237826316837312e-01
2.099999999999999922e-01 3.229549799582981939e-01
2.700000000000000178e-01 4.034577588497929024e-01
3.299999999999999600e-01 4.800873533891192868e-01
3.900000000000000133e-01 5.495108704977547109e-01
4.499999999999999556e-01 6.106540606219623690e-01
5.100000000000000089e-01 6.627183456921448279e-01
5.700000000000000622e-01 7.043489617930034363e-01
6.299999999999998934e-01 7.349021787561644814e-01
6.899999999999999467e-01 7.547138935927087955e-01
7.500000000000000000e-01 7.628418562027943217e-01
8.100000000000000533e-01 7.623149759743244047e-01
8.699999999999998845e-01 7.523459748850221951e-01
9.299999999999999378e-01 7.332691356534937199e-01
9.899999999999999911e-01 7.088359498145867521e-01
1.050000000000000044e+00 6.778147122101085831e-01
1.109999999999999876e+00 6.421990740463086045e-01
1.169999999999999929e+00 6.047024126204525452e-01
1.229999999999999982e+00 5.641599538238835088e-01
1.290000000000000036e+00 5.229165195642664354e-01
1.349999999999999867e+00 4.813543246290654110e-01
1.409999999999999920e+00 4.405157052515619731e-01
1.469999999999999973e+00 3.998280843086146064e-01
1.530000000000000027e+00 3.612255083612511686e-01
1.589999999999999858e+00 3.247176631643209910e-01
1.649999999999999911e+00 2.900835148251315609e-01
1.709999999999999964e+00 2.576603262945535433e-01
1.770000000000000018e+00 2.283609178788537919e-01
1.829999999999999849e+00 2.010850871683537711e-01
1.889999999999999902e+00 1.763440681721571424e-01
1.949999999999999956e+00 1.536302279951438921e-01
2.009999999999999787e+00 1.337990174725577353e-01
2.070000000000000284e+00 1.158941545776586285e-01
2.129999999999999893e+00 9.990731949538469991e-02
2.189999999999999947e+00 8.592605654840268503e-02
2.250000000000000000e+00 7.365855132782367365e-02
2.309999999999999609e+00 6.275028037093782762e-02
2.370000000000000107e+00 5.329065064557376302e-02
2.429999999999999716e+00 4.524303013019034120e-02
2.490000000000000213e+00 3.820409405880240139e-02
2.549999999999999822e+00 3.215000057332215166e-02
2.609999999999999876e+00 2.694763263275963203e-02
2.669999999999999929e+00 2.261810021562946776e-02
2.729999999999999538e+00 1.890112970447386728e-02
2.790000000000000036e+00 1.570706577877499510e-02
2.849999999999999645e+00 1.309576143644074556e-02
2.910000000000000142e+00 1.080508041484961289e-02
2.969999999999999751e+00 8.948147363574401533e-03
3.030000000000000249e+00 7.365023151276178272e-03
3.089999999999999858e+00 6.041551674715312306e-03
3.149999999999999911e+00 4.947806434937895501e-03
3.209999999999999964e+00 4.066775272787423630e-03
3.269999999999999574e+00 3.332272196801541481e-03
3.330000000000000071e+00 2.694254140264693616e-03
3.389999999999999680e+00 2.206241107530202902e-03
3.450000000000000178e+00 1.770009610330135078e-03
3.509999999999999787e+00 1.431504896021172949e-03
3.569999999999999840e+00 1.178930211903636040e-03
3.629999999999999893e+00 9.350478718805890418e-04
3.689999999999999503e+00 7.738669770995792053e-04
3.750000000000000000e+00 6.123135532859475113e-04
3.809999999999999609e+00 4.722426370201700621e-04
3.870000000000000107e+00 3.863126068287533544e-04
3.929999999999999716e+00 3.142903271885486623e-04
3.989999999999999769e+00 2.448757507766979478e-04
4.049999999999999822e+00 1.984337980431833239e-04
4.109999999999999432e+00 1.450379700340685739e-04
4.169999999999999929e+00 1.255422839935283722e-04
4.230000000000000426e+00 9.151796568074360629e-05
4.290000000000000036e+00 7.748603878532314834e-05
4.349999999999999645e+00 6.109476134996722374e-05
4.410000000000000142e+00 4.681448176613342522e-05
4.469999999999999751e+00 4.035731186735580614e-05
4.529999999999999361e+00 3.116826239601986693e-05
4.589999999999999858e+00 2.322097636675549592e-05
4.650000000000000355e+00 1.713633550060056433e-05
4.709999999999999964e+00 1.440445592804084150e-05
4.769999999999999574e+00 1.316269248596854993e-05
4.830000000000000071e+00 8.443991406093032508e-06
4.889999999999999680e+00 5.712111833533436739e-06
4.949999999999999289e+00 4.221995703046516254e-06
5.009999999999999787e+00 5.091230112497194389e-06
5.070000000000000284e+00 2.731879572559510642e-06
5.129999999999999893e+00 3.476937637802961991e-06
5.189999999999999503e+00 2.856055916766760721e-06
5.250000000000000000e+00 1.365939786279755321e-06
5.309999999999999609e+00 1.241763442072486395e-06
5.369999999999999218e+00 9.934107536580038120e-07
5.429999999999999716e+00 3.725290326217458973e-07
5.490000000000000213e+00 6.208817210362524090e-07
5.549999999999999822e+00 0.000000000000000000e+00
5.609999999999999432e+00 2.483526884145009530e-07
5.669999999999999929e+00 1.241763442072486501e-07
5.730000000000000426e+00 2.483526884145009530e-07
5.789999999999999147e+00 1.241763442072504765e-07
5.849999999999999645e+00 2.483526884144973002e-07
5.910000000000000142e+00 0.000000000000000000e+00
5.969999999999999751e+00 0.000000000000000000e+00
