2.999999999999999889e-02 9.618997645519655748e-02
8.999999999999999667e-02 1.618690800806066310e-01
1.499999999999999944e-01 2.418160456554296900e-01
2.099999999999999922e-01 3.238081956193461508e-01
2.700000000000000178e-01 4.034052322561932358e-01
3.299999999999999600e-01 4.793595558357205411e-01
3.900000000000000133e-01 5.499646108594880012e-01
4.499999999999999556e-01 6.108898714996119361e-01
5.100000000000000089e-01 6.623204846853048000e-01
5.700000000000000622e-01 7.044388654662093741e-01
6.299999999999998934e-01 7.347033724290887857e-01
6.899999999999999467e-01 7.543126798245751718e-01
7.500000000000000000e-01 7.632431941472722636e-01
8.100000000000000533e-01 7.615922696510382117e-01
8.699999999999998845e-01 7.517325437446383818e-01
9.299999999999999378e-01 7.335265532150353485e-01
9.899999999999999911e-01 7.084975692766221078e-01
1.050000000000000044e+00 6.780007283737310431e-01
1.109999999999999876e+00 6.431219526364569949e-01
1.169999999999999929e+00 6.045732692224770055e-01
1.229999999999999982e+00 5.644931189553915596e-01
1.290000000000000036e+00 5.227239220544009912e-01
1.349999999999999867e+00 4.812460428569166337e-01
1.409999999999999920e+00 4.399449907735854537e-01
1.469999999999999973e+00 3.993903626952840513e-01
1.530000000000000027e+00 3.612459974580453648e-01
1.589999999999999858e+00 3.249706103774711585e-01
1.649999999999999911e+00 2.902379901973254350e-01
1.709999999999999964e+00 2.578401336409655853e-01
1.770000000000000018e+00 2.282444404679873917e-01
1.829999999999999849e+00 2.011016026221333353e-01
1.889999999999999902e+00 1.763517671054980196e-01
1.949999999999999956e+00 1.539227874620962000e-01
2.009999999999999787e+00 1.337897042467421915e-01
2.070000000000000284e+00 1.156886427279956303e-01
2.129999999999999893e+00 1.000518607600419385e-01
2.189999999999999947e+00 8.583031658701889555e-02
2.250000000000000000e+00 7.346409117279512069e-02
2.309999999999999609e+00 6.269166913647201966e-02
2.370000000000000107e+00 5.341755886935357217e-02
2.429999999999999716e+00 4.518007272367726562e-02
2.490000000000000213e+00 3.832156488042245263e-02
2.549999999999999822e+00 3.220848763144376625e-02
2.609999999999999876e+00 2.708509584579705740e-02
2.669999999999999929e+00 2.270167089528095025e-02
2.729999999999999538e+00 1.887107902917571634e-02
2.790000000000000036e+00 1.573512963256583699e-02
2.849999999999999645e+00 1.314232756551846418e-02
2.910000000000000142e+00 1.079477377828040943e-02
2.969999999999999751e+00 8.897359238793638159e-03
3.030000000000000249e+00 7.414321159926456385e-03
3.089999999999999858e+00 6.083274926368948191e-03
3.149999999999999911e+00 4.964073536029045206e-03
3.209999999999999964e+00 4.070748915802054752e-03
3.269999999999999574e+00 3.284340127937543548e-03
3.330000000000000071e+00 2.673392514437875674e-03
3.389999999999999680e+00 2.180660780623509473e-03
3.450000000000000178e+00 1.786152535077077533e-03
3.509999999999999787e+00 1.437962065919949715e-03
3.569999999999999840e+00 1.135841020463719975e-03
3.629999999999999893e+00 9.479622116781431145e-04
3.689999999999999503e+00 7.587174631062947473e-04
3.750000000000000000e+00 6.061047360755850285e-04
3.809999999999999609e+00 4.990647273689359335e-04
3.870000000000000107e+00 3.919005423180795889e-04
3.929999999999999716e+00 3.182639702031805971e-04
3.989999999999999769e+00 2.350658195843251166e-04
4.049999999999999822e+00 1.949568604053803606e-04
4.109999999999999432e+00 1.563380173569283468e-04
4.169999999999999929e+00 1.249214022724921239e-04
4.230000000000000426e+00 9.437402159751036193e-05
4.290000000000000036e+00 7.376074845910568576e-05
4.349999999999999645e+00 6.221234844783248420e-05
4.410000000000000142e+00 4.631777638930442660e-05
4.469999999999999751e+00 3.874301939266157417e-05
4.529999999999999361e+00 2.955396992132561124e-05
4.589999999999999858e+00 2.545615056248596940e-05
4.650000000000000355e+00 1.912315700791657238e-05
4.709999999999999964e+00 1.428027958383359354e-05
4.769999999999999574e+00 9.313225815543785182e-06
4.830000000000000071e+00 7.947286029264030496e-06
4.889999999999999680e+00 6.953875275605923981e-06
4.949999999999999289e+00 6.705522587191525466e-06
5.009999999999999787e+00 3.725290326217458761e-06
5.070000000000000284e+00 3.725290326217513819e-06
5.129999999999999893e+00 1.614292474694232186e-06
5.189999999999999503e+00 2.235174195730508206e-06
5.250000000000000000e+00 1.490116130487005612e-06
5.309999999999999609e+00 9.934107536579892007e-07
5.369999999999999218e+00 7.450580652435028061e-07
5.429999999999999716e+00 9.934107536579892007e-07
5.490000000000000213e+00 0.000000000000000000e+00
5.549999999999999822e+00 3.725290326217458973e-07
5.609999999999999432e+00 0.000000000000000000e+00
5.669999999999999929e+00 0.000000000000000000e+00
5.730000000000000426e+00 1.241763442072504765e-07
5.789999999999999147e+00 1.241763442072504765e-07
5.849999999999999645e+00 2.483526884144973002e-07
5.910000000000000142e+00 1.241763442072504765e-07
5.969999999999999751e+00 1.241763442072486501e-07
