2.999999999999999889e-02 9.626870425742396764e-02
8.999999999999999667e-02 1.618462316332725248e-01
1.499999999999999944e-01 2.414107340679372271e-01
2.099999999999999922e-01 3.234503193953409128e-01
2.700000000000000178e-01 4.034965018691855643e-01
3.299999999999999600e-01 4.800158278148559110e-01
3.900000000000000133e-01 5.498435389238859328e-01
4.499999999999999556e-01 6.111008471084201643e-01
5.100000000000000089e-01 6.625625043801647296e-01
5.700000000000000622e-01 7.045703682147248514e-01
6.299999999999998934e-01 7.344886715299543400e-01
6.899999999999999467e-01 7.542232728567459521e-01
7.500000000000000000e-01 7.630586680997801796e-01
8.100000000000000533e-01 7.617771682275628065e-01
8.699999999999998845e-01 7.518496420372258182e-01
9.299999999999999378e-01 7.336760615334607660e-01
9.899999999999999911e-01 7.084806812938099219e-01
1.050000000000000044e+00 6.779388885543158327e-01
1.109999999999999876e+00 6.430421072471316224e-01
1.169999999999999929e+00 6.048909123109591501e-01
1.229999999999999982e+00 5.644686562155826204e-01
1.290000000000000036e+00 5.224789221272800877e-01
1.349999999999999867e+00 4.810594058115731375e-01
1.409999999999999920e+00 4.398744586100757359e-01
1.469999999999999973e+00 3.997751851859823180e-01
1.530000000000000027e+00 3.614507642496430639e-01
1.589999999999999858e+00 3.239867612023171195e-01
1.649999999999999911e+00 2.899079294744225654e-01
1.709999999999999964e+00 2.582587320972882239e-01
1.770000000000000018e+00 2.280843771603042747e-01
1.829999999999999849e+00 2.011408423469028262e-01
1.889999999999999902e+00 1.761625223569261711e-01
1.949999999999999956e+00 1.538312694964154292e-01
2.009999999999999787e+00 1.338103175198805950e-01
2.070000000000000284e+00 1.158870765260388153e-01
2.129999999999999893e+00 1.001185434568812316e-01
2.189999999999999947e+00 8.590060039784021273e-02
2.250000000000000000e+00 7.360366538368406930e-02
2.309999999999999609e+00 6.281522459895821919e-02
2.370000000000000107e+00 5.345816453390934281e-02
2.429999999999999716e+00 4.529270066787324106e-02
2.490000000000000213e+00 3.815603781359419577e-02
2.549999999999999822e+00 3.219321394110627454e-02
2.609999999999999876e+00 2.702151755756294557e-02
2.669999999999999929e+00 2.272961057272758142e-02
2.729999999999999538e+00 1.887468014315772658e-02
2.790000000000000036e+00 1.579461010144110611e-02
2.849999999999999645e+00 1.299716541914018759e-02
2.910000000000000142e+00 1.088616756761694691e-02
2.969999999999999751e+00 8.977949686184141451e-03
3.030000000000000249e+00 7.350370342659721945e-03
3.089999999999999858e+00 6.070857291948223225e-03
3.149999999999999911e+00 4.970530705927822188e-03
3.209999999999999964e+00 4.047776292123714433e-03
3.269999999999999574e+00 3.290176416115283848e-03
3.330000000000000071e+00 2.685189267137564392e-03
3.389999999999999680e+00 2.223377443030803355e-03
3.450000000000000178e+00 1.785780006044455784e-03
3.509999999999999787e+00 1.449137936898602184e-03
3.569999999999999840e+00 1.159434525863097627e-03
3.629999999999999893e+00 9.504457385622881076e-04
3.689999999999999503e+00 7.328887835111869272e-04
3.750000000000000000e+00 6.073464995176576335e-04
3.809999999999999609e+00 4.885097381113198212e-04
3.870000000000000107e+00 3.825873165025358647e-04
3.929999999999999716e+00 3.140419745001341088e-04
3.989999999999999769e+00 2.384185808779208844e-04
4.049999999999999822e+00 1.988063270758050729e-04
4.109999999999999432e+00 1.532336087517470783e-04
4.169999999999999929e+00 1.266598710913935920e-04
4.230000000000000426e+00 9.859601730055687734e-05
4.290000000000000036e+00 7.425745383593468439e-05
4.349999999999999645e+00 6.010135059630922650e-05
4.410000000000000142e+00 4.569689466826817154e-05
4.469999999999999751e+00 3.712872691796734219e-05
4.529999999999999361e+00 2.868473551187485687e-05
4.589999999999999858e+00 2.520779787407147348e-05
4.650000000000000355e+00 1.825392259846581801e-05
4.709999999999999964e+00 1.440445592804084150e-05
4.769999999999999574e+00 1.179675269968879524e-05
4.830000000000000071e+00 9.189049471336535526e-06
4.889999999999999680e+00 6.829698931398674325e-06
4.949999999999999289e+00 5.339582800911769934e-06
5.009999999999999787e+00 4.097819358839204765e-06
5.070000000000000284e+00 2.980232260974011224e-06
5.129999999999999893e+00 2.235174195730475172e-06
5.189999999999999503e+00 1.490116130487005612e-06
5.250000000000000000e+00 1.490116130487005612e-06
5.309999999999999609e+00 1.490116130486983589e-06
5.369999999999999218e+00 6.208817210362524090e-07
5.429999999999999716e+00 8.692344094507404977e-07
5.490000000000000213e+00 6.208817210362524090e-07
5.549999999999999822e+00 2.483526884144973002e-07
5.609999999999999432e+00 0.000000000000000000e+00
5.669999999999999929e+00 2.483526884144973002e-07
5.730000000000000426e+00 0.000000000000000000e+00
5.789999999999999147e+00 3.725290326217514030e-07
5.849999999999999645e+00 0.000000000000000000e+00
5.910000000000000142e+00 0.000000000000000000e+00
5.969999999999999751e+00 1.241763442072486501e-07
