2.999999999999999889e-02 9.616203749421295410e-02
8.999999999999999667e-02 1.618584021209439061e-01
1.499999999999999944e-01 2.411122159328890346e-01
2.099999999999999922e-01 3.233071464792958705e-01
2.700000000000000178e-01 4.035341303080439146e-01
3.299999999999999600e-01 4.798838319363767924e-01
3.900000000000000133e-01 5.501192145067336225e-01
4.499999999999999556e-01 6.111574760748567092e-01
5.100000000000000089e-01 6.626417338248346001e-01
5.700000000000000622e-01 7.041553761187506755e-01
6.299999999999998934e-01 7.343995183865165144e-01
6.899999999999999467e-01 7.539833697773514753e-01
7.500000000000000000e-01 7.625425968946399902e-01
8.100000000000000533e-01 7.620193177762534242e-01
8.699999999999998845e-01 7.526160640410995972e-01
9.299999999999999378e-01 7.339305043309498622e-01
9.899999999999999911e-01 7.085691001301367420e-01
1.050000000000000044e+00 6.782990050062382981e-01
1.109999999999999876e+00 6.422999100233123260e-01
1.169999999999999929e+00 6.046683928072704717e-01
1.229999999999999982e+00 5.644480471479099704e-01
1.290000000000000036e+00 5.228622583974752436e-01
1.349999999999999867e+00 4.810951721831432382e-01
1.409999999999999920e+00 4.403847024895450879e-01
1.469999999999999973e+00 4.000134825708487885e-01
1.530000000000000027e+00 3.613652094408649762e-01
1.589999999999999858e+00 3.246000705848157142e-01
1.649999999999999911e+00 2.901176654813336642e-01
1.709999999999999964e+00 2.580008197526257319e-01
1.770000000000000018e+00 2.282803291322842987e-01
1.829999999999999849e+00 2.009251495340238503e-01
1.889999999999999902e+00 1.762566493390496369e-01
1.949999999999999956e+00 1.539251479594678507e-01
2.009999999999999787e+00 1.339523762556766584e-01
2.070000000000000284e+00 1.157415427129696167e-01
2.129999999999999893e+00 9.974527010935441140e-02
2.189999999999999947e+00 8.568950125112441418e-02
2.250000000000000000e+00 7.354331622833976123e-02
2.309999999999999609e+00 6.282553170361411532e-02
2.370000000000000107e+00 5.325762013481483148e-02
2.429999999999999716e+00 4.514306850944557054e-02
2.490000000000000213e+00 3.821700868333885448e-02
2.549999999999999822e+00 3.209871598231863604e-02
2.609999999999999876e+00 2.698935608549964463e-02
2.669999999999999929e+00 2.266975774372254407e-02
2.729999999999999538e+00 1.881867675213032276e-02
2.790000000000000036e+00 1.570060872585487058e-02
2.849999999999999645e+00 1.311550557288783045e-02
2.910000000000000142e+00 1.084605868924744081e-02
2.969999999999999751e+00 8.976583813278624785e-03
3.030000000000000249e+00 7.425124557193976682e-03
3.089999999999999858e+00 6.075451861949535126e-03
3.149999999999999911e+00 4.979471439810697481e-03
3.209999999999999964e+00 4.103531501246460676e-03
3.269999999999999574e+00 3.293280849257319842e-03
3.330000000000000071e+00 2.699842095869410975e-03
3.389999999999999680e+00 2.183765205499009574e-03
3.450000000000000178e+00 1.771003034278794156e-03
3.509999999999999787e+00 1.446281891757475371e-03
3.569999999999999840e+00 1.167878525970563776e-03
3.629999999999999893e+00 9.190291303251545574e-04
3.689999999999999503e+00 7.636845225644779515e-04
3.750000000000000000e+00 6.077190330781390235e-04
3.809999999999999609e+00 4.890064471315306400e-04
3.870000000000000107e+00 4.000961840167069415e-04
3.929999999999999716e+00 3.146628585655914011e-04
3.989999999999999769e+00 2.356867030613641787e-04
4.049999999999999822e+00 1.927216876455383572e-04
4.109999999999999432e+00 1.584490163889887857e-04
4.169999999999999929e+00 1.206994074687263397e-04
4.230000000000000426e+00 9.238720077853264270e-05
4.290000000000000036e+00 7.289151459273905697e-05
4.349999999999999645e+00 6.270905429188034354e-05
4.410000000000000142e+00 4.693865846006094119e-05
4.469999999999999751e+00 4.072984120343851969e-05
4.529999999999999361e+00 2.905726476099010580e-05
4.589999999999999858e+00 2.297262384950038183e-05
4.650000000000000355e+00 1.750886466367352547e-05
4.709999999999999964e+00 1.477698507075970595e-05
4.769999999999999574e+00 1.105169471678683548e-05
4.830000000000000071e+00 8.071462433608361217e-06
4.889999999999999680e+00 9.809931265462326782e-06
4.949999999999999289e+00 4.967053805297454555e-06
5.009999999999999787e+00 5.091230150429814962e-06
5.070000000000000284e+00 4.594524769900145485e-06
5.129999999999999893e+00 3.352761318575731659e-06
5.189999999999999503e+00 1.365939796456799854e-06
5.250000000000000000e+00 2.110997867251417784e-06
5.309999999999999609e+00 8.692344159270415452e-07
5.369999999999999218e+00 2.483526902648726960e-07
5.429999999999999716e+00 8.692344159270415452e-07
5.490000000000000213e+00 4.967053805297453920e-07
5.549999999999999822e+00 2.483526902648690432e-07
5.609999999999999432e+00 2.483526902648726960e-07
5.669999999999999929e+00 4.967053805297380863e-07
5.730000000000000426e+00 1.241763451324363480e-07
5.789999999999999147e+00 2.483526902648726960e-07
5.849999999999999645e+00 2.483526902648690432e-07
5.910000000000000142e+00 2.483526902648726960e-07
5.969999999999999751e+00 0.000000000000000000e+00
