2.999999999999999889e-02 9.594174794312627930e-02
8.999999999999999667e-02 1.616455626610335816e-01
1.499999999999999944e-01 2.417707212897940716e-01
2.099999999999999922e-01 3.230771694809981276e-01
2.700000000000000178e-01 4.039019376330221789e-01
3.299999999999999600e-01 4.798368897028532643e-01
3.900000000000000133e-01 5.495106221450664075e-01
4.499999999999999556e-01 6.108284042092293475e-01
5.100000000000000089e-01 6.624127477090507865e-01
5.700000000000000622e-01 7.037576340418884024e-01
6.299999999999998934e-01 7.344695483729465346e-01
6.899999999999999467e-01 7.544860300010884924e-01
7.500000000000000000e-01 7.628435946716132232e-01
8.100000000000000533e-01 7.625548846713328111e-01
8.699999999999998845e-01 7.519616490997007574e-01
9.299999999999999378e-01 7.340752884800871847e-01
9.899999999999999911e-01 7.086947613112231092e-01
1.050000000000000044e+00 6.781316102405254842e-01
1.109999999999999876e+00 6.436275987100689155e-01
1.169999999999999929e+00 6.044893260137929047e-01
1.229999999999999982e+00 5.643947712907794179e-01
1.290000000000000036e+00 5.223892668067623424e-01
1.349999999999999867e+00 4.811603611794136315e-01
1.409999999999999920e+00 4.400230976940918137e-01
1.469999999999999973e+00 3.999655475216520317e-01
1.530000000000000027e+00 3.617635644607011813e-01
1.589999999999999858e+00 3.245793307168740593e-01
1.649999999999999911e+00 2.900499872121956035e-01
1.709999999999999964e+00 2.575500577008975056e-01
1.770000000000000018e+00 2.281526741496182342e-01
1.829999999999999849e+00 2.010016406650464993e-01
1.889999999999999902e+00 1.764304949077253881e-01
1.949999999999999956e+00 1.538470398921297499e-01
2.009999999999999787e+00 1.338354011414104594e-01
2.070000000000000284e+00 1.159117876185360579e-01
2.129999999999999893e+00 1.000086473922578156e-01
2.189999999999999947e+00 8.594468300003377248e-02
2.250000000000000000e+00 7.348905061798077787e-02
2.309999999999999609e+00 6.261753585898029162e-02
2.370000000000000107e+00 5.327786048212042325e-02
2.429999999999999716e+00 4.527345333452111042e-02
2.490000000000000213e+00 3.816075651467406432e-02
2.549999999999999822e+00 3.206903759689902489e-02
2.609999999999999876e+00 2.704337259414342151e-02
2.669999999999999929e+00 2.264355636619195741e-02
2.729999999999999538e+00 1.892757926579001146e-02
2.790000000000000036e+00 1.568819097445549662e-02
2.849999999999999645e+00 1.309551308375232932e-02
2.910000000000000142e+00 1.085102566220629353e-02
2.969999999999999751e+00 8.917724159243627102e-03
3.030000000000000249e+00 7.342547232974665217e-03
3.089999999999999858e+00 6.042545085468970303e-03
3.149999999999999911e+00 4.986176925297935644e-03
3.209999999999999964e+00 4.041319122224936583e-03
3.269999999999999574e+00 3.337735955946660466e-03
3.330000000000000071e+00 2.671778221963181429e-03
3.389999999999999680e+00 2.192085004290576442e-03
3.450000000000000178e+00 1.762310676989285599e-03
3.509999999999999787e+00 1.438955476673607929e-03
3.569999999999999840e+00 1.148879536605481406e-03
3.629999999999999893e+00 9.184082417568176964e-04
3.689999999999999503e+00 7.567306415989787528e-04
3.750000000000000000e+00 6.025036220935748969e-04
3.809999999999999609e+00 4.860262112271747739e-04
3.870000000000000107e+00 3.866851358613751033e-04
3.929999999999999716e+00 3.096958024528803709e-04
3.989999999999999769e+00 2.396603443199934081e-04
4.049999999999999822e+00 1.884996905066034056e-04
4.109999999999999432e+00 1.522401979980890811e-04
4.169999999999999929e+00 1.211961119462746613e-04
4.230000000000000426e+00 8.940696782922033503e-05
4.290000000000000036e+00 8.344650330727107761e-05
4.349999999999999645e+00 6.618599146246450030e-05
4.410000000000000142e+00 4.755953983137692993e-05
4.469999999999999751e+00 3.861884304845432451e-05
4.529999999999999361e+00 2.868473551187485687e-05
4.589999999999999858e+00 2.185503658047575987e-05
4.650000000000000355e+00 1.639127743535706300e-05
4.709999999999999964e+00 1.477698496066258708e-05
4.769999999999999574e+00 1.130004732285979323e-05
4.830000000000000071e+00 9.685754848165535844e-06
4.889999999999999680e+00 7.326404308227669561e-06
4.949999999999999289e+00 6.581346242984274963e-06
5.009999999999999787e+00 4.718701079875447962e-06
5.070000000000000284e+00 2.856055916766760721e-06
5.129999999999999893e+00 2.856055916766718370e-06
5.189999999999999503e+00 2.359350539937759133e-06
5.250000000000000000e+00 1.738468818901506618e-06
5.309999999999999609e+00 8.692344094507404977e-07
5.369999999999999218e+00 2.483526884145009530e-07
5.429999999999999716e+00 6.208817210362431975e-07
5.490000000000000213e+00 1.117587097865254103e-06
5.549999999999999822e+00 1.241763442072486501e-07
5.609999999999999432e+00 3.725290326217514030e-07
5.669999999999999929e+00 0.000000000000000000e+00
5.730000000000000426e+00 0.000000000000000000e+00
5.789999999999999147e+00 1.241763442072504765e-07
5.849999999999999645e+00 1.241763442072486501e-07
5.910000000000000142e+00 0.000000000000000000e+00
5.969999999999999751e+00 0.000000000000000000e+00
