2.999999999999999889e-02 9.623430669307708740e-02
8.999999999999999667e-02 1.619093120098114014e-01
1.499999999999999944e-01 2.412618448336919241e-01
2.099999999999999922e-01 3.235676636298497888e-01
2.700000000000000178e-01 4.037560274203618738e-01
3.299999999999999600e-01 4.798828313748041974e-01
3.900000000000000133e-01 5.496746550003688281e-01
4.499999999999999556e-01 6.112688531478246423e-01
5.100000000000000089e-01 6.633527576923364810e-01
5.700000000000000622e-01 7.039433966080353988e-01
6.299999999999998934e-01 7.349440207084027010e-01
6.899999999999999467e-01 7.538123677174243253e-01
7.500000000000000000e-01 7.626605530579878556e-01
8.100000000000000533e-01 7.619487742582964351e-01
8.699999999999998845e-01 7.516911874214815548e-01
9.299999999999999378e-01 7.336733241875960099e-01
9.899999999999999911e-01 7.090273002783451517e-01
1.050000000000000044e+00 6.776460756858183609e-01
1.109999999999999876e+00 6.429062535365440700e-01
1.169999999999999929e+00 6.043123702208195169e-01
1.229999999999999982e+00 5.642856160799657461e-01
1.290000000000000036e+00 5.223363637924208769e-01
1.349999999999999867e+00 4.809646556774770931e-01
1.409999999999999920e+00 4.397621999184286867e-01
1.469999999999999973e+00 4.002230862776434694e-01
1.530000000000000027e+00 3.610714028278983467e-01
1.589999999999999858e+00 3.248959779739388765e-01
1.649999999999999911e+00 2.900953094164527846e-01
1.709999999999999964e+00 2.580333501100537941e-01
1.770000000000000018e+00 2.282953510681794418e-01
1.829999999999999849e+00 2.009974171717959779e-01
1.889999999999999902e+00 1.763761043548582319e-01
1.949999999999999956e+00 1.540488253037133326e-01
2.009999999999999787e+00 1.338228583335875355e-01
2.070000000000000284e+00 1.159373670816420537e-01
2.129999999999999893e+00 9.997772673765809026e-02
2.189999999999999947e+00 8.596753080685989867e-02
2.250000000000000000e+00 7.363371551036827778e-02
2.309999999999999609e+00 6.264870365460707691e-02
2.370000000000000107e+00 5.343345304330185397e-02
2.429999999999999716e+00 4.516964157422379694e-02
2.490000000000000213e+00 3.825599948565161501e-02
2.549999999999999822e+00 3.215571244557696023e-02
2.609999999999999876e+00 2.707901100317654935e-02
2.669999999999999929e+00 2.262008686860400575e-02
2.729999999999999538e+00 1.880054672559100873e-02
2.790000000000000036e+00 1.575487355391183217e-02
2.849999999999999645e+00 1.306347548961638190e-02
2.910000000000000142e+00 1.079440116882323178e-02
2.969999999999999751e+00 8.946533004442843232e-03
3.030000000000000249e+00 7.373467087745659565e-03
3.089999999999999858e+00 6.049995621045425008e-03
3.149999999999999911e+00 5.006914337476127234e-03
3.209999999999999964e+00 4.079813758532202170e-03
3.269999999999999574e+00 3.328050176302589213e-03
3.330000000000000071e+00 2.702698111534116050e-03
3.389999999999999680e+00 2.217913667360939690e-03
3.450000000000000178e+00 1.736730337142942818e-03
3.509999999999999787e+00 1.443301637967426198e-03
3.569999999999999840e+00 1.158689459164944854e-03
3.629999999999999893e+00 9.371588627497347192e-04
3.689999999999999503e+00 7.551163434982293299e-04
3.750000000000000000e+00 6.011376778284702876e-04
3.809999999999999609e+00 4.783272743225093319e-04
3.870000000000000107e+00 3.740191459655758466e-04
3.929999999999999716e+00 3.191332022349036642e-04
3.989999999999999769e+00 2.523263295491553083e-04
4.049999999999999822e+00 1.964469750722233176e-04
4.109999999999999432e+00 1.501291990280161125e-04
4.169999999999999929e+00 1.198301712671905706e-04
4.230000000000000426e+00 9.598831335703594694e-05
4.290000000000000036e+00 8.170803387959729963e-05
4.349999999999999645e+00 6.506840387980185694e-05
4.410000000000000142e+00 4.780789216359487777e-05
4.469999999999999751e+00 3.539025783538789221e-05
4.529999999999999361e+00 3.079573313395202395e-05
4.589999999999999858e+00 2.309679985046367406e-05
4.650000000000000355e+00 1.875062783559175496e-05
4.709999999999999964e+00 1.403192679087309387e-05
4.769999999999999574e+00 1.142422358194994377e-05
4.830000000000000071e+00 8.816520373026586981e-06
4.889999999999999680e+00 7.450580596923766292e-06
4.949999999999999289e+00 4.470348358154325674e-06
5.009999999999999787e+00 5.463759104410761834e-06
5.070000000000000284e+00 3.352761268615744679e-06
5.129999999999999893e+00 1.862645149230941573e-06
5.189999999999999503e+00 2.235174179077162837e-06
5.250000000000000000e+00 1.117587089538581419e-06
5.309999999999999609e+00 1.738468805948878900e-06
5.369999999999999218e+00 7.450580596923876829e-07
5.429999999999999716e+00 9.934107462565022287e-07
5.490000000000000213e+00 3.725290298461938415e-07
5.549999999999999822e+00 3.725290298461883358e-07
5.609999999999999432e+00 1.241763432820646050e-07
5.669999999999999929e+00 3.725290298461883358e-07
5.730000000000000426e+00 3.725290298461938415e-07
5.789999999999999147e+00 3.725290298461938415e-07
5.849999999999999645e+00 0.000000000000000000e+00
5.910000000000000142e+00 0.000000000000000000e+00
5.969999999999999751e+00 0.000000000000000000e+00
