2.999999999999999889e-02 9.627416729927062988e-02
8.999999999999999667e-02 1.618350545565287457e-01
1.499999999999999944e-01 2.413221945365270071e-01
2.099999999999999922e-01 3.234943995873133527e-01
2.700000000000000178e-01 4.035962124665578576e-01
3.299999999999999600e-01 4.795273145039876672e-01
3.900000000000000133e-01 5.498790492614110681e-01
4.499999999999999556e-01 6.109938025474548340e-01
5.100000000000000089e-01 6.630181024471912821e-01
5.700000000000000622e-01 7.048108925422039706e-01
6.299999999999998934e-01 7.344933847586321285e-01
6.899999999999999467e-01 7.538436601559314054e-01
7.500000000000000000e-01 7.629933456579837125e-01
8.100000000000000533e-01 7.615181306997942379e-01
8.699999999999998845e-01 7.522154599428184651e-01
9.299999999999999378e-01 7.332393278678251969e-01
9.899999999999999911e-01 7.092038790384922464e-01
1.050000000000000044e+00 6.775873402754459818e-01
1.109999999999999876e+00 6.429001688957232119e-01
1.169999999999999929e+00 6.045006215572351627e-01
1.229999999999999982e+00 5.642277499039962674e-01
1.290000000000000036e+00 5.228551725546534135e-01
1.349999999999999867e+00 4.810854792594905227e-01
1.409999999999999920e+00 4.400925089915589394e-01
1.469999999999999973e+00 3.998370220263795516e-01
1.530000000000000027e+00 3.612699608008063668e-01
1.589999999999999858e+00 3.247484564781197847e-01
1.649999999999999911e+00 2.901304513216015901e-01
1.709999999999999964e+00 2.578100810448326619e-01
1.770000000000000018e+00 2.284624924262371182e-01
1.829999999999999849e+00 2.009974171717959779e-01
1.889999999999999902e+00 1.760218292474745039e-01
1.949999999999999956e+00 1.542770614226657844e-01
2.009999999999999787e+00 1.337872197230655646e-01
2.070000000000000284e+00 1.157969236373900396e-01
2.129999999999999893e+00 9.987987577915183324e-02
2.189999999999999947e+00 8.597299456596430023e-02
2.250000000000000000e+00 7.372709612051639438e-02
2.309999999999999609e+00 6.270495553811385181e-02
2.370000000000000107e+00 5.340973536173497516e-02
2.429999999999999716e+00 4.528872668743129382e-02
2.490000000000000213e+00 3.814573089281714235e-02
2.549999999999999822e+00 3.224487106005347742e-02
2.609999999999999876e+00 2.704871197541572347e-02
2.669999999999999929e+00 2.259686589241025750e-02
2.729999999999999538e+00 1.886934041976926976e-02
2.790000000000000036e+00 1.573090751965839154e-02
2.849999999999999645e+00 1.305838425954181786e-02
2.910000000000000142e+00 1.080023745695748993e-02
2.969999999999999751e+00 8.929769198099764618e-03
3.030000000000000249e+00 7.367754975954684919e-03
3.089999999999999858e+00 6.041551629702244380e-03
3.149999999999999911e+00 4.945695400238069202e-03
3.209999999999999964e+00 4.058579603830970127e-03
3.269999999999999574e+00 3.291666507720944230e-03
3.330000000000000071e+00 2.705305814743039390e-03
3.389999999999999680e+00 2.184510231018064672e-03
3.450000000000000178e+00 1.790498693784076372e-03
3.509999999999999787e+00 1.440818111101785067e-03
3.569999999999999840e+00 1.159807046254483429e-03
3.629999999999999893e+00 9.230027596155794458e-04
3.689999999999999503e+00 7.446855306625359706e-04
3.750000000000000000e+00 6.120651960372919384e-04
3.809999999999999609e+00 4.847844441731766316e-04
3.870000000000000107e+00 3.915280103683468427e-04
3.929999999999999716e+00 3.105650345484413160e-04
3.989999999999999769e+00 2.411504586537694848e-04
4.049999999999999822e+00 1.988063255945825118e-04
4.109999999999999432e+00 1.538544893264780537e-04
4.169999999999999929e+00 1.208235820134470720e-04
4.230000000000000426e+00 9.126961231231749084e-05
4.290000000000000036e+00 7.996956507364842899e-05
4.349999999999999645e+00 5.873541037241656237e-05
4.410000000000000142e+00 5.053977171580029723e-05
4.469999999999999751e+00 3.837049007415739636e-05
4.529999999999999361e+00 3.005067507425963436e-05
4.589999999999999858e+00 2.123415470123273397e-05
4.650000000000000355e+00 1.502533753712981718e-05
4.709999999999999964e+00 1.216928164164215209e-05
4.769999999999999574e+00 1.241763432820646039e-05
4.830000000000000071e+00 8.195638656616265148e-06
4.889999999999999680e+00 4.967053731282511143e-06
4.949999999999999289e+00 4.346172014872261307e-06
5.009999999999999787e+00 3.601113955179820473e-06
5.070000000000000284e+00 4.097819328308132574e-06
5.129999999999999893e+00 2.980232238769506686e-06
5.189999999999999503e+00 1.365939776102710787e-06
5.250000000000000000e+00 9.934107462565168400e-07
5.309999999999999609e+00 8.692344029744394501e-07
5.369999999999999218e+00 8.692344029744522615e-07
5.429999999999999716e+00 7.450580596923766715e-07
5.490000000000000213e+00 3.725290298461938415e-07
5.549999999999999822e+00 3.725290298461883358e-07
5.609999999999999432e+00 2.483526865641292100e-07
5.669999999999999929e+00 0.000000000000000000e+00
5.730000000000000426e+00 4.967053731282584200e-07
5.789999999999999147e+00 2.483526865641292100e-07
5.849999999999999645e+00 0.000000000000000000e+00
5.910000000000000142e+00 1.241763432820646050e-07
5.969999999999999751e+00 0.000000000000000000e+00
