2.999999999999999889e-02 9.637214387017703499e-02
8.999999999999999667e-02 1.620827887765982356e-01
1.499999999999999944e-01 2.415889289218524638e-01
2.099999999999999922e-01 3.233029244835614047e-01
2.700000000000000178e-01 4.040847282223611336e-01
3.299999999999999600e-01 4.801468374353672908e-01
3.900000000000000133e-01 5.497848076092920477e-01
4.499999999999999556e-01 6.113932869542632043e-01
5.100000000000000089e-01 6.632694452494790616e-01
5.700000000000000622e-01 7.041324034949011379e-01
6.299999999999998934e-01 7.348097970308339333e-01
6.899999999999999467e-01 7.538897408131216560e-01
7.500000000000000000e-01 7.624512031046225546e-01
8.100000000000000533e-01 7.615830862758031783e-01
8.699999999999998845e-01 7.516885909193055104e-01
9.299999999999999378e-01 7.336642702469858834e-01
9.899999999999999911e-01 7.081377115071466610e-01
1.050000000000000044e+00 6.775325886040809431e-01
1.109999999999999876e+00 6.423535542044095381e-01
1.169999999999999929e+00 6.044154455922357005e-01
1.229999999999999982e+00 5.645190760173257605e-01
1.290000000000000036e+00 5.221263893762204678e-01
1.349999999999999867e+00 4.812588366060278067e-01
1.409999999999999920e+00 4.397749966349448481e-01
1.469999999999999973e+00 4.002021064391049210e-01
1.530000000000000027e+00 3.613178982533695183e-01
1.589999999999999858e+00 3.247542976054701991e-01
1.649999999999999911e+00 2.900722169390151928e-01
1.709999999999999964e+00 2.581821172165190137e-01
1.770000000000000018e+00 2.281299515783289100e-01
1.829999999999999849e+00 2.010493258791563043e-01
1.889999999999999902e+00 1.764237906995978766e-01
1.949999999999999956e+00 1.538151277176805221e-01
2.009999999999999787e+00 1.339624345396323857e-01
2.070000000000000284e+00 1.157963044811730208e-01
2.129999999999999893e+00 9.993935773679640810e-02
2.189999999999999947e+00 8.594269681884945944e-02
2.250000000000000000e+00 7.354257117026896662e-02
2.309999999999999609e+00 6.276518199987975166e-02
2.370000000000000107e+00 5.352608939299115937e-02
2.429999999999999716e+00 4.524452058341877497e-02
2.490000000000000213e+00 3.831150688198464022e-02
2.549999999999999822e+00 3.231267182498181317e-02
2.609999999999999876e+00 2.707056741521625745e-02
2.669999999999999929e+00 2.259264423339530162e-02
2.729999999999999538e+00 1.889641114418322970e-02
2.790000000000000036e+00 1.575499796502287733e-02
2.849999999999999645e+00 1.309104283289674008e-02
2.910000000000000142e+00 1.094217118037994589e-02
2.969999999999999751e+00 8.956839774402567539e-03
3.030000000000000249e+00 7.392217825733880983e-03
3.089999999999999858e+00 6.038944016480599086e-03
3.149999999999999911e+00 4.968419745093910142e-03
3.209999999999999964e+00 4.074101707450073460e-03
3.269999999999999574e+00 3.283346741646725291e-03
3.330000000000000071e+00 2.727036715453414351e-03
3.389999999999999680e+00 2.215057644472382889e-03
3.450000000000000178e+00 1.782923963411507965e-03
3.509999999999999787e+00 1.430263143235391190e-03
3.569999999999999840e+00 1.158565300085631113e-03
3.629999999999999893e+00 9.498248639179986000e-04
3.689999999999999503e+00 7.323920835911040947e-04
3.750000000000000000e+00 6.064772696268145961e-04
3.809999999999999609e+00 4.803141029722601905e-04
3.870000000000000107e+00 3.774960892026036968e-04
3.929999999999999716e+00 3.041078692293343647e-04
3.989999999999999769e+00 2.443790472206347096e-04
4.049999999999999822e+00 2.022832662207358191e-04
4.109999999999999432e+00 1.553446077606778527e-04
4.169999999999999929e+00 1.234312870616399119e-04
4.230000000000000426e+00 1.023213083891275467e-04
4.290000000000000036e+00 7.475415976972557607e-05
4.349999999999999645e+00 6.556511022992639640e-05
4.410000000000000142e+00 4.755954018572312099e-05
4.469999999999999751e+00 3.861884333618713410e-05
4.529999999999999361e+00 3.116826262824151850e-05
4.589999999999999858e+00 2.359350557516255825e-05
4.650000000000000355e+00 1.688798293801134227e-05
4.709999999999999964e+00 1.266598720350832035e-05
4.769999999999999574e+00 1.043081299112465228e-05
4.830000000000000071e+00 8.443991469005671135e-06
4.889999999999999680e+00 5.463759185827118103e-06
4.949999999999999289e+00 5.960464566356945128e-06
5.009999999999999787e+00 4.594524769900076875e-06
5.070000000000000284e+00 2.359350557516290639e-06
5.129999999999999893e+00 3.104408628310862616e-06
5.189999999999999503e+00 1.986821522118981568e-06
5.250000000000000000e+00 2.359350557516290639e-06
5.309999999999999609e+00 9.934107610594761727e-07
5.369999999999999218e+00 4.967053805297453920e-07
5.429999999999999716e+00 4.967053805297380863e-07
5.490000000000000213e+00 2.483526902648726960e-07
5.549999999999999822e+00 2.483526902648690432e-07
5.609999999999999432e+00 2.483526902648726960e-07
5.669999999999999929e+00 1.241763451324345216e-07
5.730000000000000426e+00 2.483526902648726960e-07
5.789999999999999147e+00 3.725290353973090705e-07
5.849999999999999645e+00 0.000000000000000000e+00
5.910000000000000142e+00 0.000000000000000000e+00
5.969999999999999751e+00 0.000000000000000000e+00
