2.999999999999999889e-02 9.634730788330715667e-02
8.999999999999999667e-02 1.619240902010904704e-01
1.499999999999999944e-01 2.415522951003334917e-01
2.099999999999999922e-01 3.233768069995701655e-01
2.700000000000000178e-01 4.035585900412891891e-01
3.299999999999999600e-01 4.799364791309074785e-01
3.900000000000000133e-01 5.497982145582503977e-01
4.499999999999999556e-01 6.104695345744705071e-01
5.100000000000000089e-01 6.629346608837538568e-01
5.700000000000000622e-01 7.046908192686058836e-01
6.299999999999998934e-01 7.343479797319676372e-01
6.899999999999999467e-01 7.541221933125613619e-01
7.500000000000000000e-01 7.629650391362479134e-01
8.100000000000000533e-01 7.616176016252564906e-01
8.699999999999998845e-01 7.518113957232099853e-01
9.299999999999999378e-01 7.331558868275767082e-01
9.899999999999999911e-01 7.085560563347437224e-01
1.050000000000000044e+00 6.779239873930109628e-01
1.109999999999999876e+00 6.432088760774020697e-01
1.169999999999999929e+00 6.047700887280456072e-01
1.229999999999999982e+00 5.640270851355817516e-01
1.290000000000000036e+00 5.229037294008129777e-01
1.349999999999999867e+00 4.817654725047356146e-01
1.409999999999999920e+00 4.402261260168706669e-01
1.469999999999999973e+00 3.999049494656788939e-01
1.530000000000000027e+00 3.611965752730508794e-01
1.589999999999999858e+00 3.247234994524986762e-01
1.649999999999999911e+00 2.899700176465261903e-01
1.709999999999999964e+00 2.577895938688732902e-01
1.770000000000000018e+00 2.284028894831958700e-01
1.829999999999999849e+00 2.009684855811431636e-01
1.889999999999999902e+00 1.762772612989736698e-01
1.949999999999999956e+00 1.538616927007462332e-01
2.009999999999999787e+00 1.336562146767193981e-01
2.070000000000000284e+00 1.159214733733842234e-01
2.129999999999999893e+00 9.997350548684716398e-02
2.189999999999999947e+00 8.590159380859387073e-02
2.250000000000000000e+00 7.355138714277280332e-02
2.309999999999999609e+00 6.291829096465023641e-02
2.370000000000000107e+00 5.337124109296427499e-02
2.429999999999999716e+00 4.528351161840189765e-02
2.490000000000000213e+00 3.824507225239079378e-02
2.549999999999999822e+00 3.210119927004870255e-02
2.609999999999999876e+00 2.695297221556054376e-02
2.669999999999999929e+00 2.262294309305355050e-02
2.729999999999999538e+00 1.875497414734193444e-02
2.790000000000000036e+00 1.573277028202589578e-02
2.849999999999999645e+00 1.314096162573218270e-02
2.910000000000000142e+00 1.084953554607580653e-02
2.969999999999999751e+00 8.953238593686900504e-03
3.030000000000000249e+00 7.361794566326789781e-03
3.089999999999999858e+00 6.052603369349757526e-03
3.149999999999999911e+00 5.026037531788462784e-03
3.209999999999999964e+00 4.090741307219421946e-03
3.269999999999999574e+00 3.290300592459491531e-03
3.330000000000000071e+00 2.675751864977813418e-03
3.389999999999999680e+00 2.168864027923820756e-03
3.450000000000000178e+00 1.757095270532581114e-03
3.509999999999999787e+00 1.414368560520572497e-03
3.569999999999999840e+00 1.156702646290538134e-03
3.629999999999999893e+00 9.361654589784542888e-04
3.689999999999999503e+00 7.471690630950205293e-04
3.750000000000000000e+00 5.977849210136993016e-04
3.809999999999999609e+00 4.985680219921070433e-04
3.870000000000000107e+00 3.853191960750953571e-04
3.929999999999999716e+00 2.990166368510569547e-04
3.989999999999999769e+00 2.427647529251746766e-04
4.049999999999999822e+00 1.973162109453180770e-04
4.109999999999999432e+00 1.636644216651561307e-04
4.169999999999999929e+00 1.270324001240153409e-04
4.230000000000000426e+00 9.387731622068134975e-05
4.290000000000000036e+00 8.232891620940584426e-05
4.349999999999999645e+00 6.370246457831949362e-05
4.410000000000000142e+00 5.066394843655819166e-05
4.469999999999999751e+00 3.650784519693109391e-05
4.529999999999999361e+00 2.856055916766761060e-05
4.589999999999999858e+00 2.433856346462073266e-05
4.650000000000000355e+00 1.837809894267307105e-05
4.709999999999999964e+00 1.552204302590608163e-05
4.769999999999999574e+00 1.030663656920178921e-05
4.830000000000000071e+00 7.698933340849529490e-06
4.889999999999999680e+00 6.581346242984177555e-06
4.949999999999999289e+00 6.332993554569773957e-06
5.009999999999999787e+00 3.228584949388464373e-06
5.070000000000000284e+00 2.980232260974011224e-06
5.129999999999999893e+00 2.607703228352221175e-06
5.189999999999999503e+00 2.483526884145009636e-06
5.250000000000000000e+00 8.692344094507533090e-07
5.309999999999999609e+00 8.692344094507404977e-07
5.369999999999999218e+00 9.934107536580038120e-07
5.429999999999999716e+00 6.208817210362431975e-07
5.490000000000000213e+00 4.967053768290019060e-07
5.549999999999999822e+00 4.967053768289946003e-07
5.609999999999999432e+00 2.483526884145009530e-07
5.669999999999999929e+00 1.241763442072486501e-07
5.730000000000000426e+00 2.483526884145009530e-07
5.789999999999999147e+00 1.241763442072504765e-07
5.849999999999999645e+00 1.241763442072486501e-07
5.910000000000000142e+00 1.241763442072504765e-07
5.969999999999999751e+00 0.000000000000000000e+00
