2.999999999999999889e-02 9.625951592514191135e-02
8.999999999999999667e-02 1.616242055340241512e-01
1.499999999999999944e-01 2.415041164781270011e-01
2.099999999999999922e-01 3.235808311439677953e-01
2.700000000000000178e-01 4.039492518298216650e-01
3.299999999999999600e-01 4.797243895092267452e-01
3.900000000000000133e-01 5.496572785028409625e-01
4.499999999999999556e-01 6.107048532968489818e-01
5.100000000000000089e-01 6.627096582856221163e-01
5.700000000000000622e-01 7.039784248269369549e-01
6.299999999999998934e-01 7.348816951346656134e-01
6.899999999999999467e-01 7.542448851602003845e-01
7.500000000000000000e-01 7.631580148611163406e-01
8.100000000000000533e-01 7.618491961834218396e-01
8.699999999999998845e-01 7.516087455293852804e-01
9.299999999999999378e-01 7.334611177463492560e-01
9.899999999999999911e-01 7.085369384567473672e-01
1.050000000000000044e+00 6.783173831053178615e-01
1.109999999999999876e+00 6.430730319481067214e-01
1.169999999999999929e+00 6.046844115557925559e-01
1.229999999999999982e+00 5.639960452516279421e-01
1.290000000000000036e+00 5.228160647970859776e-01
1.349999999999999867e+00 4.811278305619131057e-01
1.409999999999999920e+00 4.403200066137311075e-01
1.469999999999999973e+00 3.998976260408402261e-01
1.530000000000000027e+00 3.612609013109537304e-01
1.589999999999999858e+00 3.246743280392048736e-01
1.649999999999999911e+00 2.899992012480773207e-01
1.709999999999999964e+00 2.579032171453516376e-01
1.770000000000000018e+00 2.281301999310191841e-01
1.829999999999999849e+00 2.012211859408196135e-01
1.889999999999999902e+00 1.764698601236420472e-01
1.949999999999999956e+00 1.540084702870517241e-01
2.009999999999999787e+00 1.335706581707395701e-01
2.070000000000000284e+00 1.159233368822435023e-01
2.129999999999999893e+00 9.981493303897370772e-02
2.189999999999999947e+00 8.595250675011491259e-02
2.250000000000000000e+00 7.353437553149022587e-02
2.309999999999999609e+00 6.269514654122505803e-02
2.370000000000000107e+00 5.353701691136281138e-02
2.429999999999999716e+00 4.517311918496762918e-02
2.490000000000000213e+00 3.825612423205557167e-02
2.549999999999999822e+00 3.216217009468130134e-02
2.609999999999999876e+00 2.705020249461453571e-02
2.669999999999999929e+00 2.267596656097916816e-02
2.729999999999999538e+00 1.894347397898842045e-02
2.790000000000000036e+00 1.572705828736807934e-02
2.849999999999999645e+00 1.304857452286144713e-02
2.910000000000000142e+00 1.080657061149532631e-02
2.969999999999999751e+00 8.886059257677079298e-03
3.030000000000000249e+00 7.366140793256069526e-03
3.089999999999999858e+00 6.029754966940800015e-03
3.149999999999999911e+00 4.964818631085070669e-03
3.209999999999999964e+00 3.987674971237898346e-03
3.269999999999999574e+00 3.311038066611258265e-03
3.330000000000000071e+00 2.691149751710140200e-03
3.389999999999999680e+00 2.194071842145001432e-03
3.450000000000000178e+00 1.778826144022137594e-03
3.509999999999999787e+00 1.415982863545161034e-03
3.569999999999999840e+00 1.148382839784771329e-03
3.629999999999999893e+00 9.351720551923712460e-04
3.689999999999999503e+00 7.557372364760020066e-04
3.750000000000000000e+00 6.252278977418124304e-04
3.809999999999999609e+00 4.811833373881873113e-04
3.870000000000000107e+00 3.911554871671716390e-04
3.929999999999999716e+00 3.100683337956912692e-04
3.989999999999999769e+00 2.567966817338783328e-04
4.049999999999999822e+00 1.789381133358381240e-04
4.109999999999999432e+00 1.662721261323322770e-04
4.169999999999999929e+00 1.204510547784614732e-04
4.230000000000000426e+00 9.884437072541933439e-05
4.290000000000000036e+00 7.785856839803642767e-05
4.349999999999999645e+00 5.885958759277483144e-05
4.410000000000000142e+00 4.967053805297453369e-05
4.469999999999999751e+00 4.122654658396825947e-05
4.529999999999999361e+00 3.315508415036050473e-05
4.589999999999999858e+00 2.471109268135446768e-05
4.650000000000000355e+00 1.837809907960058194e-05
4.709999999999999964e+00 1.229345816811101721e-05
4.769999999999999574e+00 1.179675278758145362e-05
4.830000000000000071e+00 9.189049539800290970e-06
4.889999999999999680e+00 7.947286088475809382e-06
4.949999999999999289e+00 5.960464566356945128e-06
5.009999999999999787e+00 3.104408628310862616e-06
5.070000000000000284e+00 3.601114008840654066e-06
5.129999999999999893e+00 2.731879592913559051e-06
5.189999999999999503e+00 2.359350557516290639e-06
5.250000000000000000e+00 2.483526902648727278e-06
5.309999999999999609e+00 7.450580707946071295e-07
5.369999999999999218e+00 6.208817256621818194e-07
5.429999999999999716e+00 6.208817256621726079e-07
5.490000000000000213e+00 2.483526902648726960e-07
5.549999999999999822e+00 7.450580707946071295e-07
5.609999999999999432e+00 1.241763451324363480e-07
5.669999999999999929e+00 0.000000000000000000e+00
5.730000000000000426e+00 2.483526902648726960e-07
5.789999999999999147e+00 0.000000000000000000e+00
5.849999999999999645e+00 0.000000000000000000e+00
5.910000000000000142e+00 0.000000000000000000e+00
5.969999999999999751e+00 1.241763451324345216e-07
