2.999999999999999889e-02 9.628733070905505509e-02
8.999999999999999667e-02 1.619904003688971417e-01
1.499999999999999944e-01 2.416883923735846651e-01
2.099999999999999922e-01 3.232297822080288374e-01
2.700000000000000178e-01 4.037419985016832968e-01
3.299999999999999600e-01 4.802290385978597032e-01
3.900000000000000133e-01 5.496325633150779266e-01
4.499999999999999556e-01 6.111644253966541651e-01
5.100000000000000089e-01 6.632657150174103844e-01
5.700000000000000622e-01 7.040821068293019458e-01
6.299999999999998934e-01 7.340372905187610986e-01
6.899999999999999467e-01 7.539782729296250485e-01
7.500000000000000000e-01 7.627904471962925204e-01
8.100000000000000533e-01 7.619949735353023224e-01
8.699999999999998845e-01 7.518151210135362028e-01
9.299999999999999378e-01 7.336622779592537613e-01
9.899999999999999911e-01 7.084885044034949786e-01
1.050000000000000044e+00 6.779712985801539249e-01
1.109999999999999876e+00 6.430619754622048934e-01
1.169999999999999929e+00 6.042762394071332643e-01
1.229999999999999982e+00 5.643593810326803517e-01
1.290000000000000036e+00 5.224688638433993004e-01
1.349999999999999867e+00 4.813749379022037589e-01
1.409999999999999920e+00 4.400933815049131725e-01
1.469999999999999973e+00 4.001215130099763373e-01
1.530000000000000027e+00 3.611069199525331896e-01
1.589999999999999858e+00 3.245229546566040235e-01
1.649999999999999911e+00 2.897284946570430342e-01
1.709999999999999964e+00 2.579600879894697885e-01
1.770000000000000018e+00 2.283519771820708699e-01
1.829999999999999849e+00 2.010165418263513692e-01
1.889999999999999902e+00 1.762175324774099827e-01
1.949999999999999956e+00 1.538378508426584412e-01
2.009999999999999787e+00 1.337119698552684532e-01
2.070000000000000284e+00 1.158275960571635427e-01
2.129999999999999893e+00 9.996083949973802452e-02
2.189999999999999947e+00 8.594108188605177612e-02
2.250000000000000000e+00 7.369481082033217667e-02
2.309999999999999609e+00 6.261033363101625726e-02
2.370000000000000107e+00 5.345890959197458631e-02
2.429999999999999716e+00 4.539961650023568301e-02
2.490000000000000213e+00 3.821899522010727135e-02
2.549999999999999822e+00 3.222661737769802470e-02
2.609999999999999876e+00 2.704523523930653026e-02
2.669999999999999929e+00 2.262940026295233095e-02
2.729999999999999538e+00 1.903759950675763812e-02
2.790000000000000036e+00 1.574195933149723226e-02
2.849999999999999645e+00 1.307067781491088113e-02
2.910000000000000142e+00 1.083475856111514556e-02
2.969999999999999751e+00 9.007503656105468604e-03
3.030000000000000249e+00 7.361173684605752665e-03
3.089999999999999858e+00 6.073713347864989967e-03
3.149999999999999911e+00 4.935016271484547919e-03
3.209999999999999964e+00 4.048397173844749813e-03
3.269999999999999574e+00 3.306940222583262552e-03
3.330000000000000071e+00 2.710272888667428822e-03
3.389999999999999680e+00 2.199163055910389672e-03
3.450000000000000178e+00 1.809000982411211470e-03
3.509999999999999787e+00 1.429766427202271237e-03
3.569999999999999840e+00 1.172969747381688056e-03
3.629999999999999893e+00 9.388973385510138896e-04
3.689999999999999503e+00 7.462998286855698901e-04
3.750000000000000000e+00 5.992750371441862975e-04
3.809999999999999609e+00 4.887580907997342121e-04
3.870000000000000107e+00 3.941357165138100827e-04
3.929999999999999716e+00 3.149112089095848564e-04
3.989999999999999769e+00 2.407779314178586821e-04
4.049999999999999822e+00 1.950810367495876103e-04
4.109999999999999432e+00 1.619259528462546084e-04
4.169999999999999929e+00 1.257906366819428715e-04
4.230000000000000426e+00 9.747843020269163043e-05
4.290000000000000036e+00 7.947286029263912928e-05
4.349999999999999645e+00 5.823870543320047488e-05
4.410000000000000142e+00 4.408260219357391924e-05
4.469999999999999751e+00 3.439684734540787687e-05
4.529999999999999361e+00 3.104408605181262405e-05
4.589999999999999858e+00 2.284844733413374696e-05
4.650000000000000355e+00 1.924733335212382542e-05
4.709999999999999964e+00 1.341104517438285103e-05
4.769999999999999574e+00 1.303851614176129858e-05
4.830000000000000071e+00 9.934107536580038544e-06
4.889999999999999680e+00 6.208817210362431975e-06
4.949999999999999289e+00 4.470348391461016413e-06
5.009999999999999787e+00 2.856055916766718370e-06
5.070000000000000284e+00 2.731879572559510642e-06
5.129999999999999893e+00 1.986821507315978401e-06
5.189999999999999503e+00 1.365939786279755321e-06
5.250000000000000000e+00 8.692344094507533090e-07
5.309999999999999609e+00 7.450580652434917946e-07
5.369999999999999218e+00 2.483526884145009530e-07
5.429999999999999716e+00 1.117587097865237586e-06
5.490000000000000213e+00 4.967053768290019060e-07
5.549999999999999822e+00 2.483526884144973002e-07
5.609999999999999432e+00 3.725290326217514030e-07
5.669999999999999929e+00 3.725290326217458973e-07
5.730000000000000426e+00 2.483526884145009530e-07
5.789999999999999147e+00 2.483526884145009530e-07
5.849999999999999645e+00 0.000000000000000000e+00
5.910000000000000142e+00 1.241763442072504765e-07
5.969999999999999751e+00 0.000000000000000000e+00
