2.999999999999999889e-02 9.623468065611542888e-02
8.999999999999999667e-02 1.618781461598199634e-01
1.499999999999999944e-01 2.416272994124983864e-01
2.099999999999999922e-01 3.233580587808002060e-01
2.700000000000000178e-01 4.038076907963706885e-01
3.299999999999999600e-01 4.796835354916781924e-01
3.900000000000000133e-01 5.492651296049128051e-01
4.499999999999999556e-01 6.112939458781573299e-01
5.100000000000000089e-01 6.624767034621535933e-01
5.700000000000000622e-01 7.038557385979461456e-01
6.299999999999998934e-01 7.343360642741537658e-01
6.899999999999999467e-01 7.537884129154935886e-01
7.500000000000000000e-01 7.634556655603987885e-01
8.100000000000000533e-01 7.627710813696851888e-01
8.699999999999998845e-01 7.515840344367040737e-01
9.299999999999999378e-01 7.334893057766943558e-01
9.899999999999999911e-01 7.088229165795872921e-01
1.050000000000000044e+00 6.783913922070168301e-01
1.109999999999999876e+00 6.428551024623992971e-01
1.169999999999999929e+00 6.041759094224752324e-01
1.229999999999999982e+00 5.647058372404049065e-01
1.290000000000000036e+00 5.230955857499790529e-01
1.349999999999999867e+00 4.813426556389922006e-01
1.409999999999999920e+00 4.397341426173962398e-01
1.469999999999999973e+00 3.997272560953184506e-01
1.530000000000000027e+00 3.613295708298119302e-01
1.589999999999999858e+00 3.244541633792850654e-01
1.649999999999999911e+00 2.899414592475907382e-01
1.709999999999999964e+00 2.577548264129183031e-01
1.770000000000000018e+00 2.285710259562393210e-01
1.829999999999999849e+00 2.010006487518644080e-01
1.889999999999999902e+00 1.762893077178194490e-01
1.949999999999999956e+00 1.538347475802114284e-01
2.009999999999999787e+00 1.338896672013847877e-01
2.070000000000000284e+00 1.158335573847127514e-01
2.129999999999999893e+00 1.000680044303536298e-01
2.189999999999999947e+00 8.606339622631818675e-02
2.250000000000000000e+00 7.353226453362296522e-02
2.309999999999999609e+00 6.256997678533156304e-02
2.370000000000000107e+00 5.344512641596480679e-02
2.429999999999999716e+00 4.517783788608265710e-02
2.490000000000000213e+00 3.821079986608223733e-02
2.549999999999999822e+00 3.223555831465457072e-02
2.609999999999999876e+00 2.703207274822519782e-02
2.669999999999999929e+00 2.259425852588202097e-02
2.729999999999999538e+00 1.889939137646640815e-02
2.790000000000000036e+00 1.573227369386364163e-02
2.849999999999999645e+00 1.310793081583475073e-02
2.910000000000000142e+00 1.081513877930946436e-02
2.969999999999999751e+00 8.958578243234420480e-03
3.030000000000000249e+00 7.372101257822426430e-03
3.089999999999999858e+00 6.007279048471828899e-03
3.149999999999999911e+00 4.928062432925869180e-03
3.209999999999999964e+00 4.057462077202328259e-03
3.269999999999999574e+00 3.314639180620099039e-03
3.330000000000000071e+00 2.695620100134907878e-03
3.389999999999999680e+00 2.199535601330828739e-03
3.450000000000000178e+00 1.779819554783196789e-03
3.509999999999999787e+00 1.433119199173437134e-03
3.569999999999999840e+00 1.147513605368844425e-03
3.629999999999999893e+00 9.257346529623060750e-04
3.689999999999999503e+00 7.566064708919291275e-04
3.750000000000000000e+00 6.125619105383040084e-04
3.809999999999999609e+00 4.826734535297765374e-04
3.870000000000000107e+00 3.905346054415094253e-04
3.929999999999999716e+00 3.036111638488046046e-04
3.989999999999999769e+00 2.486010429551375350e-04
4.049999999999999822e+00 1.834084617606057753e-04
4.109999999999999432e+00 1.490116141589236146e-04
4.169999999999999929e+00 1.252939322386264175e-04
4.230000000000000426e+00 9.338061153959213581e-05
4.290000000000000036e+00 8.046627164581755982e-05
4.349999999999999645e+00 6.419917043346958321e-05
4.410000000000000142e+00 4.842877460165018086e-05
4.469999999999999751e+00 4.035731216804121316e-05
4.529999999999999361e+00 2.942979379638741572e-05
4.589999999999999858e+00 2.570450344241394385e-05
4.650000000000000355e+00 1.626710121234916246e-05
4.709999999999999964e+00 1.266598720350832035e-05
4.769999999999999574e+00 1.105169471678683548e-05
4.830000000000000071e+00 7.823109743343489633e-06
4.889999999999999680e+00 5.712111876091987146e-06
4.949999999999999289e+00 4.842877460165017069e-06
5.009999999999999787e+00 3.104408628310862616e-06
5.070000000000000284e+00 2.980232283178472564e-06
5.129999999999999893e+00 2.483526902648690432e-06
5.189999999999999503e+00 1.117587106191927000e-06
5.250000000000000000e+00 1.614292486721672498e-06
5.309999999999999609e+00 9.934107610594761727e-07
5.369999999999999218e+00 4.967053805297453920e-07
5.429999999999999716e+00 7.450580707946071295e-07
5.490000000000000213e+00 1.241763451324363480e-07
5.549999999999999822e+00 4.967053805297380863e-07
5.609999999999999432e+00 0.000000000000000000e+00
5.669999999999999929e+00 4.967053805297380863e-07
5.730000000000000426e+00 3.725290353973090705e-07
5.789999999999999147e+00 0.000000000000000000e+00
5.849999999999999645e+00 0.000000000000000000e+00
5.910000000000000142e+00 1.241763451324363480e-07
5.969999999999999751e+00 1.241763451324345216e-07
