2.999999999999999889e-02 9.626709068219499454e-02
8.999999999999999667e-02 1.619379991581737788e-01
1.499999999999999944e-01 2.416313972318877568e-01
2.099999999999999922e-01 3.229637988850047603e-01
2.700000000000000178e-01 4.032344927872393847e-01
3.299999999999999600e-01 4.797312192082090476e-01
3.900000000000000133e-01 5.495039207166024786e-01
4.499999999999999556e-01 6.109087508555565149e-01
5.100000000000000089e-01 6.629861990062320132e-01
5.700000000000000622e-01 7.039466356825830884e-01
6.299999999999998934e-01 7.345683982158964787e-01
6.899999999999999467e-01 7.540747635673690219e-01
7.500000000000000000e-01 7.632347558424081857e-01
8.100000000000000533e-01 7.621485853515362896e-01
8.699999999999998845e-01 7.517097008979779504e-01
9.299999999999999378e-01 7.336447745608001281e-01
9.899999999999999911e-01 7.087358689616495289e-01
1.050000000000000044e+00 6.784204494717778200e-01
1.109999999999999876e+00 6.429786579258062185e-01
1.169999999999999929e+00 6.048690617810044134e-01
1.229999999999999982e+00 5.646682118078297785e-01
1.290000000000000036e+00 5.228517034081390236e-01
1.349999999999999867e+00 4.813461325766559273e-01
1.409999999999999920e+00 4.399110939092099604e-01
1.469999999999999973e+00 3.999929934739019366e-01
1.530000000000000027e+00 3.614782099149354555e-01
1.589999999999999858e+00 3.246448982454084864e-01
1.649999999999999911e+00 2.900842620444930020e-01
1.709999999999999964e+00 2.579044589088029249e-01
1.770000000000000018e+00 2.283250326165319755e-01
1.829999999999999849e+00 2.010754029116341157e-01
1.889999999999999902e+00 1.762036260396780685e-01
1.949999999999999956e+00 1.535991850534952075e-01
2.009999999999999787e+00 1.338278273815088348e-01
2.070000000000000284e+00 1.156128960194124228e-01
2.129999999999999893e+00 9.987404097925675628e-02
2.189999999999999947e+00 8.587253718384964263e-02
2.250000000000000000e+00 7.355958332955209178e-02
2.309999999999999609e+00 6.281559759600351123e-02
2.370000000000000107e+00 5.334826886676151403e-02
2.429999999999999716e+00 4.497158097681768635e-02
2.490000000000000213e+00 3.826903857194934727e-02
2.549999999999999822e+00 3.215894150970786264e-02
2.609999999999999876e+00 2.699531655006600153e-02
2.669999999999999929e+00 2.258370353654576626e-02
2.729999999999999538e+00 1.889864631839561354e-02
2.790000000000000036e+00 1.573202534117337445e-02
2.849999999999999645e+00 1.300709962358721425e-02
2.910000000000000142e+00 1.085686203127396270e-02
2.969999999999999751e+00 8.982792630535245404e-03
3.030000000000000249e+00 7.353350629707428379e-03
3.089999999999999858e+00 6.054341883277022246e-03
3.149999999999999911e+00 4.952649349262091411e-03
3.209999999999999964e+00 4.054730197609413521e-03
3.269999999999999574e+00 3.346800854009399692e-03
3.330000000000000071e+00 2.695992629170305185e-03
3.389999999999999680e+00 2.201274070162682547e-03
3.450000000000000178e+00 1.767774449305350689e-03
3.509999999999999787e+00 1.426165323846020818e-03
3.569999999999999840e+00 1.155833420492717459e-03
3.629999999999999893e+00 9.619941457409773161e-04
3.689999999999999503e+00 7.554888837857372079e-04
3.750000000000000000e+00 6.033728609985037445e-04
3.809999999999999609e+00 4.837910406359684570e-04
3.870000000000000107e+00 3.915280162025689455e-04
3.929999999999999716e+00 3.104408628310885757e-04
3.989999999999999769e+00 2.416471676277211103e-04
4.049999999999999822e+00 2.015382081499412061e-04
4.109999999999999432e+00 1.647820099907430238e-04
4.169999999999999929e+00 1.274049301058778031e-04
4.230000000000000426e+00 1.039356008758492264e-04
4.290000000000000036e+00 7.587174687591748210e-05
4.349999999999999645e+00 5.836288221224507811e-05
4.410000000000000142e+00 5.029141977863672028e-05
4.469999999999999751e+00 3.774960892026008779e-05
4.529999999999999361e+00 2.918144110612253905e-05
4.589999999999999858e+00 2.570450344241394385e-05
4.650000000000000355e+00 1.577039583181941591e-05
4.709999999999999964e+00 1.738468831854083133e-05
4.769999999999999574e+00 1.154840009731658034e-05
4.830000000000000071e+00 9.934107610594909111e-06
4.889999999999999680e+00 7.078051672548767307e-06
4.949999999999999289e+00 4.718701115032581277e-06
5.009999999999999787e+00 4.470348424767641930e-06
5.070000000000000284e+00 3.104408628310908356e-06
5.129999999999999893e+00 2.731879592913559051e-06
5.189999999999999503e+00 2.359350557516290639e-06
5.250000000000000000e+00 1.738468831854108713e-06
5.309999999999999609e+00 1.241763451324345216e-06
5.369999999999999218e+00 1.241763451324363639e-06
5.429999999999999716e+00 7.450580707946071295e-07
5.490000000000000213e+00 2.483526902648726960e-07
5.549999999999999822e+00 3.725290353973035648e-07
5.609999999999999432e+00 0.000000000000000000e+00
5.669999999999999929e+00 6.208817256621726079e-07
5.730000000000000426e+00 4.967053805297453920e-07
5.789999999999999147e+00 0.000000000000000000e+00
5.849999999999999645e+00 3.725290353973035648e-07
5.910000000000000142e+00 0.000000000000000000e+00
5.969999999999999751e+00 0.000000000000000000e+00
