2.999999999999999889e-02 9.628832483721264102e-02
8.999999999999999667e-02 1.621354395469343512e-01
1.499999999999999944e-01 2.418710575779933480e-01
2.099999999999999922e-01 3.232792068016410725e-01
2.700000000000000178e-01 4.038993329390784259e-01
3.299999999999999600e-01 4.798238547616778260e-01
3.900000000000000133e-01 5.495833935774872003e-01
4.499999999999999556e-01 6.112484973358388585e-01
5.100000000000000089e-01 6.627193440405424463e-01
5.700000000000000622e-01 7.041029737011047507e-01
6.299999999999998934e-01 7.345963378935512766e-01
6.899999999999999467e-01 7.538584483741482822e-01
7.500000000000000000e-01 7.627954199333296659e-01
8.100000000000000533e-01 7.622504099545447387e-01
8.699999999999998845e-01 7.513110948301028325e-01
9.299999999999999378e-01 7.334193944943847576e-01
9.899999999999999911e-01 7.086680686772072191e-01
1.050000000000000044e+00 6.779581409388497626e-01
1.109999999999999876e+00 6.422324822679054135e-01
1.169999999999999929e+00 6.046871434353854324e-01
1.229999999999999982e+00 5.642420385913352598e-01
1.290000000000000036e+00 5.227861382979090976e-01
1.349999999999999867e+00 4.813242775399125817e-01
1.409999999999999920e+00 4.399747963742628998e-01
1.469999999999999973e+00 3.995689312552745953e-01
1.530000000000000027e+00 3.615633948876963433e-01
1.589999999999999858e+00 3.248835651807530644e-01
1.649999999999999911e+00 2.903265300938464022e-01
1.709999999999999964e+00 2.577396768988122200e-01
1.770000000000000018e+00 2.283173336831337552e-01
1.829999999999999849e+00 2.011505296004392207e-01
1.889999999999999902e+00 1.761852479405985050e-01
1.949999999999999956e+00 1.537643395925213374e-01
2.009999999999999787e+00 1.339520037266412611e-01
2.070000000000000284e+00 1.161479718905880781e-01
2.129999999999999893e+00 9.992656757324777650e-02
2.189999999999999947e+00 8.589749662922126217e-02
2.250000000000000000e+00 7.342559705315421237e-02
2.309999999999999609e+00 6.285632743720696858e-02
2.370000000000000107e+00 5.333758970108012226e-02
2.429999999999999716e+00 4.523110953814447194e-02
2.490000000000000213e+00 3.816609638183456055e-02
2.549999999999999822e+00 3.232024658203489637e-02
2.609999999999999876e+00 2.701145947493321584e-02
2.669999999999999929e+00 2.267037862544820856e-02
2.729999999999999538e+00 1.898780493420069992e-02
2.790000000000000036e+00 1.568906032575755408e-02
2.849999999999999645e+00 1.302448431190575406e-02
2.910000000000000142e+00 1.083798722681383019e-02
2.969999999999999751e+00 8.935729795730052924e-03
3.030000000000000249e+00 7.379427662185239836e-03
3.089999999999999858e+00 6.095816782551255128e-03
3.149999999999999911e+00 4.951531762155899491e-03
3.209999999999999964e+00 4.079937995671298508e-03
3.269999999999999574e+00 3.316377649451952847e-03
3.330000000000000071e+00 2.677987059126102614e-03
3.389999999999999680e+00 2.180164091490168800e-03
3.450000000000000178e+00 1.779943731128329513e-03
3.509999999999999787e+00 1.431256553996450602e-03
3.569999999999999840e+00 1.162538943129869193e-03
3.629999999999999893e+00 9.379039347852847911e-04
3.689999999999999503e+00 7.436921309981557983e-04
3.750000000000000000e+00 6.028761556179740386e-04
3.809999999999999609e+00 4.810591610430548035e-04
3.870000000000000107e+00 3.855675516362120411e-04
3.929999999999999716e+00 3.028661057780099915e-04
3.989999999999999769e+00 2.517054515834484950e-04
4.049999999999999822e+00 1.865128703889166269e-04
4.109999999999999432e+00 1.574556056279292925e-04
4.169999999999999929e+00 1.251697558934939910e-04
4.230000000000000426e+00 1.005828395572734406e-04
4.290000000000000036e+00 7.810692108830130773e-05
4.349999999999999645e+00 6.246070160161549059e-05
4.410000000000000142e+00 5.178153592022595995e-05
4.469999999999999751e+00 4.234413369016017228e-05
4.529999999999999361e+00 2.942979379638741572e-05
4.589999999999999858e+00 2.284844750436794858e-05
4.650000000000000355e+00 1.614292486721672243e-05
4.709999999999999964e+00 1.279016354864075361e-05
4.769999999999999574e+00 1.179675278758145362e-05
4.830000000000000071e+00 8.195638778740799550e-06
4.889999999999999680e+00 5.836288221224422091e-06
4.949999999999999289e+00 5.339582840694762779e-06
5.009999999999999787e+00 4.097819389370338789e-06
5.070000000000000284e+00 1.986821522118981568e-06
5.129999999999999893e+00 2.359350557516255487e-06
5.189999999999999503e+00 1.738468831854108713e-06
5.250000000000000000e+00 1.241763451324363639e-06
5.309999999999999609e+00 1.365939796456779526e-06
5.369999999999999218e+00 9.934107610594907840e-07
5.429999999999999716e+00 4.967053805297380863e-07
5.490000000000000213e+00 4.967053805297453920e-07
5.549999999999999822e+00 2.483526902648690432e-07
5.609999999999999432e+00 7.450580707946181409e-07
5.669999999999999929e+00 0.000000000000000000e+00
5.730000000000000426e+00 2.483526902648726960e-07
5.789999999999999147e+00 0.000000000000000000e+00
5.849999999999999645e+00 0.000000000000000000e+00
5.910000000000000142e+00 1.241763451324363480e-07
5.969999999999999751e+00 0.000000000000000000e+00
