2.999999999999999889e-02 9.627652880174110417e-02
8.999999999999999667e-02 1.615444855240493471e-01
1.499999999999999944e-01 2.416814420996432067e-01
2.099999999999999922e-01 3.234920474674017332e-01
2.700000000000000178e-01 4.036378205635656746e-01
3.299999999999999600e-01 4.798936454431285692e-01
3.900000000000000133e-01 5.494515223926894620e-01
4.499999999999999556e-01 6.112677492236340271e-01
5.100000000000000089e-01 6.628777979957559685e-01
5.700000000000000622e-01 7.042337366394795239e-01
6.299999999999998934e-01 7.348080640367489202e-01
6.899999999999999467e-01 7.537755041916649468e-01
7.500000000000000000e-01 7.631457270888269973e-01
8.100000000000000533e-01 7.620794248052316089e-01
8.699999999999998845e-01 7.511747547998355312e-01
9.299999999999999378e-01 7.339344834422322217e-01
9.899999999999999911e-01 7.084282894329586577e-01
1.050000000000000044e+00 6.781747095375560974e-01
1.109999999999999876e+00 6.429283712962172714e-01
1.169999999999999929e+00 6.046091651953316992e-01
1.229999999999999982e+00 5.642915891573432319e-01
1.290000000000000036e+00 5.229801056455113395e-01
1.349999999999999867e+00 4.811565188825341344e-01
1.409999999999999920e+00 4.398514925406954434e-01
1.469999999999999973e+00 3.996085464866876436e-01
1.530000000000000027e+00 3.612897129148425757e-01
1.589999999999999858e+00 3.246856305057084779e-01
1.649999999999999911e+00 2.901898140999382703e-01
1.709999999999999964e+00 2.581931708349248789e-01
1.770000000000000018e+00 2.282400976969826689e-01
1.829999999999999849e+00 2.010720516484190978e-01
1.889999999999999902e+00 1.761056522154579584e-01
1.949999999999999956e+00 1.539250249299535522e-01
2.009999999999999787e+00 1.338774989170269103e-01
2.070000000000000284e+00 1.158145592667932100e-01
2.129999999999999893e+00 9.977693582075930490e-02
2.189999999999999947e+00 8.592518859437833778e-02
2.250000000000000000e+00 7.352655296956239761e-02
2.309999999999999609e+00 6.285533449475463885e-02
2.370000000000000107e+00 5.339011669285851497e-02
2.429999999999999716e+00 4.532076519699610589e-02
2.490000000000000213e+00 3.821278697231180604e-02
2.549999999999999822e+00 3.216651650642016885e-02
2.609999999999999876e+00 2.699817280715611015e-02
2.669999999999999929e+00 2.262480607535254443e-02
2.729999999999999538e+00 1.886213861346056411e-02
2.790000000000000036e+00 1.573860680472715518e-02
2.849999999999999645e+00 1.309104293043261182e-02
2.910000000000000142e+00 1.088740949329406425e-02
2.969999999999999751e+00 8.949140907680654122e-03
3.030000000000000249e+00 7.373839781593668347e-03
3.089999999999999858e+00 6.078307963174506105e-03
3.149999999999999911e+00 4.951531799047686859e-03
3.209999999999999964e+00 4.099185359708136522e-03
3.269999999999999574e+00 3.319357906466275515e-03
3.330000000000000071e+00 2.685065130803945734e-03
3.389999999999999680e+00 2.172961879662315809e-03
3.450000000000000178e+00 1.760323881712839728e-03
3.509999999999999787e+00 1.430884035621970323e-03
3.569999999999999840e+00 1.138821269694453549e-03
3.629999999999999893e+00 9.220093694778381914e-04
3.689999999999999503e+00 7.530053624934155516e-04
3.750000000000000000e+00 5.996475751122533121e-04
3.809999999999999609e+00 4.886339217367398130e-04
3.870000000000000107e+00 3.876785523918937527e-04
3.929999999999999716e+00 3.023694026503079301e-04
3.989999999999999769e+00 2.432614619268819319e-04
4.049999999999999822e+00 2.011656806133450370e-04
4.109999999999999432e+00 1.533577873811634593e-04
4.169999999999999929e+00 1.199543502916613022e-04
4.230000000000000426e+00 9.760260800129108300e-05
4.290000000000000036e+00 7.823109801630084923e-05
4.349999999999999645e+00 6.382664187361782363e-05
4.410000000000000142e+00 4.631777707949308938e-05
4.469999999999999751e+00 3.824631458574708636e-05
4.529999999999999361e+00 3.091991016834793639e-05
4.589999999999999858e+00 2.371768209700549524e-05
4.650000000000000355e+00 1.899898094681620416e-05
4.709999999999999964e+00 1.440445614268396581e-05
4.769999999999999574e+00 1.117587114518600066e-05
4.830000000000000071e+00 9.313225954321668342e-06
4.889999999999999680e+00 6.705522687111501121e-06
4.949999999999999289e+00 4.470348458074400431e-06
5.009999999999999787e+00 4.594524804131954597e-06
5.070000000000000284e+00 4.470348458074400431e-06
5.129999999999999893e+00 2.110997882979546524e-06
5.189999999999999503e+00 2.110997882979577864e-06
5.250000000000000000e+00 1.365939806633844600e-06
5.309999999999999609e+00 1.365939806633824271e-06
5.369999999999999218e+00 9.934107684609777560e-07
5.429999999999999716e+00 7.450580763457224644e-07
5.490000000000000213e+00 6.208817302881112299e-07
5.549999999999999822e+00 0.000000000000000000e+00
5.609999999999999432e+00 2.483526921152444390e-07
5.669999999999999929e+00 0.000000000000000000e+00
5.730000000000000426e+00 2.483526921152444390e-07
5.789999999999999147e+00 1.241763460576222195e-07
5.849999999999999645e+00 0.000000000000000000e+00
5.910000000000000142e+00 0.000000000000000000e+00
5.969999999999999751e+00 1.241763460576203931e-07
