2.999999999999999889e-02 9.611956846803104693e-02
8.999999999999999667e-02 1.618398986397179551e-01
1.499999999999999944e-01 2.418488282103004039e-01
2.099999999999999922e-01 3.231469565864425464e-01
2.700000000000000178e-01 4.036050319940226450e-01
3.299999999999999600e-01 4.799046899867904226e-01
3.900000000000000133e-01 5.496254852634581134e-01
4.499999999999999556e-01 6.111454264159904559e-01
5.100000000000000089e-01 6.625254998295909692e-01
5.700000000000000622e-01 7.040993673411468645e-01
6.299999999999998934e-01 7.347881848721822262e-01
6.899999999999999467e-01 7.541513747534499545e-01
7.500000000000000000e-01 7.632027126590605892e-01
8.100000000000000533e-01 7.620636430536489314e-01
8.699999999999998845e-01 7.519575512803419182e-01
9.299999999999999378e-01 7.340406432800533620e-01
9.899999999999999911e-01 7.082258714354966456e-01
1.050000000000000044e+00 6.780887694017739831e-01
1.109999999999999876e+00 6.426341879564108073e-01
1.169999999999999929e+00 6.042939966243550121e-01
1.229999999999999982e+00 5.643442315186869562e-01
1.290000000000000036e+00 5.226768592199463326e-01
1.349999999999999867e+00 4.815569804228116424e-01
1.409999999999999920e+00 4.402377985932261484e-01
1.469999999999999973e+00 4.000504841410897905e-01
1.530000000000000027e+00 3.613350318968419628e-01
1.589999999999999858e+00 3.243514671252538117e-01
1.649999999999999911e+00 2.898752710958960033e-01
1.709999999999999964e+00 2.576084205826748574e-01
1.770000000000000018e+00 2.280996508506417664e-01
1.829999999999999849e+00 2.012636527513237961e-01
1.889999999999999902e+00 1.761374387353963067e-01
1.949999999999999956e+00 1.540911705848412305e-01
2.009999999999999787e+00 1.336763312444809726e-01
2.070000000000000284e+00 1.158465950378272519e-01
2.129999999999999893e+00 9.986162260071643204e-02
2.189999999999999947e+00 8.582870229454421518e-02
2.250000000000000000e+00 7.359360709980328208e-02
2.309999999999999609e+00 6.283186422908199065e-02
2.370000000000000107e+00 5.342091163064716791e-02
2.429999999999999716e+00 4.524129166137143970e-02
2.490000000000000213e+00 3.831833629547306413e-02
2.549999999999999822e+00 3.221184039273736199e-02
2.609999999999999876e+00 2.709912777269248008e-02
2.669999999999999929e+00 2.264517065866665166e-02
2.729999999999999538e+00 1.890460664211167374e-02
2.790000000000000036e+00 1.573363951643535000e-02
2.849999999999999645e+00 1.300697535033256205e-02
2.910000000000000142e+00 1.084928719338739377e-02
2.969999999999999751e+00 8.964041935632931224e-03
3.030000000000000249e+00 7.387374893233483210e-03
3.089999999999999858e+00 6.019448285446421867e-03
3.149999999999999911e+00 4.917507406951325717e-03
3.209999999999999964e+00 4.109119406162094895e-03
3.269999999999999574e+00 3.329912846261604172e-03
3.330000000000000071e+00 2.706299245652796833e-03
3.389999999999999680e+00 2.208103752693311647e-03
3.450000000000000178e+00 1.780688775931958548e-03
3.509999999999999787e+00 1.414244384176365247e-03
3.569999999999999840e+00 1.162787287156693368e-03
3.629999999999999893e+00 9.396423966162573875e-04
3.689999999999999503e+00 7.523844695517250148e-04
3.750000000000000000e+00 6.123135532859475113e-04
3.809999999999999609e+00 4.773338671326672980e-04
3.870000000000000107e+00 3.870576648939968523e-04
3.929999999999999716e+00 3.096958024528803709e-04
3.989999999999999769e+00 2.484768647587081878e-04
4.049999999999999822e+00 2.020349120251935368e-04
4.109999999999999432e+00 1.568347227337573454e-04
4.169999999999999929e+00 1.276532818450515892e-04
4.230000000000000426e+00 9.549160869537560883e-05
4.290000000000000036e+00 7.177392695178971837e-05
4.349999999999999645e+00 6.047387962893098224e-05
4.410000000000000142e+00 4.321336778412316487e-05
4.469999999999999751e+00 3.725290326217458507e-05
4.529999999999999361e+00 3.029902798656911595e-05
4.589999999999999858e+00 2.284844733413374696e-05
4.650000000000000355e+00 1.862645163108757036e-05
4.709999999999999964e+00 1.477698496066258708e-05
4.769999999999999574e+00 1.254181076493229826e-05
4.830000000000000071e+00 9.064873127129285870e-06
4.889999999999999680e+00 7.450580652434917523e-06
4.949999999999999289e+00 4.842877424082767922e-06
5.009999999999999787e+00 4.718701079875447962e-06
5.070000000000000284e+00 3.228584949388512230e-06
5.129999999999999893e+00 3.104408605181215987e-06
5.189999999999999503e+00 1.614292474694256115e-06
5.250000000000000000e+00 2.359350539937759133e-06
5.309999999999999609e+00 1.241763442072486395e-06
5.369999999999999218e+00 6.208817210362524090e-07
5.429999999999999716e+00 7.450580652434917946e-07
5.490000000000000213e+00 4.967053768290019060e-07
5.549999999999999822e+00 2.483526884144973002e-07
5.609999999999999432e+00 2.483526884145009530e-07
5.669999999999999929e+00 1.241763442072486501e-07
5.730000000000000426e+00 2.483526884145009530e-07
5.789999999999999147e+00 0.000000000000000000e+00
5.849999999999999645e+00 0.000000000000000000e+00
5.910000000000000142e+00 0.000000000000000000e+00
5.969999999999999751e+00 0.000000000000000000e+00
