2.999999999999999889e-02 9.652450752649088805e-02
8.999999999999999667e-02 1.619953674226654039e-01
1.499999999999999944e-01 2.416824319090627171e-01
2.099999999999999922e-01 3.234360391157570236e-01
2.700000000000000178e-01 4.037418743253390896e-01
3.299999999999999600e-01 4.804699407056218230e-01
3.900000000000000133e-01 5.496341776075525098e-01
4.499999999999999556e-01 6.110520458051467152e-01
5.100000000000000089e-01 6.627365996147432936e-01
5.700000000000000622e-01 7.037633461537220469e-01
6.299999999999998934e-01 7.348018442700451347e-01
6.899999999999999467e-01 7.539798872220998538e-01
7.500000000000000000e-01 7.627160655661124888e-01
8.100000000000000533e-01 7.619431919997678992e-01
8.699999999999998845e-01 7.517417327941097183e-01
9.299999999999999378e-01 7.339959397961387522e-01
9.899999999999999911e-01 7.080602201923241745e-01
1.050000000000000044e+00 6.777763417197485429e-01
1.109999999999999876e+00 6.425079006143520344e-01
1.169999999999999929e+00 6.041205222714974843e-01
1.229999999999999982e+00 5.641338767915999863e-01
1.290000000000000036e+00 5.229990968331641454e-01
1.349999999999999867e+00 4.813091244397739721e-01
1.409999999999999920e+00 4.401769521845645960e-01
1.469999999999999973e+00 3.998441030570173416e-01
1.530000000000000027e+00 3.612392919354581733e-01
1.589999999999999858e+00 3.244392598006082817e-01
1.649999999999999911e+00 2.901549162230507850e-01
1.709999999999999964e+00 2.576864033268370657e-01
1.770000000000000018e+00 2.283768124509123476e-01
1.829999999999999849e+00 2.008677785659910842e-01
1.889999999999999902e+00 1.763911310066117177e-01
1.949999999999999956e+00 1.540520550364159469e-01
2.009999999999999787e+00 1.336734751885642059e-01
2.070000000000000284e+00 1.159807054895710815e-01
2.129999999999999893e+00 9.997524395566606548e-02
2.189999999999999947e+00 8.594480717637799361e-02
2.250000000000000000e+00 7.373876924618154305e-02
2.309999999999999609e+00 6.275276389782198649e-02
2.370000000000000107e+00 5.333274642626002066e-02
2.429999999999999716e+00 4.534783496470125991e-02
2.490000000000000213e+00 3.836974530197486549e-02
2.549999999999999822e+00 3.230236494766444699e-02
2.609999999999999876e+00 2.706063310598822921e-02
2.669999999999999929e+00 2.267671145009529307e-02
2.729999999999999538e+00 1.891888692169550398e-02
2.790000000000000036e+00 1.582180472082249378e-02
2.849999999999999645e+00 1.302734027078254926e-02
2.910000000000000142e+00 1.083835967509715406e-02
2.969999999999999751e+00 8.904188937725035155e-03
3.030000000000000249e+00 7.335717534043267353e-03
3.089999999999999858e+00 6.069988057538772477e-03
3.149999999999999911e+00 4.977360404859220051e-03
3.209999999999999964e+00 4.048521350188957930e-03
3.269999999999999574e+00 3.325194145181728251e-03
3.330000000000000071e+00 2.707292656406454830e-03
3.389999999999999680e+00 2.187738832243322704e-03
3.450000000000000178e+00 1.759578797416726107e-03
3.509999999999999787e+00 1.438086242264156964e-03
3.569999999999999840e+00 1.174708216200589551e-03
3.629999999999999893e+00 9.272247621955323135e-04
3.689999999999999503e+00 7.503976480444091287e-04
3.750000000000000000e+00 6.002684478978444031e-04
3.809999999999999609e+00 4.762162800348020511e-04
3.870000000000000107e+00 3.822147874699141157e-04
3.929999999999999716e+00 3.134210927790978605e-04
3.989999999999999769e+00 2.494702755123662393e-04
4.049999999999999822e+00 1.973162109453180770e-04
4.109999999999999432e+00 1.523643743422963307e-04
4.169999999999999929e+00 1.231829334535906558e-04
4.230000000000000426e+00 9.723007751427711757e-05
4.290000000000000036e+00 7.748603878532314834e-05
4.349999999999999645e+00 6.059805597313823190e-05
4.410000000000000142e+00 4.520018929143917292e-05
4.469999999999999751e+00 3.750125595058908439e-05
4.529999999999999361e+00 2.781550110242410589e-05
4.589999999999999858e+00 2.346932905516999185e-05
4.650000000000000355e+00 1.949568604053832473e-05
4.709999999999999964e+00 1.564621937011332790e-05
4.769999999999999574e+00 1.390775055121205294e-05
4.830000000000000071e+00 7.326404308227777981e-06
4.889999999999999680e+00 6.332993554569679937e-06
4.949999999999999289e+00 4.594524735668267763e-06
5.009999999999999787e+00 4.470348391460950344e-06
5.070000000000000284e+00 3.352761293595762733e-06
5.129999999999999893e+00 1.986821507315978401e-06
5.189999999999999503e+00 1.614292474694256115e-06
5.250000000000000000e+00 7.450580652435028061e-07
5.309999999999999609e+00 9.934107536579892007e-07
5.369999999999999218e+00 1.117587097865254103e-06
5.429999999999999716e+00 2.483526884144973002e-07
5.490000000000000213e+00 2.483526884145009530e-07
5.549999999999999822e+00 2.483526884144973002e-07
5.609999999999999432e+00 6.208817210362524090e-07
5.669999999999999929e+00 2.483526884144973002e-07
5.730000000000000426e+00 3.725290326217514030e-07
5.789999999999999147e+00 1.241763442072504765e-07
5.849999999999999645e+00 1.241763442072486501e-07
5.910000000000000142e+00 0.000000000000000000e+00
5.969999999999999751e+00 1.241763442072486501e-07
