2.999999999999999889e-02 9.618289912019520327e-02
8.999999999999999667e-02 1.617693676814839499e-01
1.499999999999999944e-01 2.413804368383750953e-01
2.099999999999999922e-01 3.234624910870565473e-01
2.700000000000000178e-01 4.035856634912738938e-01
3.299999999999999600e-01 4.800748151551904597e-01
3.900000000000000133e-01 5.493021341557622339e-01
4.499999999999999556e-01 6.109234036642819943e-01
5.100000000000000089e-01 6.625723192479056056e-01
5.700000000000000622e-01 7.046652441918644927e-01
6.299999999999998934e-01 7.343830029326138265e-01
6.899999999999999467e-01 7.546330604150843779e-01
7.500000000000000000e-01 7.632820670299036436e-01
8.100000000000000533e-01 7.622659319976864412e-01
8.699999999999998845e-01 7.517082107818363612e-01
9.299999999999999378e-01 7.335374861986057038e-01
9.899999999999999911e-01 7.084831700993049486e-01
1.050000000000000044e+00 6.777162454185318152e-01
1.109999999999999876e+00 6.426750467619574136e-01
1.169999999999999929e+00 6.049245686072786121e-01
1.229999999999999982e+00 5.643822336849897425e-01
1.290000000000000036e+00 5.228601473996079552e-01
1.349999999999999867e+00 4.811508031857625878e-01
1.409999999999999920e+00 4.396564082253433536e-01
1.469999999999999973e+00 4.000146001579549804e-01
1.530000000000000027e+00 3.615991576750944847e-01
1.589999999999999858e+00 3.247643558894259264e-01
1.649999999999999911e+00 2.901241226512805138e-01
1.709999999999999964e+00 2.581287213881121034e-01
1.770000000000000018e+00 2.280129774612141558e-01
1.829999999999999849e+00 2.009809047129883508e-01
1.889999999999999902e+00 1.762669559756956106e-01
1.949999999999999956e+00 1.536046488126810439e-01
2.009999999999999787e+00 1.337560534540222779e-01
2.070000000000000284e+00 1.157395558914475070e-01
2.129999999999999893e+00 1.000363394623448587e-01
2.189999999999999947e+00 8.571458487284118466e-02
2.250000000000000000e+00 7.345577190502139420e-02
2.309999999999999609e+00 6.272792909634002101e-02
2.370000000000000107e+00 5.341147462643391908e-02
2.429999999999999716e+00 4.521794684556042915e-02
2.490000000000000213e+00 3.824817694596709811e-02
2.549999999999999822e+00 3.228696732153939902e-02
2.609999999999999876e+00 2.711365660697721142e-02
2.669999999999999929e+00 2.260965639267844760e-02
2.729999999999999538e+00 1.896383889959014218e-02
2.790000000000000036e+00 1.575152102735917145e-02
2.849999999999999645e+00 1.305950204123310088e-02
2.910000000000000142e+00 1.083140588052181226e-02
2.969999999999999751e+00 8.928279215022106793e-03
3.030000000000000249e+00 7.353350629707428379e-03
3.089999999999999858e+00 6.052355061754902121e-03
3.149999999999999911e+00 4.994993482952252498e-03
3.209999999999999964e+00 4.062925836388154265e-03
3.269999999999999574e+00 3.325194169956355913e-03
3.330000000000000071e+00 2.713377317488846734e-03
3.389999999999999680e+00 2.169981631189309233e-03
3.450000000000000178e+00 1.796831714066340598e-03
3.509999999999999787e+00 1.432498317447775029e-03
3.569999999999999840e+00 1.162042237749339379e-03
3.629999999999999893e+00 9.405116380330659368e-04
3.689999999999999503e+00 7.553647074406047001e-04
3.750000000000000000e+00 6.201366675913825384e-04
3.809999999999999609e+00 4.856536858129549897e-04
3.870000000000000107e+00 3.851950226008147345e-04
3.929999999999999716e+00 3.048529273001289778e-04
3.989999999999999769e+00 2.437581654949725501e-04
4.049999999999999822e+00 2.056360275393115508e-04
4.109999999999999432e+00 1.526127281677642806e-04
4.169999999999999929e+00 1.203268784333290332e-04
4.230000000000000426e+00 1.049290116369087060e-04
4.290000000000000036e+00 7.748603936263913469e-05
4.349999999999999645e+00 5.836288221224507811e-05
4.410000000000000142e+00 4.842877460165018086e-05
4.469999999999999751e+00 3.787378526539252781e-05
4.529999999999999361e+00 3.340343684062537123e-05
4.589999999999999858e+00 2.160668405304360252e-05
4.650000000000000355e+00 1.626710121234916246e-05
4.709999999999999964e+00 1.514951410615700909e-05
4.769999999999999574e+00 1.092751837165439884e-05
4.830000000000000071e+00 8.568167814138107774e-06
4.889999999999999680e+00 6.581346292019028374e-06
4.949999999999999289e+00 6.457169946886689990e-06
5.009999999999999787e+00 3.476937663708166181e-06
5.070000000000000284e+00 2.731879592913599709e-06
5.129999999999999893e+00 2.731879592913559051e-06
5.189999999999999503e+00 1.986821522118981568e-06
5.250000000000000000e+00 1.117587106191927000e-06
5.309999999999999609e+00 9.934107610594761727e-07
5.369999999999999218e+00 1.117587106191927000e-06
5.429999999999999716e+00 6.208817256621726079e-07
5.490000000000000213e+00 6.208817256621818194e-07
5.549999999999999822e+00 3.725290353973035648e-07
5.609999999999999432e+00 3.725290353973090705e-07
5.669999999999999929e+00 1.241763451324345216e-07
5.730000000000000426e+00 2.483526902648726960e-07
5.789999999999999147e+00 0.000000000000000000e+00
5.849999999999999645e+00 0.000000000000000000e+00
5.910000000000000142e+00 1.241763451324363480e-07
5.969999999999999751e+00 1.241763451324345216e-07
