2.999999999999999889e-02 9.611509740352630615e-02
8.999999999999999667e-02 1.619758705298106061e-01
1.499999999999999944e-01 2.416913708051045828e-01
2.099999999999999922e-01 3.234768907229105817e-01
2.700000000000000178e-01 4.038304090499877930e-01
3.299999999999999600e-01 4.798933863639831543e-01
3.900000000000000133e-01 5.496298273404439660e-01
4.499999999999999556e-01 6.110330422719320032e-01
5.100000000000000089e-01 6.624775628248844583e-01
5.700000000000000622e-01 7.041251907746003402e-01
6.299999999999998934e-01 7.344459493954983431e-01
6.899999999999999467e-01 7.542197902997328507e-01
7.500000000000000000e-01 7.629860192537301078e-01
8.100000000000000533e-01 7.620342075824745320e-01
8.699999999999998845e-01 7.516798873742428500e-01
9.299999999999999378e-01 7.332507520914071097e-01
9.899999999999999911e-01 7.087342441081994071e-01
1.050000000000000044e+00 6.781754394372297989e-01
1.109999999999999876e+00 6.432975331942258901e-01
1.169999999999999929e+00 6.043790529171619852e-01
1.229999999999999982e+00 5.639247596263879947e-01
1.290000000000000036e+00 5.232272048791264396e-01
1.349999999999999867e+00 4.807535558938975662e-01
1.409999999999999920e+00 4.400160163640972066e-01
1.469999999999999973e+00 4.000766823689139162e-01
1.530000000000000027e+00 3.615966687599814766e-01
1.589999999999999858e+00 3.246011833349872755e-01
1.649999999999999911e+00 2.899679044882453871e-01
1.709999999999999964e+00 2.579490343729652913e-01
1.770000000000000018e+00 2.281568944454199499e-01
1.829999999999999849e+00 2.010474602381386589e-01
1.889999999999999902e+00 1.761823892593382124e-01
1.949999999999999956e+00 1.537065953016279740e-01
2.009999999999999787e+00 1.338525364796319395e-01
2.070000000000000284e+00 1.156754791736601812e-01
2.129999999999999893e+00 1.000270247459410788e-01
2.189999999999999947e+00 8.606885870297806274e-02
2.250000000000000000e+00 7.358243068059279468e-02
2.309999999999999609e+00 6.273525456587468463e-02
2.370000000000000107e+00 5.350386102994278414e-02
2.429999999999999716e+00 4.533243676026658259e-02
2.490000000000000213e+00 3.831398983796434343e-02
2.549999999999999822e+00 3.220600386460619607e-02
2.609999999999999876e+00 2.709192534287788168e-02
2.669999999999999929e+00 2.257525920867917840e-02
2.729999999999999538e+00 1.894918580849963563e-02
2.790000000000000036e+00 1.564684013525643666e-02
2.849999999999999645e+00 1.306881507237751122e-02
2.910000000000000142e+00 1.081563532352446469e-02
2.969999999999999751e+00 8.914992213249197869e-03
3.030000000000000249e+00 7.347141702969862617e-03
3.089999999999999858e+00 6.073092420895888875e-03
3.149999999999999911e+00 4.960224032402070667e-03
3.209999999999999964e+00 4.071866472562150376e-03
3.269999999999999574e+00 3.292908271153765012e-03
3.330000000000000071e+00 2.717599272727963707e-03
3.389999999999999680e+00 2.180784940719602757e-03
3.450000000000000178e+00 1.767029364903766313e-03
3.509999999999999787e+00 1.452366511027017000e-03
3.569999999999999840e+00 1.139690478642789093e-03
3.629999999999999893e+00 9.269764026006054513e-04
3.689999999999999503e+00 7.455547650655104533e-04
3.750000000000000000e+00 6.089607874552403072e-04
3.809999999999999609e+00 4.896273215611771741e-04
3.870000000000000107e+00 3.941357135772701826e-04
3.929999999999999716e+00 3.026177485783891966e-04
3.989999999999999769e+00 2.452482779820776173e-04
4.049999999999999822e+00 1.961986223856591720e-04
4.109999999999999432e+00 1.582006613413503048e-04
4.169999999999999929e+00 1.259148120880116382e-04
4.230000000000000426e+00 1.024454832077033008e-04
4.290000000000000036e+00 8.021791776021254755e-05
4.349999999999999645e+00 5.948046843210895196e-05
4.410000000000000142e+00 4.681448141733835606e-05
4.469999999999999751e+00 3.290673096974663198e-05
4.529999999999999361e+00 2.880891164143899069e-05
4.589999999999999858e+00 2.185503641764304734e-05
4.650000000000000355e+00 1.763304074605317396e-05
4.709999999999999964e+00 1.428027947743721922e-05
4.769999999999999574e+00 9.561578432718974876e-06
4.830000000000000071e+00 1.043081283569342714e-05
4.889999999999999680e+00 5.463759104410761834e-06
4.949999999999999289e+00 3.849466641744002993e-06
5.009999999999999787e+00 4.594524701436322278e-06
5.070000000000000284e+00 3.104408582051615099e-06
5.129999999999999893e+00 3.228584925333632031e-06
5.189999999999999503e+00 6.208817164103231044e-07
5.250000000000000000e+00 1.117587089538581419e-06
5.309999999999999609e+00 1.738468805948878900e-06
5.369999999999999218e+00 8.692344029744522615e-07
5.429999999999999716e+00 6.208817164103138929e-07
5.490000000000000213e+00 3.725290298461938415e-07
5.549999999999999822e+00 4.967053731282511143e-07
5.609999999999999432e+00 2.483526865641292100e-07
5.669999999999999929e+00 2.483526865641255572e-07
5.730000000000000426e+00 4.967053731282584200e-07
5.789999999999999147e+00 2.483526865641292100e-07
5.849999999999999645e+00 1.241763432820627786e-07
5.910000000000000142e+00 1.241763432820646050e-07
5.969999999999999751e+00 1.241763432820627786e-07
