2.999999999999999889e-02 9.630682783017915916e-02
8.999999999999999667e-02 1.618668473184149137e-01
1.499999999999999944e-01 2.414055222587031535e-01
2.099999999999999922e-01 3.226565890111260382e-01
2.700000000000000178e-01 4.036563228391282787e-01
3.299999999999999600e-01 4.798681892921867753e-01
3.900000000000000133e-01 5.495622876933727863e-01
4.499999999999999556e-01 6.115699944499383145e-01
5.100000000000000089e-01 6.626544047491982337e-01
5.700000000000000622e-01 7.037297048508316388e-01
6.299999999999998934e-01 7.346329753888076741e-01
6.899999999999999467e-01 7.546581496594425564e-01
7.500000000000000000e-01 7.624934287429863122e-01
8.100000000000000533e-01 7.623901140230677775e-01
8.699999999999998845e-01 7.519475042013521460e-01
9.299999999999999378e-01 7.340132112456326796e-01
9.899999999999999911e-01 7.089355498066040040e-01
1.050000000000000044e+00 6.778745753091348636e-01
1.109999999999999876e+00 6.427521650611615067e-01
1.169999999999999929e+00 6.045856958659268088e-01
1.229999999999999982e+00 5.646217740615103731e-01
1.290000000000000036e+00 5.229300625780501921e-01
1.349999999999999867e+00 4.811787464484784671e-01
1.409999999999999920e+00 4.403094549049559880e-01
1.469999999999999973e+00 3.994934350138922285e-01
1.530000000000000027e+00 3.613537879094083083e-01
1.589999999999999858e+00 3.245055748039248900e-01
1.649999999999999911e+00 2.898818567617153508e-01
1.709999999999999964e+00 2.579983381479604709e-01
1.770000000000000018e+00 2.282055766727786317e-01
1.829999999999999849e+00 2.009888534965604823e-01
1.889999999999999902e+00 1.761481205258096649e-01
1.949999999999999956e+00 1.538125211604253473e-01
2.009999999999999787e+00 1.339251826339130369e-01
2.070000000000000284e+00 1.159598455916806270e-01
2.129999999999999893e+00 9.984262510782379585e-02
2.189999999999999947e+00 8.574798894855410747e-02
2.250000000000000000e+00 7.354219918916565790e-02
2.309999999999999609e+00 6.282106182324273536e-02
2.370000000000000107e+00 5.328171074275021152e-02
2.429999999999999716e+00 4.523483516552423422e-02
2.490000000000000213e+00 3.827003226784437412e-02
2.549999999999999822e+00 3.219780894562668944e-02
2.609999999999999876e+00 2.707950831382385445e-02
2.669999999999999929e+00 2.263846547341888393e-02
2.729999999999999538e+00 1.897265556145184481e-02
2.790000000000000036e+00 1.572283640877783842e-02
2.849999999999999645e+00 1.313810576558845089e-02
2.910000000000000142e+00 1.079961681663132479e-02
2.969999999999999751e+00 8.932501277308931703e-03
3.030000000000000249e+00 7.306908731068611010e-03
3.089999999999999858e+00 6.037453945321547520e-03
3.149999999999999911e+00 4.927193235220392493e-03
3.209999999999999964e+00 4.089499604715642056e-03
3.269999999999999574e+00 3.321593080695312700e-03
3.330000000000000071e+00 2.706920167710086950e-03
3.389999999999999680e+00 2.184882808883847460e-03
3.450000000000000178e+00 1.754735946140246767e-03
3.509999999999999787e+00 1.446033549841000201e-03
3.569999999999999840e+00 1.160676306600595198e-03
3.629999999999999893e+00 9.365380019665798909e-04
3.689999999999999503e+00 7.546196549921646655e-04
3.750000000000000000e+00 5.995233987661957630e-04
3.809999999999999609e+00 4.811833409732825854e-04
3.870000000000000107e+00 3.781169737454568897e-04
3.929999999999999716e+00 3.069639274544399025e-04
3.989999999999999769e+00 2.446274017335157850e-04
4.049999999999999822e+00 2.047667946490160475e-04
4.109999999999999432e+00 1.538544927653939538e-04
4.169999999999999929e+00 1.308818687447318963e-04
4.230000000000000426e+00 9.449819934985051277e-05
4.290000000000000036e+00 7.860362705447371332e-05
4.349999999999999645e+00 6.047388053006202648e-05
4.410000000000000142e+00 4.867712765458791788e-05
4.469999999999999751e+00 3.725290381728611771e-05
4.529999999999999361e+00 2.669791440238878066e-05
4.589999999999999858e+00 2.148250786796832763e-05
4.650000000000000355e+00 1.490116152691466698e-05
4.709999999999999964e+00 1.577039594931779008e-05
4.769999999999999574e+00 8.940696916148800863e-06
4.830000000000000071e+00 8.816520570091178935e-06
4.889999999999999680e+00 7.450580763457223374e-06
4.949999999999999289e+00 5.215406534420133696e-06
5.009999999999999787e+00 4.470348458074334363e-06
5.070000000000000284e+00 3.352761343555800535e-06
5.129999999999999893e+00 1.862645190864305843e-06
5.189999999999999503e+00 1.986821536921955512e-06
5.250000000000000000e+00 6.208817302881112299e-07
5.309999999999999609e+00 4.967053842304815724e-07
5.369999999999999218e+00 8.692344224033556159e-07
5.429999999999999716e+00 3.725290381728612322e-07
5.490000000000000213e+00 3.725290381728667379e-07
5.549999999999999822e+00 3.725290381728612322e-07
5.609999999999999432e+00 3.725290381728667379e-07
5.669999999999999929e+00 2.483526921152407862e-07
5.730000000000000426e+00 1.241763460576222195e-07
5.789999999999999147e+00 0.000000000000000000e+00
5.849999999999999645e+00 1.241763460576203931e-07
5.910000000000000142e+00 1.241763460576222195e-07
5.969999999999999751e+00 0.000000000000000000e+00
