2.999999999999999889e-02 9.633178799346450716e-02
8.999999999999999667e-02 1.616619575518953023e-01
1.499999999999999944e-01 2.413898778375946907e-01
2.099999999999999922e-01 3.233134842906440487e-01
2.700000000000000178e-01 4.033138474816237440e-01
3.299999999999999600e-01 4.799539987232486205e-01
3.900000000000000133e-01 5.494064504724677223e-01
4.499999999999999556e-01 6.111074421139789381e-01
5.100000000000000089e-01 6.630746224445482895e-01
5.700000000000000622e-01 7.037339320898241546e-01
6.299999999999998934e-01 7.345480442409138000e-01
6.899999999999999467e-01 7.541641817737865239e-01
7.500000000000000000e-01 7.634918122537470708e-01
8.100000000000000533e-01 7.623962043443192060e-01
8.699999999999998845e-01 7.522009537279897851e-01
9.299999999999999378e-01 7.336811691626254905e-01
9.899999999999999911e-01 7.083510570233375603e-01
1.050000000000000044e+00 6.780850592678300259e-01
1.109999999999999876e+00 6.425518734023550893e-01
1.169999999999999929e+00 6.047131053024457081e-01
1.229999999999999982e+00 5.643127033406303283e-01
1.290000000000000036e+00 5.225616352526849528e-01
1.349999999999999867e+00 4.814485852355332440e-01
1.409999999999999920e+00 4.401032012731787013e-01
1.469999999999999973e+00 3.997886051671284413e-01
1.530000000000000027e+00 3.616795051598398203e-01
1.589999999999999858e+00 3.243563172526066074e-01
1.649999999999999911e+00 2.900388178240898007e-01
1.709999999999999964e+00 2.579654333382475073e-01
1.770000000000000018e+00 2.284071165841958240e-01
1.829999999999999849e+00 2.009984165727618510e-01
1.889999999999999902e+00 1.761735779893469633e-01
1.949999999999999956e+00 1.539765592607822420e-01
2.009999999999999787e+00 1.335571249392764059e-01
2.070000000000000284e+00 1.159938707747221187e-01
2.129999999999999893e+00 9.998952647018999329e-02
2.189999999999999947e+00 8.596815425062695470e-02
2.250000000000000000e+00 7.355312725563223353e-02
2.309999999999999609e+00 6.277511704291249828e-02
2.370000000000000107e+00 5.336267411796269400e-02
2.429999999999999716e+00 4.538173612103069132e-02
2.490000000000000213e+00 3.806638334392653533e-02
2.549999999999999822e+00 3.212181326116558822e-02
2.609999999999999876e+00 2.706485570663794485e-02
2.669999999999999929e+00 2.257439064704547249e-02
2.729999999999999538e+00 1.882277485200090084e-02
2.790000000000000036e+00 1.572271234957511865e-02
2.849999999999999645e+00 1.301057675512362621e-02
2.910000000000000142e+00 1.083177857096329078e-02
2.969999999999999751e+00 8.950382737826778623e-03
3.030000000000000249e+00 7.361918907222708697e-03
3.089999999999999858e+00 6.049747448655384829e-03
3.149999999999999911e+00 4.968916524517068105e-03
3.209999999999999964e+00 4.021823526079160160e-03
3.269999999999999574e+00 3.288065491757752312e-03
3.330000000000000071e+00 2.721945525863134208e-03
3.389999999999999680e+00 2.169981663524556126e-03
3.450000000000000178e+00 1.781433873815352342e-03
3.509999999999999787e+00 1.434609336692371784e-03
3.569999999999999840e+00 1.162538960453049844e-03
3.629999999999999893e+00 9.391457122309709860e-04
3.689999999999999503e+00 7.574757165951240268e-04
3.750000000000000000e+00 6.282081393860217133e-04
3.809999999999999609e+00 4.850328113148449916e-04
3.870000000000000107e+00 3.889203187501522052e-04
3.929999999999999716e+00 3.068397533945166344e-04
3.989999999999999769e+00 2.452482852910460977e-04
4.049999999999999822e+00 1.966953336207651688e-04
4.109999999999999432e+00 1.543511992996305098e-04
4.169999999999999929e+00 1.245488760237547176e-04
4.230000000000000426e+00 1.003344883621089771e-04
4.290000000000000036e+00 7.537504261856342537e-05
4.349999999999999645e+00 5.538265075433243236e-05
4.410000000000000142e+00 4.818042262932955953e-05
4.469999999999999751e+00 3.737708044182469464e-05
4.529999999999999361e+00 2.992649962285676303e-05
4.589999999999999858e+00 2.545615113147528985e-05
4.650000000000000355e+00 1.825392300647279650e-05
4.709999999999999964e+00 1.341104547414307954e-05
4.769999999999999574e+00 9.313226023710610769e-06
4.830000000000000071e+00 8.692344288796569600e-06
4.889999999999999680e+00 6.581346390088733400e-06
4.949999999999999289e+00 5.463759267243558228e-06
5.009999999999999787e+00 3.725290409484188996e-06
5.070000000000000284e+00 2.483526939656162985e-06
5.129999999999999893e+00 2.483526939656126139e-06
5.189999999999999503e+00 1.117587122845273216e-06
5.250000000000000000e+00 1.862645204742122027e-06
5.309999999999999609e+00 1.365939816810869228e-06
5.369999999999999218e+00 7.450580818968488107e-07
5.429999999999999716e+00 3.725290409484188996e-07
5.490000000000000213e+00 9.934107758624651515e-07
5.549999999999999822e+00 3.725290409484188996e-07
5.609999999999999432e+00 1.241763469828081439e-07
5.669999999999999929e+00 3.725290409484188996e-07
5.730000000000000426e+00 1.241763469828081439e-07
5.789999999999999147e+00 3.725290409484244054e-07
5.849999999999999645e+00 2.483526939656125821e-07
5.910000000000000142e+00 3.725290409484244054e-07
5.969999999999999751e+00 0.000000000000000000e+00
