2.999999999999999889e-02 9.634706024846027839e-02
8.999999999999999667e-02 1.619746311799878657e-01
1.499999999999999944e-01 2.416982041055689978e-01
2.099999999999999922e-01 3.231648403877740994e-01
2.700000000000000178e-01 4.035105368024687889e-01
3.299999999999999600e-01 4.802649291395882369e-01
3.900000000000000133e-01 5.497250787872832722e-01
4.499999999999999556e-01 6.109529576344235879e-01
5.100000000000000089e-01 6.627110242254184991e-01
5.700000000000000622e-01 7.040022666852023825e-01
6.299999999999998934e-01 7.344048579693570611e-01
6.899999999999999467e-01 7.541272901613600421e-01
7.500000000000000000e-01 7.629286611516568062e-01
8.100000000000000533e-01 7.620863730026249394e-01
8.699999999999998845e-01 7.521419587553840325e-01
9.299999999999999378e-01 7.337022682085964087e-01
9.899999999999999911e-01 7.084634260604288913e-01
1.050000000000000044e+00 6.776274593317620498e-01
1.109999999999999876e+00 6.423723048325243878e-01
1.169999999999999929e+00 6.051059902475171004e-01
1.229999999999999982e+00 5.641166204827514630e-01
1.290000000000000036e+00 5.229707885231209552e-01
1.349999999999999867e+00 4.810744347335061399e-01
1.409999999999999920e+00 4.401005870118820940e-01
1.469999999999999973e+00 3.999047040925127749e-01
1.530000000000000027e+00 3.612081263642724083e-01
1.589999999999999858e+00 3.247523107839481171e-01
1.649999999999999911e+00 2.901202731845814453e-01
1.709999999999999964e+00 2.575428573917772357e-01
1.770000000000000018e+00 2.283236666767355094e-01
1.829999999999999849e+00 2.009738266613158020e-01
1.889999999999999902e+00 1.765175438401729024e-01
1.949999999999999956e+00 1.538331332877247160e-01
2.009999999999999787e+00 1.340320974692516820e-01
2.070000000000000284e+00 1.158033825328455696e-01
2.129999999999999893e+00 9.999399532865468898e-02
2.189999999999999947e+00 8.574575313546940747e-02
2.250000000000000000e+00 7.364762435825100706e-02
2.309999999999999609e+00 6.277908975053457519e-02
2.370000000000000107e+00 5.324967284872635792e-02
2.429999999999999716e+00 4.517498183014461571e-02
2.490000000000000213e+00 3.824544506637418684e-02
2.549999999999999822e+00 3.234458514568085835e-02
2.609999999999999876e+00 2.702040017178275119e-02
2.669999999999999929e+00 2.267571820828890097e-02
2.729999999999999538e+00 1.896893012974057088e-02
2.790000000000000036e+00 1.578268928998740814e-02
2.849999999999999645e+00 1.305080969707383097e-02
2.910000000000000142e+00 1.084009822468108390e-02
2.969999999999999751e+00 8.951996896942402554e-03
3.030000000000000249e+00 7.406001400043581324e-03
3.089999999999999858e+00 6.015847216285966949e-03
3.149999999999999911e+00 4.946937237385999088e-03
3.209999999999999964e+00 4.043554326547494325e-03
3.269999999999999574e+00 3.309920479505066345e-03
3.330000000000000071e+00 2.697606921657027135e-03
3.389999999999999680e+00 2.181157502251228428e-03
3.450000000000000178e+00 1.777460204225680658e-03
3.509999999999999787e+00 1.443177483129164411e-03
3.569999999999999840e+00 1.145899312882122474e-03
3.629999999999999893e+00 9.380281111304171904e-04
3.689999999999999503e+00 7.626911118034183229e-04
3.750000000000000000e+00 5.905826974498629232e-04
3.809999999999999609e+00 4.878888600253388289e-04
3.870000000000000107e+00 3.817180849371064680e-04
3.929999999999999716e+00 3.060946907514533509e-04
3.989999999999999769e+00 2.488493956454024421e-04
4.049999999999999822e+00 1.922249822650086242e-04
4.109999999999999432e+00 1.598149561854455582e-04
4.169999999999999929e+00 1.183400569112100876e-04
4.230000000000000426e+00 9.040037925641365647e-05
4.290000000000000036e+00 7.761021570777157472e-05
4.349999999999999645e+00 6.643434464585343594e-05
4.410000000000000142e+00 5.128483053969621339e-05
4.469999999999999751e+00 3.563861105300870897e-05
4.529999999999999361e+00 2.818803034506305272e-05
4.589999999999999858e+00 2.110997867251386613e-05
4.650000000000000355e+00 1.875062811499788847e-05
4.709999999999999964e+00 1.440445603536240281e-05
4.769999999999999574e+00 1.303851623890581662e-05
4.830000000000000071e+00 8.195638778740799550e-06
4.889999999999999680e+00 6.084640911489291134e-06
4.949999999999999289e+00 4.842877460165017069e-06
5.009999999999999787e+00 4.470348424767641930e-06
5.070000000000000284e+00 3.352761318575781634e-06
5.129999999999999893e+00 2.731879592913559051e-06
5.189999999999999503e+00 2.235174212383853999e-06
5.250000000000000000e+00 1.490116141589236282e-06
5.309999999999999609e+00 1.365939796456779526e-06
5.369999999999999218e+00 7.450580707946181409e-07
5.429999999999999716e+00 6.208817256621726079e-07
5.490000000000000213e+00 3.725290353973090705e-07
5.549999999999999822e+00 2.483526902648690432e-07
5.609999999999999432e+00 1.241763451324363480e-07
5.669999999999999929e+00 4.967053805297380863e-07
5.730000000000000426e+00 2.483526902648726960e-07
5.789999999999999147e+00 0.000000000000000000e+00
5.849999999999999645e+00 0.000000000000000000e+00
5.910000000000000142e+00 0.000000000000000000e+00
5.969999999999999751e+00 1.241763451324345216e-07
