2.999999999999999889e-02 9.647446445977538032e-02
8.999999999999999667e-02 1.620310060334529123e-01
1.499999999999999944e-01 2.416487801197825247e-01
2.099999999999999922e-01 3.236622884149026880e-01
2.700000000000000178e-01 4.041194945880732803e-01
3.299999999999999600e-01 4.802121506150475727e-01
3.900000000000000133e-01 5.493638457062134384e-01
4.499999999999999556e-01 6.106961564026486267e-01
5.100000000000000089e-01 6.626848180792088705e-01
5.700000000000000622e-01 7.038558575301563369e-01
6.299999999999998934e-01 7.345290288418218072e-01
6.899999999999999467e-01 7.538281437294784837e-01
7.500000000000000000e-01 7.629269169985763988e-01
8.100000000000000533e-01 7.620041625847736588e-01
8.699999999999998845e-01 7.518274144716127205e-01
9.299999999999999378e-01 7.331501747157430637e-01
9.899999999999999911e-01 7.082202835000073193e-01
1.050000000000000044e+00 6.782832295568025360e-01
1.109999999999999876e+00 6.425973075821812541e-01
1.169999999999999929e+00 6.049990699067636646e-01
1.229999999999999982e+00 5.640808534926233797e-01
1.290000000000000036e+00 5.228324521792381274e-01
1.349999999999999867e+00 4.815809464572435861e-01
1.409999999999999920e+00 4.400593571866003306e-01
1.469999999999999973e+00 3.996290296288503852e-01
1.530000000000000027e+00 3.610003766492033694e-01
1.589999999999999858e+00 3.247454786654233594e-01
1.649999999999999911e+00 2.901663404467178520e-01
1.709999999999999964e+00 2.579638132797960060e-01
1.770000000000000018e+00 2.283599244681001339e-01
1.829999999999999849e+00 2.012334778996814344e-01
1.889999999999999902e+00 1.763001097463077760e-01
1.949999999999999956e+00 1.538988214276641731e-01
2.009999999999999787e+00 1.337682217391943373e-01
2.070000000000000284e+00 1.157739518764660108e-01
2.129999999999999893e+00 1.000542201105818763e-01
2.189999999999999947e+00 8.576239212673754386e-02
2.250000000000000000e+00 7.331768726297477334e-02
2.309999999999999609e+00 6.269974059884547701e-02
2.370000000000000107e+00 5.333150466281795510e-02
2.429999999999999716e+00 4.526947969150648537e-02
2.490000000000000213e+00 3.817466426522528322e-02
2.549999999999999822e+00 3.234197720146656657e-02
2.609999999999999876e+00 2.719735126096041108e-02
2.669999999999999929e+00 2.269397196194010077e-02
2.729999999999999538e+00 1.895154530022201411e-02
2.790000000000000036e+00 1.572755487556919129e-02
2.849999999999999645e+00 1.309104273536086833e-02
2.910000000000000142e+00 1.087722687083402494e-02
2.969999999999999751e+00 8.913626339884787864e-03
3.030000000000000249e+00 7.385015542693544599e-03
3.089999999999999858e+00 6.078804577977487203e-03
3.149999999999999911e+00 4.965563652159532201e-03
3.209999999999999964e+00 4.081428081403878222e-03
3.269999999999999574e+00 3.283595069872300050e-03
3.330000000000000071e+00 2.701208015540299164e-03
3.389999999999999680e+00 2.197176234403073677e-03
3.450000000000000178e+00 1.793354763041098013e-03
3.509999999999999787e+00 1.447771997112322438e-03
3.569999999999999840e+00 1.167009282859740073e-03
3.629999999999999893e+00 9.361654589784542888e-04
3.689999999999999503e+00 7.615735190230614893e-04
3.750000000000000000e+00 5.917002801475441769e-04
3.809999999999999609e+00 4.877646800460762148e-04
3.870000000000000107e+00 3.804763186510126205e-04
3.929999999999999716e+00 3.033628088983106384e-04
3.989999999999999769e+00 2.409021077620659046e-04
4.049999999999999822e+00 2.048909679419602247e-04
4.109999999999999432e+00 1.635402453209488540e-04
4.169999999999999929e+00 1.265356947471863694e-04
4.230000000000000426e+00 9.673337213744811894e-05
4.290000000000000036e+00 8.195638717678409529e-05
4.349999999999999645e+00 5.848705812161496742e-05
4.410000000000000142e+00 4.731118714296242384e-05
4.469999999999999751e+00 3.812213767162533266e-05
4.529999999999999361e+00 3.029902798656911595e-05
4.589999999999999858e+00 2.185503658047575987e-05
4.650000000000000355e+00 1.961986238474557439e-05
4.709999999999999964e+00 1.254181076493211191e-05
4.769999999999999574e+00 1.241763442072504691e-05
4.830000000000000071e+00 8.568167750300282164e-06
4.889999999999999680e+00 6.208817210362431975e-06
4.949999999999999289e+00 4.967053768290019272e-06
5.009999999999999787e+00 4.718701079875447962e-06
5.070000000000000284e+00 3.228584949388512230e-06
5.129999999999999893e+00 1.986821507315978401e-06
5.189999999999999503e+00 1.614292474694256115e-06
5.250000000000000000e+00 1.365939786279755321e-06
5.309999999999999609e+00 1.117587097865237586e-06
5.369999999999999218e+00 8.692344094507533090e-07
5.429999999999999716e+00 8.692344094507404977e-07
5.490000000000000213e+00 4.967053768290019060e-07
5.549999999999999822e+00 0.000000000000000000e+00
5.609999999999999432e+00 6.208817210362524090e-07
5.669999999999999929e+00 0.000000000000000000e+00
5.730000000000000426e+00 2.483526884145009530e-07
5.789999999999999147e+00 3.725290326217514030e-07
5.849999999999999645e+00 1.241763442072486501e-07
5.910000000000000142e+00 1.241763442072504765e-07
5.969999999999999751e+00 2.483526884144973002e-07
