2.999999999999999889e-02 9.605089823404948379e-02
8.999999999999999667e-02 1.615405082702636719e-01
1.499999999999999944e-01 2.415727823972702026e-01
2.099999999999999922e-01 3.233573089043299542e-01
2.700000000000000178e-01 4.036225378513336182e-01
3.299999999999999600e-01 4.799368480841318951e-01
3.900000000000000133e-01 5.493135501941045495e-01
4.499999999999999556e-01 6.109687189261119311e-01
5.100000000000000089e-01 6.631109863519663028e-01
5.700000000000000622e-01 7.043262322743740755e-01
6.299999999999998934e-01 7.348369807004935250e-01
6.899999999999999467e-01 7.538622866074237150e-01
7.500000000000000000e-01 7.632285356521599784e-01
8.100000000000000533e-01 7.615798463424053866e-01
8.699999999999998845e-01 7.520653307437904500e-01
9.299999999999999378e-01 7.336334635814024674e-01
9.899999999999999911e-01 7.090338816245390641e-01
1.050000000000000044e+00 6.778960426648451554e-01
1.109999999999999876e+00 6.433288256327329702e-01
1.169999999999999929e+00 6.044746687014892483e-01
1.229999999999999982e+00 5.644984543323511295e-01
1.290000000000000036e+00 5.228163053592060905e-01
1.349999999999999867e+00 4.808515310287471145e-01
1.409999999999999920e+00 4.403699189424510885e-01
1.469999999999999973e+00 3.997073819239930770e-01
1.530000000000000027e+00 3.611968209346132497e-01
1.589999999999999858e+00 3.247179090976723970e-01
1.649999999999999911e+00 2.898830920457837190e-01
1.709999999999999964e+00 2.580226709445315181e-01
1.770000000000000018e+00 2.283137291669851965e-01
1.829999999999999849e+00 2.010044952233630555e-01
1.889999999999999902e+00 1.763323942820229639e-01
1.949999999999999956e+00 1.539229104916253199e-01
2.009999999999999787e+00 1.336610565582909971e-01
2.070000000000000284e+00 1.157868653535841924e-01
2.129999999999999893e+00 9.992159903049460667e-02
2.189999999999999947e+00 8.584906657536880981e-02
2.250000000000000000e+00 7.346607744693749165e-02
2.309999999999999609e+00 6.283409893512720279e-02
2.370000000000000107e+00 5.341234306494389850e-02
2.429999999999999716e+00 4.524836937586462771e-02
2.490000000000000213e+00 3.828853368759151804e-02
2.549999999999999822e+00 3.209399680296576990e-02
2.609999999999999876e+00 2.705976366996782831e-02
2.669999999999999929e+00 2.268192668755847352e-02
2.729999999999999538e+00 1.886834700902301556e-02
2.790000000000000036e+00 1.565925776958464188e-02
2.849999999999999645e+00 1.302026212215422370e-02
2.910000000000000142e+00 1.079353193442025849e-02
2.969999999999999751e+00 8.966152866681408734e-03
3.030000000000000249e+00 7.398178180058790840e-03
3.089999999999999858e+00 6.028016408284499715e-03
3.149999999999999911e+00 4.990647236506176587e-03
3.209999999999999964e+00 4.038338859875993149e-03
3.269999999999999574e+00 3.296757737795509135e-03
3.330000000000000071e+00 2.696365118026730796e-03
3.389999999999999680e+00 2.186745405197141820e-03
3.450000000000000178e+00 1.781930526097613970e-03
3.509999999999999787e+00 1.437837878863015536e-03
3.569999999999999840e+00 1.165519158045458508e-03
3.629999999999999893e+00 9.323159853617342310e-04
3.689999999999999503e+00 7.590899864832553355e-04
3.750000000000000000e+00 6.027519702911371532e-04
3.809999999999999609e+00 4.918624957402543225e-04
3.870000000000000107e+00 3.777444362640377607e-04
3.929999999999999716e+00 3.129243850708005102e-04
3.989999999999999769e+00 2.515812714894629255e-04
4.049999999999999822e+00 1.919766267140690479e-04
4.109999999999999432e+00 1.544753710428883636e-04
4.169999999999999929e+00 1.230587561925242069e-04
4.230000000000000426e+00 9.213884671529194649e-05
4.290000000000000036e+00 7.736186186472510269e-05
4.349999999999999645e+00 6.556510925293012118e-05
4.410000000000000142e+00 5.165735880533887822e-05
4.469999999999999751e+00 3.961225350697802309e-05
4.529999999999999361e+00 2.843638261159279589e-05
4.589999999999999858e+00 2.260009447733542337e-05
4.650000000000000355e+00 1.986821492513033934e-05
4.709999999999999964e+00 1.403192679087309387e-05
4.769999999999999574e+00 9.561578432718974876e-06
4.830000000000000071e+00 8.692344029744522615e-06
4.889999999999999680e+00 7.202227910359640946e-06
4.949999999999999289e+00 3.973642985026067360e-06
5.009999999999999787e+00 4.718701044718384951e-06
5.070000000000000284e+00 2.731879552205421575e-06
5.129999999999999893e+00 2.235174179077129803e-06
5.189999999999999503e+00 2.856055895487485941e-06
5.250000000000000000e+00 1.117587089538581419e-06
5.309999999999999609e+00 8.692344029744394501e-07
5.369999999999999218e+00 9.934107462565168400e-07
5.429999999999999716e+00 9.934107462565022287e-07
5.490000000000000213e+00 8.692344029744522615e-07
5.549999999999999822e+00 1.241763432820627786e-07
5.609999999999999432e+00 2.483526865641292100e-07
5.669999999999999929e+00 6.208817164103138929e-07
5.730000000000000426e+00 1.241763432820646050e-07
5.789999999999999147e+00 1.241763432820646050e-07
5.849999999999999645e+00 1.241763432820627786e-07
5.910000000000000142e+00 0.000000000000000000e+00
5.969999999999999751e+00 0.000000000000000000e+00
