2.999999999999999889e-02 9.626262033377022687e-02
8.999999999999999667e-02 1.620168511373329123e-01
1.499999999999999944e-01 2.415563947194277472e-01
2.099999999999999922e-01 3.229796934571816380e-01
2.700000000000000178e-01 4.036733319909374118e-01
3.299999999999999600e-01 4.801285835126328227e-01
3.900000000000000133e-01 5.497821999060442666e-01
4.499999999999999556e-01 6.111224583455293624e-01
5.100000000000000089e-01 6.628574281363296405e-01
5.700000000000000622e-01 7.036898390008491377e-01
6.299999999999998934e-01 7.343293587515166143e-01
6.899999999999999467e-01 7.535678757265383831e-01
7.500000000000000000e-01 7.632733746857444102e-01
8.100000000000000533e-01 7.624017809192612516e-01
8.699999999999998845e-01 7.515048099285094318e-01
9.299999999999999378e-01 7.338728865068083751e-01
9.899999999999999911e-01 7.092313325787279465e-01
1.050000000000000044e+00 6.779865773218850533e-01
1.109999999999999876e+00 6.426435059702936270e-01
1.169999999999999929e+00 6.044643710722178431e-01
1.229999999999999982e+00 5.643316939125209153e-01
1.290000000000000036e+00 5.228279857262186914e-01
1.349999999999999867e+00 4.812625618963817797e-01
1.409999999999999920e+00 4.398310001665995395e-01
1.469999999999999973e+00 3.999571065101585887e-01
1.530000000000000027e+00 3.611661547596176081e-01
1.589999999999999858e+00 3.244305698737099397e-01
1.649999999999999911e+00 2.906630479891553209e-01
1.709999999999999964e+00 2.580256550216521449e-01
1.770000000000000018e+00 2.282002353896738778e-01
1.829999999999999849e+00 2.008933603896699838e-01
1.889999999999999902e+00 1.762031293342975757e-01
1.949999999999999956e+00 1.538721246600963100e-01
2.009999999999999787e+00 1.337703337337125264e-01
2.070000000000000284e+00 1.160103845001813488e-01
2.129999999999999893e+00 1.000421757505660647e-01
2.189999999999999947e+00 8.582112817696481433e-02
2.250000000000000000e+00 7.359770546750776798e-02
2.309999999999999609e+00 6.262424184815444661e-02
2.370000000000000107e+00 5.323166727868215709e-02
2.429999999999999716e+00 4.531679121628585244e-02
2.490000000000000213e+00 3.823700107490517891e-02
2.549999999999999822e+00 3.224673418571648992e-02
2.609999999999999876e+00 2.702871998690662206e-02
2.669999999999999929e+00 2.259947393237758326e-02
2.729999999999999538e+00 1.881780751771439802e-02
2.790000000000000036e+00 1.580615861921743845e-02
2.849999999999999645e+00 1.308185378335693927e-02
2.910000000000000142e+00 1.080011344154843851e-02
2.969999999999999751e+00 8.929645154818564162e-03
3.030000000000000249e+00 7.383649657919742933e-03
3.089999999999999858e+00 6.019324153949675432e-03
3.149999999999999911e+00 4.950786704085104878e-03
3.209999999999999964e+00 4.054109315883752500e-03
3.269999999999999574e+00 3.311162242956390556e-03
3.330000000000000071e+00 2.728899360630400884e-03
3.389999999999999680e+00 2.187863024888379946e-03
3.450000000000000178e+00 1.802543825942432704e-03
3.509999999999999787e+00 1.454725883226480913e-03
3.569999999999999840e+00 1.169244465767020711e-03
3.629999999999999893e+00 9.339302917410468186e-04
3.689999999999999503e+00 7.434437783078908912e-04
3.750000000000000000e+00 5.910794028303926291e-04
3.809999999999999609e+00 4.862745675386170949e-04
3.870000000000000107e+00 3.886719602645228927e-04
3.929999999999999716e+00 3.155320929815184135e-04
3.989999999999999769e+00 2.466142214330186030e-04
4.049999999999999822e+00 1.909832188136842781e-04
4.109999999999999432e+00 1.560896658314724929e-04
4.169999999999999929e+00 1.177191751855479146e-04
4.230000000000000426e+00 9.251137712366508273e-05
4.290000000000000036e+00 8.059044799094999985e-05
4.349999999999999645e+00 6.345411236267497015e-05
4.410000000000000142e+00 4.855295094678260733e-05
4.469999999999999751e+00 3.737707988486278803e-05
4.529999999999999361e+00 3.203749704416857837e-05
4.589999999999999858e+00 2.334515288489768836e-05
4.650000000000000355e+00 1.875062811499788847e-05
4.709999999999999964e+00 1.316269258403805675e-05
4.769999999999999574e+00 1.291433989377337998e-05
4.830000000000000071e+00 9.064873194667854331e-06
4.889999999999999680e+00 6.705522637151463319e-06
4.949999999999999289e+00 5.836288221224508488e-06
5.009999999999999787e+00 3.725290353973035224e-06
5.070000000000000284e+00 3.104408628310908356e-06
5.129999999999999893e+00 2.483526902648690432e-06
5.189999999999999503e+00 2.607703247781163070e-06
5.250000000000000000e+00 1.986821522118981568e-06
5.309999999999999609e+00 1.241763451324345216e-06
5.369999999999999218e+00 4.967053805297453920e-07
5.429999999999999716e+00 3.725290353973035648e-07
5.490000000000000213e+00 3.725290353973090705e-07
5.549999999999999822e+00 3.725290353973035648e-07
5.609999999999999432e+00 2.483526902648726960e-07
5.669999999999999929e+00 2.483526902648690432e-07
5.730000000000000426e+00 2.483526902648726960e-07
5.789999999999999147e+00 1.241763451324363480e-07
5.849999999999999645e+00 1.241763451324345216e-07
5.910000000000000142e+00 0.000000000000000000e+00
5.969999999999999751e+00 1.241763451324345216e-07
