2.999999999999999889e-02 9.639524067037166799e-02
8.999999999999999667e-02 1.618477229552625352e-01
1.499999999999999944e-01 2.414412832474899795e-01
2.099999999999999922e-01 3.231664546802608950e-01
2.700000000000000178e-01 4.036720902274860689e-01
3.299999999999999600e-01 4.798474482672530073e-01
3.900000000000000133e-01 5.491640500599749286e-01
4.499999999999999556e-01 6.112001927375821930e-01
5.100000000000000089e-01 6.627670277570733015e-01
5.700000000000000622e-01 7.046060120752363209e-01
6.299999999999998934e-01 7.348769764335506549e-01
6.899999999999999467e-01 7.543932758926337190e-01
7.500000000000000000e-01 7.624507063992420619e-01
8.100000000000000533e-01 7.620876147660761157e-01
8.699999999999998845e-01 7.516263785703941602e-01
9.299999999999999378e-01 7.338482995904721529e-01
9.899999999999999911e-01 7.082411504026419058e-01
1.050000000000000044e+00 6.779146792180533732e-01
1.109999999999999876e+00 6.424075709145421476e-01
1.169999999999999929e+00 6.050137272230837748e-01
1.229999999999999982e+00 5.646769041519890120e-01
1.290000000000000036e+00 5.231212902534214670e-01
1.349999999999999867e+00 4.811145436929838981e-01
1.409999999999999920e+00 4.400639549900680070e-01
1.469999999999999973e+00 4.000739564509282475e-01
1.530000000000000027e+00 3.613842084216702388e-01
1.589999999999999858e+00 3.244582611986744358e-01
1.649999999999999911e+00 2.900791708143425907e-01
1.709999999999999964e+00 2.575555233789807441e-01
1.770000000000000018e+00 2.280545765368335309e-01
1.829999999999999849e+00 2.011027217075632700e-01
1.889999999999999902e+00 1.761934435793772458e-01
1.949999999999999956e+00 1.539193116712466169e-01
2.009999999999999787e+00 1.337394138237745500e-01
2.070000000000000284e+00 1.160128680270839929e-01
2.129999999999999893e+00 1.001521959923534211e-01
2.189999999999999947e+00 8.600714434197319347e-02
2.250000000000000000e+00 7.353102277017165012e-02
2.309999999999999609e+00 6.282664929072030724e-02
2.370000000000000107e+00 5.335571944746946016e-02
2.429999999999999716e+00 4.534125395627693761e-02
2.490000000000000213e+00 3.816460626569297132e-02
2.549999999999999822e+00 3.204184321624797133e-02
2.609999999999999876e+00 2.709068398312771200e-02
2.669999999999999929e+00 2.265945110707654961e-02
2.729999999999999538e+00 1.880228547457284127e-02
2.790000000000000036e+00 1.574295285954503340e-02
2.849999999999999645e+00 1.307701090589677428e-02
2.910000000000000142e+00 1.078409469302635433e-02
2.969999999999999751e+00 8.946036432376045650e-03
3.030000000000000249e+00 7.308150440079222432e-03
3.089999999999999858e+00 6.052230885409770264e-03
3.149999999999999911e+00 4.931042665209047632e-03
3.209999999999999964e+00 4.090741337697820397e-03
3.269999999999999574e+00 3.331402987212977833e-03
3.330000000000000071e+00 2.687176108665902553e-03
3.389999999999999680e+00 2.186372908746790720e-03
3.450000000000000178e+00 1.779943731128329513e-03
3.509999999999999787e+00 1.456588528403467446e-03
3.569999999999999840e+00 1.165146646377650339e-03
3.629999999999999893e+00 9.218851862632006103e-04
3.689999999999999503e+00 7.563581182016641119e-04
3.750000000000000000e+00 5.980332781578090538e-04
3.809999999999999609e+00 4.708767007421951279e-04
3.870000000000000107e+00 3.834565537689606013e-04
3.929999999999999716e+00 3.191332069903590253e-04
3.989999999999999769e+00 2.489735719905348415e-04
4.049999999999999822e+00 1.944601564773924633e-04
4.109999999999999432e+00 1.641611282650808643e-04
4.169999999999999929e+00 1.174708224952830346e-04
4.230000000000000426e+00 9.934107610594906739e-05
4.290000000000000036e+00 7.984538992015538679e-05
4.349999999999999645e+00 5.910794028303969794e-05
4.410000000000000142e+00 5.140900688482864664e-05
4.469999999999999751e+00 3.936390140698174038e-05
4.529999999999999361e+00 2.781550130966573941e-05
4.589999999999999858e+00 2.284844750436794858e-05
4.650000000000000355e+00 1.788139369907083199e-05
4.709999999999999964e+00 1.415610334509753461e-05
4.769999999999999574e+00 1.167257644244901698e-05
4.830000000000000071e+00 8.568167814138107774e-06
4.889999999999999680e+00 6.953875327416332362e-06
4.949999999999999289e+00 6.332993601754254198e-06
5.009999999999999787e+00 4.097819389370338789e-06
5.070000000000000284e+00 3.849466699105526497e-06
5.129999999999999893e+00 1.365939796456779526e-06
5.189999999999999503e+00 1.614292486721672498e-06
5.250000000000000000e+00 7.450580707946181409e-07
5.309999999999999609e+00 9.934107610594761727e-07
5.369999999999999218e+00 9.934107610594907840e-07
5.429999999999999716e+00 8.692344159270415452e-07
5.490000000000000213e+00 4.967053805297453920e-07
5.549999999999999822e+00 4.967053805297380863e-07
5.609999999999999432e+00 3.725290353973090705e-07
5.669999999999999929e+00 2.483526902648690432e-07
5.730000000000000426e+00 2.483526902648726960e-07
5.789999999999999147e+00 2.483526902648726960e-07
5.849999999999999645e+00 0.000000000000000000e+00
5.910000000000000142e+00 1.241763451324363480e-07
5.969999999999999751e+00 0.000000000000000000e+00
