2.999999999999999889e-02 9.611584460994253287e-02
8.999999999999999667e-02 1.617404357981282736e-01
1.499999999999999944e-01 2.413934771531355827e-01
2.099999999999999922e-01 3.233591787771200599e-01
2.700000000000000178e-01 4.035800785626488807e-01
3.299999999999999600e-01 4.795680550637654860e-01
3.900000000000000133e-01 5.498820417844711983e-01
4.499999999999999556e-01 6.111310310666245860e-01
5.100000000000000089e-01 6.631187001071077169e-01
5.700000000000000622e-01 7.042228091210264163e-01
6.299999999999998934e-01 7.344958847027600601e-01
6.899999999999999467e-01 7.538903673117682835e-01
7.500000000000000000e-01 7.632181218985786275e-01
8.100000000000000533e-01 7.620650203490889618e-01
8.699999999999998845e-01 7.521181225008353177e-01
9.299999999999999378e-01 7.338355148944242234e-01
9.899999999999999911e-01 7.087979624151721225e-01
1.050000000000000044e+00 6.778548312701117018e-01
1.109999999999999876e+00 6.425788148820650303e-01
1.169999999999999929e+00 6.046443071012659320e-01
1.229999999999999982e+00 5.643985049912988439e-01
1.290000000000000036e+00 5.224876222570468132e-01
1.349999999999999867e+00 4.810934372987368812e-01
1.409999999999999920e+00 4.401464113625823127e-01
1.469999999999999973e+00 3.998798718028235277e-01
1.530000000000000027e+00 3.614058177984064701e-01
1.589999999999999858e+00 3.242873969639016862e-01
1.649999999999999911e+00 2.901274775742173073e-01
1.709999999999999964e+00 2.578948992516944538e-01
1.770000000000000018e+00 2.284510733089345491e-01
1.829999999999999849e+00 2.014807160032947297e-01
1.889999999999999902e+00 1.762581407684167267e-01
1.949999999999999956e+00 1.538680279871131040e-01
2.009999999999999787e+00 1.337120960240781586e-01
2.070000000000000284e+00 1.159564928303370712e-01
2.129999999999999893e+00 9.974887196655028709e-02
2.189999999999999947e+00 8.583851350483011344e-02
2.250000000000000000e+00 7.347402637518002377e-02
2.309999999999999609e+00 6.278020780538977330e-02
2.370000000000000107e+00 5.335683743211507707e-02
2.429999999999999716e+00 4.514853260501418969e-02
2.490000000000000213e+00 3.824594205670919095e-02
2.549999999999999822e+00 3.226163558750030219e-02
2.609999999999999876e+00 2.706088186191521125e-02
2.669999999999999929e+00 2.266665350397396514e-02
2.729999999999999538e+00 1.886412543499748490e-02
2.790000000000000036e+00 1.574568485645243959e-02
2.849999999999999645e+00 1.299021173743382385e-02
2.910000000000000142e+00 1.078993106163883033e-02
2.969999999999999751e+00 8.953238727100555627e-03
3.030000000000000249e+00 7.379551893512319508e-03
3.089999999999999858e+00 6.068498031835953439e-03
3.149999999999999911e+00 4.969785721918157199e-03
3.209999999999999964e+00 4.035979599564807827e-03
3.269999999999999574e+00 3.310913914934357407e-03
3.330000000000000071e+00 2.707292696748259814e-03
3.389999999999999680e+00 2.203136731754317366e-03
3.450000000000000178e+00 1.777460217468791476e-03
3.509999999999999787e+00 1.432622504466777094e-03
3.569999999999999840e+00 1.149252082763293960e-03
3.629999999999999893e+00 9.307017137018717230e-04
3.689999999999999503e+00 7.505218355722631605e-04
3.750000000000000000e+00 6.052355106848462734e-04
3.809999999999999609e+00 4.794448721284758682e-04
3.870000000000000107e+00 3.798554425902636068e-04
3.929999999999999716e+00 3.073364564926127666e-04
3.989999999999999769e+00 2.492219265376478116e-04
4.049999999999999822e+00 2.014140333054602978e-04
4.109999999999999432e+00 1.635402477578884743e-04
4.169999999999999929e+00 1.281499891314642444e-04
4.230000000000000426e+00 9.400149396562003184e-05
4.290000000000000036e+00 8.133550666774136525e-05
4.349999999999999645e+00 6.171564399063824238e-05
4.410000000000000142e+00 4.333754477411015633e-05
4.469999999999999751e+00 3.849466727786232683e-05
4.529999999999999361e+00 2.756714882479213585e-05
4.589999999999999858e+00 2.160668421402594787e-05
4.650000000000000355e+00 1.887480460075858054e-05
4.709999999999999964e+00 1.328686902816538201e-05
4.769999999999999574e+00 1.192092922153173561e-05
4.830000000000000071e+00 8.319815185860689527e-06
4.889999999999999680e+00 7.823109801630084923e-06
4.949999999999999289e+00 6.084640956823489735e-06
5.009999999999999787e+00 3.601114035670991452e-06
5.070000000000000284e+00 2.731879613267689200e-06
5.129999999999999893e+00 2.980232305382889858e-06
5.189999999999999503e+00 1.738468844806711232e-06
5.250000000000000000e+00 1.862645190864333372e-06
5.309999999999999609e+00 1.490116152691444929e-06
5.369999999999999218e+00 7.450580763457334758e-07
5.429999999999999716e+00 6.208817302881020184e-07
5.490000000000000213e+00 6.208817302881112299e-07
5.549999999999999822e+00 3.725290381728612322e-07
5.609999999999999432e+00 2.483526921152444390e-07
5.669999999999999929e+00 3.725290381728612322e-07
5.730000000000000426e+00 3.725290381728667379e-07
5.789999999999999147e+00 2.483526921152444390e-07
5.849999999999999645e+00 2.483526921152407862e-07
5.910000000000000142e+00 0.000000000000000000e+00
5.969999999999999751e+00 2.483526921152407862e-07
