2.999999999999999889e-02 9.635711781449952940e-02
8.999999999999999667e-02 1.619598529882221583e-01
1.499999999999999944e-01 2.417501080166556404e-01
2.099999999999999922e-01 3.231162850294234112e-01
2.700000000000000178e-01 4.037001510736854537e-01
3.299999999999999600e-01 4.795650676853835948e-01
3.900000000000000133e-01 5.497237087517260479e-01
4.499999999999999556e-01 6.110807305406585899e-01
5.100000000000000089e-01 6.631148407591985761e-01
5.700000000000000622e-01 7.044928821759395277e-01
6.299999999999998934e-01 7.353956555480442026e-01
6.899999999999999467e-01 7.542384223707393476e-01
7.500000000000000000e-01 7.627795196780022824e-01
8.100000000000000533e-01 7.617111064124445496e-01
8.699999999999998845e-01 7.521158761192061615e-01
9.299999999999999378e-01 7.337906762991641685e-01
9.899999999999999911e-01 7.082571638742368725e-01
1.050000000000000044e+00 6.779865722704914166e-01
1.109999999999999876e+00 6.426797606747349789e-01
1.169999999999999929e+00 6.040634011531621494e-01
1.229999999999999982e+00 5.637550147654236676e-01
1.290000000000000036e+00 5.223146368238938964e-01
1.349999999999999867e+00 4.810351914244527238e-01
1.409999999999999920e+00 4.397286755819764803e-01
1.469999999999999973e+00 3.994961609405486280e-01
1.530000000000000027e+00 3.615456349766174582e-01
1.589999999999999858e+00 3.244756434694610614e-01
1.649999999999999911e+00 2.902114164596650836e-01
1.709999999999999964e+00 2.579985826561740914e-01
1.770000000000000018e+00 2.283964323132970653e-01
1.829999999999999849e+00 2.011895194738320680e-01
1.889999999999999902e+00 1.763589693334620123e-01
1.949999999999999956e+00 1.539291204556507697e-01
2.009999999999999787e+00 1.338437209564723451e-01
2.070000000000000284e+00 1.159501581088960981e-01
2.129999999999999893e+00 1.001047598826742269e-01
2.189999999999999947e+00 8.599062824739046873e-02
2.250000000000000000e+00 7.351835623521368879e-02
2.309999999999999609e+00 6.279771573442499699e-02
2.370000000000000107e+00 5.352161864579924738e-02
2.429999999999999716e+00 4.528487755818818433e-02
2.490000000000000213e+00 3.833187151699166129e-02
2.549999999999999822e+00 3.214217746363709494e-02
2.609999999999999876e+00 2.699345370377210715e-02
2.669999999999999929e+00 2.262306726939776122e-02
2.729999999999999538e+00 1.892844850019946568e-02
2.790000000000000036e+00 1.580839367564811082e-02
2.849999999999999645e+00 1.302535344927523500e-02
2.910000000000000142e+00 1.084307837617703128e-02
2.969999999999999751e+00 8.993720081898463892e-03
3.030000000000000249e+00 7.329881245865525752e-03
3.089999999999999858e+00 6.059805597313778006e-03
3.149999999999999911e+00 4.919370052114434462e-03
3.209999999999999964e+00 4.076585203979795485e-03
3.269999999999999574e+00 3.311534747318931222e-03
3.330000000000000071e+00 2.735356510197293253e-03
3.389999999999999680e+00 2.181654191377167470e-03
3.450000000000000178e+00 1.796459171646279255e-03
3.509999999999999787e+00 1.435106010003182973e-03
3.569999999999999840e+00 1.136089373152134692e-03
3.629999999999999893e+00 9.588897299683809758e-04
3.689999999999999503e+00 7.521361168633105155e-04
3.750000000000000000e+00 6.017585640283313990e-04
3.809999999999999609e+00 4.790723359515687389e-04
3.870000000000000107e+00 3.947565982348463310e-04
3.929999999999999716e+00 3.145386798769631074e-04
3.989999999999999769e+00 2.509603916428532352e-04
4.049999999999999822e+00 1.985579743873905464e-04
4.109999999999999432e+00 1.460313807877265441e-04
4.169999999999999929e+00 1.220653463557254089e-04
4.230000000000000426e+00 9.263555277860885319e-05
4.290000000000000036e+00 7.748603878532314834e-05
4.349999999999999645e+00 6.308158285728324534e-05
4.410000000000000142e+00 4.967053768290018764e-05
4.469999999999999751e+00 3.601113982010210207e-05
4.529999999999999361e+00 2.942979357711836158e-05
4.589999999999999858e+00 2.322097636675549592e-05
4.650000000000000355e+00 1.750886453322231668e-05
4.709999999999999964e+00 1.614292474694232313e-05
4.769999999999999574e+00 9.313225815543785182e-06
4.830000000000000071e+00 9.561578503958286188e-06
4.889999999999999680e+00 6.581346242984177555e-06
4.949999999999999289e+00 4.718701079875518266e-06
5.009999999999999787e+00 3.973643014631956803e-06
5.070000000000000284e+00 2.235174195730508206e-06
5.129999999999999893e+00 2.483526884144972790e-06
5.189999999999999503e+00 1.614292474694256115e-06
5.250000000000000000e+00 1.490116130487005612e-06
5.309999999999999609e+00 7.450580652434917946e-07
5.369999999999999218e+00 7.450580652435028061e-07
5.429999999999999716e+00 2.483526884144973002e-07
5.490000000000000213e+00 4.967053768290019060e-07
5.549999999999999822e+00 3.725290326217458973e-07
5.609999999999999432e+00 2.483526884145009530e-07
5.669999999999999929e+00 2.483526884144973002e-07
5.730000000000000426e+00 1.241763442072504765e-07
5.789999999999999147e+00 2.483526884145009530e-07
5.849999999999999645e+00 1.241763442072486501e-07
5.910000000000000142e+00 0.000000000000000000e+00
5.969999999999999751e+00 0.000000000000000000e+00
