2.999999999999999889e-02 9.635897974173228409e-02
8.999999999999999667e-02 1.621622592210769653e-01
1.499999999999999944e-01 2.417234083016713553e-01
2.099999999999999922e-01 3.236896047989527569e-01
2.700000000000000178e-01 4.035051912069320679e-01
3.299999999999999600e-01 4.801289488871892663e-01
3.900000000000000133e-01 5.502204100290934985e-01
4.499999999999999556e-01 6.108180930217107507e-01
5.100000000000000089e-01 6.625761588414503800e-01
5.700000000000000622e-01 7.040768861770636544e-01
6.299999999999998934e-01 7.346510887146002755e-01
6.899999999999999467e-01 7.541120052337639823e-01
7.500000000000000000e-01 7.625540097554518448e-01
8.100000000000000533e-01 7.622275501489647054e-01
8.699999999999998845e-01 7.521029561758049153e-01
9.299999999999999378e-01 7.335110257069262785e-01
9.899999999999999911e-01 7.077158739169432389e-01
1.050000000000000044e+00 6.781527151664091813e-01
1.109999999999999876e+00 6.425641477108019473e-01
1.169999999999999929e+00 6.047771622737243558e-01
1.229999999999999982e+00 5.639950434366857168e-01
1.290000000000000036e+00 5.223554869492863517e-01
1.349999999999999867e+00 4.814140498638148635e-01
1.409999999999999920e+00 4.396349191665645528e-01
1.469999999999999973e+00 3.998739024003343245e-01
1.530000000000000027e+00 3.611614306767778615e-01
1.589999999999999858e+00 3.248417129119246516e-01
1.649999999999999911e+00 2.900396784146624385e-01
1.709999999999999964e+00 2.576420704523720295e-01
1.770000000000000018e+00 2.284515649080282873e-01
1.829999999999999849e+00 2.009671181440351728e-01
1.889999999999999902e+00 1.763968418041863551e-01
1.949999999999999956e+00 1.537685592969257331e-01
2.009999999999999787e+00 1.339729875326155506e-01
2.070000000000000284e+00 1.158251116673150588e-01
2.129999999999999893e+00 9.998679161071769017e-02
2.189999999999999947e+00 8.597970008850153167e-02
2.250000000000000000e+00 7.357671856880181049e-02
2.309999999999999609e+00 6.265901029109949283e-02
2.370000000000000107e+00 5.345369378725682574e-02
2.429999999999999716e+00 4.531530042489365778e-02
2.490000000000000213e+00 3.826717535654700075e-02
2.549999999999999822e+00 3.223543365796404520e-02
2.609999999999999876e+00 2.701518436272956625e-02
2.669999999999999929e+00 2.259835600852964227e-02
2.729999999999999538e+00 1.892534395058947938e-02
2.790000000000000036e+00 1.582317054271696610e-02
2.849999999999999645e+00 1.310420533021289941e-02
2.910000000000000142e+00 1.086021463076272675e-02
2.969999999999999751e+00 8.980184793472281365e-03
3.030000000000000249e+00 7.462004820505771345e-03
3.089999999999999858e+00 6.058067083358759444e-03
3.149999999999999911e+00 5.015358328819307862e-03
3.209999999999999964e+00 4.105145732561743185e-03
3.269999999999999574e+00 3.361701965332028214e-03
3.330000000000000071e+00 2.743800481160479313e-03
3.389999999999999680e+00 2.210338910420733653e-03
3.450000000000000178e+00 1.778081059455870064e-03
3.509999999999999787e+00 1.412009199460346337e-03
3.569999999999999840e+00 1.167630155881253448e-03
3.629999999999999893e+00 9.336819251378368966e-04
3.689999999999999503e+00 7.286667823791497401e-04
3.750000000000000000e+00 6.002684434254959133e-04
3.809999999999999609e+00 4.816800355911250546e-04
3.870000000000000107e+00 3.815939029057817205e-04
3.929999999999999716e+00 3.055979808171587278e-04
3.989999999999999769e+00 2.458691596984879544e-04
4.049999999999999822e+00 1.960744460423771262e-04
4.109999999999999432e+00 1.591940720876068333e-04
4.169999999999999929e+00 1.203268766403188213e-04
4.230000000000000426e+00 9.549160798390768270e-05
4.290000000000000036e+00 7.624427477518654203e-05
4.349999999999999645e+00 6.121893723805785649e-05
4.410000000000000142e+00 4.880130290985139270e-05
4.469999999999999751e+00 4.110236962636277516e-05
4.529999999999999361e+00 2.533197402954118164e-05
4.589999999999999858e+00 2.185503641764304734e-05
4.650000000000000355e+00 1.812974611918143482e-05
4.709999999999999964e+00 1.390775044759103120e-05
4.769999999999999574e+00 1.142422358194994377e-05
4.830000000000000071e+00 8.443991343180393881e-06
4.889999999999999680e+00 6.705522537231389408e-06
4.949999999999999289e+00 4.470348358154325674e-06
5.009999999999999787e+00 4.097819328308071587e-06
5.070000000000000284e+00 2.607703208923356784e-06
5.129999999999999893e+00 2.359350522359192475e-06
5.189999999999999503e+00 1.614292462666839944e-06
5.250000000000000000e+00 1.738468805948904523e-06
5.309999999999999609e+00 7.450580596923766715e-07
5.369999999999999218e+00 9.934107462565168400e-07
5.429999999999999716e+00 9.934107462565022287e-07
5.490000000000000213e+00 2.483526865641292100e-07
5.549999999999999822e+00 4.967053731282511143e-07
5.609999999999999432e+00 1.241763432820646050e-07
5.669999999999999929e+00 2.483526865641255572e-07
5.730000000000000426e+00 3.725290298461938415e-07
5.789999999999999147e+00 2.483526865641292100e-07
5.849999999999999645e+00 0.000000000000000000e+00
5.910000000000000142e+00 0.000000000000000000e+00
5.969999999999999751e+00 1.241763432820627786e-07
