2.999999999999999889e-02 9.639710259733424991e-02
8.999999999999999667e-02 1.618290952977719244e-01
1.499999999999999944e-01 2.418181566532812410e-01
2.099999999999999922e-01 3.232537482424608366e-01
2.700000000000000178e-01 4.034859468799279480e-01
3.299999999999999600e-01 4.796799308037752452e-01
3.900000000000000133e-01 5.499430041755959397e-01
4.499999999999999556e-01 6.115146026873186091e-01
5.100000000000000089e-01 6.633224636067130975e-01
5.700000000000000622e-01 7.044367544683578508e-01
6.299999999999998934e-01 7.348878984765807587e-01
6.899999999999999467e-01 7.536316967529426147e-01
7.500000000000000000e-01 7.633840101216032847e-01
8.100000000000000533e-01 7.614315854616340307e-01
8.699999999999998845e-01 7.509881065611159201e-01
9.299999999999999378e-01 7.334290747848325465e-01
9.899999999999999911e-01 7.087990694403571990e-01
1.050000000000000044e+00 6.774743448506365118e-01
1.109999999999999876e+00 6.428300140512257510e-01
1.169999999999999929e+00 6.042137787059970178e-01
1.229999999999999982e+00 5.645924600307573593e-01
1.290000000000000036e+00 5.228535621577533599e-01
1.349999999999999867e+00 4.813758071366132651e-01
1.409999999999999920e+00 4.396128190528311164e-01
1.469999999999999973e+00 3.999371111388285716e-01
1.530000000000000027e+00 3.612615195010712155e-01
1.589999999999999858e+00 3.243674858736565469e-01
1.649999999999999911e+00 2.900883577025556437e-01
1.709999999999999964e+00 2.582507848112590154e-01
1.770000000000000018e+00 2.284350511563455199e-01
1.829999999999999849e+00 2.010112022435504575e-01
1.889999999999999902e+00 1.761160804041926320e-01
1.949999999999999956e+00 1.541155091483058237e-01
2.009999999999999787e+00 1.338643342296107486e-01
2.070000000000000284e+00 1.159126568529455087e-01
2.129999999999999893e+00 1.000024385750474532e-01
2.189999999999999947e+00 8.564777736103423855e-02
2.250000000000000000e+00 7.347837145237894052e-02
2.309999999999999609e+00 6.269291089991407828e-02
2.370000000000000107e+00 5.342761715323435939e-02
2.429999999999999716e+00 4.523793890007784396e-02
2.490000000000000213e+00 3.832814622666544380e-02
2.549999999999999822e+00 3.227715714979038225e-02
2.609999999999999876e+00 2.712706745013911125e-02
2.669999999999999929e+00 2.259090559624808009e-02
2.729999999999999538e+00 1.887045814745467662e-02
2.790000000000000036e+00 1.584117623051882473e-02
2.849999999999999645e+00 1.308272292029898434e-02
2.910000000000000142e+00 1.083339262132886581e-02
2.969999999999999751e+00 8.999059664699375627e-03
3.030000000000000249e+00 7.323175723278335138e-03
3.089999999999999858e+00 6.019075756413800118e-03
3.149999999999999911e+00 4.954760310213501481e-03
3.209999999999999964e+00 4.083663255599608716e-03
3.269999999999999574e+00 3.361081108657623835e-03
3.330000000000000071e+00 2.703443189736029657e-03
3.389999999999999680e+00 2.183144307507654466e-03
3.450000000000000178e+00 1.772741489902694570e-03
3.509999999999999787e+00 1.441066474525130956e-03
3.569999999999999840e+00 1.168251046301812352e-03
3.629999999999999893e+00 9.441127450077183752e-04
3.689999999999999503e+00 7.518877641748961246e-04
3.750000000000000000e+00 6.018827403725385402e-04
3.809999999999999609e+00 4.748503402485223048e-04
3.870000000000000107e+00 3.945082455464318317e-04
3.929999999999999716e+00 3.166496777284863516e-04
3.989999999999999769e+00 2.451241034651123929e-04
4.049999999999999822e+00 1.930942152422716429e-04
4.109999999999999432e+00 1.565863700453428461e-04
4.169999999999999929e+00 1.221895226999326586e-04
4.230000000000000426e+00 1.036872474130541403e-04
4.290000000000000036e+00 7.686515706428690006e-05
4.349999999999999645e+00 6.233652479203973386e-05
4.410000000000000142e+00 5.352000435332495407e-05
4.469999999999999751e+00 3.750125595058908439e-05
4.529999999999999361e+00 3.029902798656911595e-05
4.589999999999999858e+00 2.024074410578152790e-05
4.650000000000000355e+00 1.850227528688032071e-05
4.709999999999999964e+00 1.266598710913935987e-05
4.769999999999999574e+00 1.328686883017579958e-05
4.830000000000000071e+00 9.437402159751036532e-06
4.889999999999999680e+00 8.319815061885659185e-06
4.949999999999999289e+00 6.332993554569773957e-06
5.009999999999999787e+00 4.346172047253702382e-06
5.070000000000000284e+00 3.973643014632015248e-06
5.129999999999999893e+00 1.862645163108729381e-06
5.189999999999999503e+00 3.725290326217513819e-06
5.250000000000000000e+00 1.738468818901506618e-06
5.309999999999999609e+00 1.241763442072486395e-06
5.369999999999999218e+00 9.934107536580038120e-07
5.429999999999999716e+00 4.967053768289946003e-07
5.490000000000000213e+00 3.725290326217514030e-07
5.549999999999999822e+00 6.208817210362431975e-07
5.609999999999999432e+00 2.483526884145009530e-07
5.669999999999999929e+00 1.241763442072486501e-07
5.730000000000000426e+00 1.241763442072504765e-07
5.789999999999999147e+00 0.000000000000000000e+00
5.849999999999999645e+00 1.241763442072486501e-07
5.910000000000000142e+00 1.241763442072504765e-07
5.969999999999999751e+00 0.000000000000000000e+00
