2.999999999999999889e-02 9.602072409804209008e-02
8.999999999999999667e-02 1.617504916718887353e-01
1.499999999999999944e-01 2.417621531220437714e-01
2.099999999999999922e-01 3.232138876359703095e-01
2.700000000000000178e-01 4.040010303556995641e-01
3.299999999999999600e-01 4.798520392168464932e-01
3.900000000000000133e-01 5.497328978011972733e-01
4.499999999999999556e-01 6.111639286912774471e-01
5.100000000000000089e-01 6.625405251672400464e-01
5.700000000000000622e-01 7.043266100510461314e-01
6.299999999999998934e-01 7.352029338618345511e-01
6.899999999999999467e-01 7.539875861554405923e-01
7.500000000000000000e-01 7.631277101471595214e-01
8.100000000000000533e-01 7.617806451652006094e-01
8.699999999999998845e-01 7.516988919553582171e-01
9.299999999999999378e-01 7.336136008323245195e-01
9.899999999999999911e-01 7.084203315905251985e-01
1.050000000000000044e+00 6.777783285412558589e-01
1.109999999999999876e+00 6.430242258535657784e-01
1.169999999999999929e+00 6.048391307754247270e-01
1.229999999999999982e+00 5.636925540642874211e-01
1.290000000000000036e+00 5.229674318653912968e-01
1.349999999999999867e+00 4.810499684094134420e-01
1.409999999999999920e+00 4.399942887822357873e-01
1.469999999999999973e+00 3.997651269021015308e-01
1.530000000000000027e+00 3.611486432041868255e-01
1.589999999999999858e+00 3.242148731466258371e-01
1.649999999999999911e+00 2.902074428166504516e-01
1.709999999999999964e+00 2.580517301314947387e-01
1.770000000000000018e+00 2.285067009069531030e-01
1.829999999999999849e+00 2.010037516628980225e-01
1.889999999999999902e+00 1.762719217161727581e-01
1.949999999999999956e+00 1.539544524298690487e-01
2.009999999999999787e+00 1.337474842897117266e-01
2.070000000000000284e+00 1.159435767626531139e-01
2.129999999999999893e+00 1.000079023341925721e-01
2.189999999999999947e+00 8.580101096978599851e-02
2.250000000000000000e+00 7.371654168056845924e-02
2.309999999999999609e+00 6.295753068941972730e-02
2.370000000000000107e+00 5.332691013808228686e-02
2.429999999999999716e+00 4.535615477976313870e-02
2.490000000000000213e+00 3.818708189964600125e-02
2.549999999999999822e+00 3.214143240557185144e-02
2.609999999999999876e+00 2.701394280056630334e-02
2.669999999999999929e+00 2.268453455978034980e-02
2.729999999999999538e+00 1.891069128297782551e-02
2.790000000000000036e+00 1.578343423046245364e-02
2.849999999999999645e+00 1.302659521271730576e-02
2.910000000000000142e+00 1.085599271597458525e-02
2.969999999999999751e+00 8.932997849581118810e-03
3.030000000000000249e+00 7.339815353402106592e-03
3.089999999999999858e+00 6.047139610204638541e-03
3.149999999999999911e+00 4.926696456422662192e-03
3.209999999999999964e+00 4.049018055565786062e-03
3.269999999999999574e+00 3.319854562380816949e-03
3.330000000000000071e+00 2.678980449927201909e-03
3.389999999999999680e+00 2.197921292468316742e-03
3.450000000000000178e+00 1.801674578102983740e-03
3.509999999999999787e+00 1.442184061622996203e-03
3.569999999999999840e+00 1.148382831228652408e-03
3.629999999999999893e+00 9.550402632979563449e-04
3.689999999999999503e+00 7.465481813739842810e-04
3.750000000000000000e+00 6.016343876841240409e-04
3.809999999999999609e+00 4.954636133869256935e-04
3.870000000000000107e+00 3.799796132741836219e-04
3.929999999999999716e+00 3.051012777172121336e-04
3.989999999999999769e+00 2.487252174471227414e-04
4.049999999999999822e+00 1.939634496517223634e-04
4.109999999999999432e+00 1.553446066032703225e-04
4.169999999999999929e+00 1.183400560295079463e-04
4.230000000000000426e+00 1.004586624636656357e-04
4.290000000000000036e+00 7.885197857160288100e-05
4.349999999999999645e+00 5.935629253106572856e-05
4.410000000000000142e+00 4.842877424082768430e-05
4.469999999999999751e+00 3.688037422955284288e-05
4.529999999999999361e+00 2.980232260974011055e-05
4.589999999999999858e+00 2.346932905516999185e-05
4.650000000000000355e+00 1.539786668169905898e-05
4.709999999999999964e+00 1.167257635548137279e-05
4.769999999999999574e+00 1.142422366706704289e-05
4.830000000000000071e+00 9.561578503958286188e-06
4.889999999999999680e+00 6.208817210362431975e-06
4.949999999999999289e+00 5.712111833533521443e-06
5.009999999999999787e+00 3.849466670424707994e-06
5.070000000000000284e+00 3.601113982010263739e-06
5.129999999999999893e+00 2.731879572559469984e-06
5.189999999999999503e+00 2.235174195730508206e-06
5.250000000000000000e+00 8.692344094507533090e-07
5.309999999999999609e+00 6.208817210362431975e-07
5.369999999999999218e+00 9.934107536580038120e-07
5.429999999999999716e+00 8.692344094507404977e-07
5.490000000000000213e+00 2.483526884145009530e-07
5.549999999999999822e+00 3.725290326217458973e-07
5.609999999999999432e+00 1.241763442072504765e-07
5.669999999999999929e+00 3.725290326217458973e-07
5.730000000000000426e+00 1.241763442072504765e-07
5.789999999999999147e+00 1.241763442072504765e-07
5.849999999999999645e+00 0.000000000000000000e+00
5.910000000000000142e+00 0.000000000000000000e+00
5.969999999999999751e+00 1.241763442072486501e-07
