2.999999999999999889e-02 9.577435823113490676e-02
8.999999999999999667e-02 1.613518856069834639e-01
1.499999999999999944e-01 2.414694694787472840e-01
2.099999999999999922e-01 3.230494781562399109e-01
2.700000000000000178e-01 4.032367249571039980e-01
3.299999999999999600e-01 4.795886611907829167e-01
3.900000000000000133e-01 5.497933716808263149e-01
4.499999999999999556e-01 6.107099399768556314e-01
5.100000000000000089e-01 6.628764221783206567e-01
5.700000000000000622e-01 7.043331913972890046e-01
6.299999999999998934e-01 7.342254176802350818e-01
6.899999999999999467e-01 7.549920486037331457e-01
7.500000000000000000e-01 7.631293244396341047e-01
8.100000000000000533e-01 7.623778092044932730e-01
8.699999999999998845e-01 7.519918239513431191e-01
9.299999999999999378e-01 7.340200300069148476e-01
9.899999999999999911e-01 7.086013807003793685e-01
1.050000000000000044e+00 6.780540000253959532e-01
1.109999999999999876e+00 6.431957133849161012e-01
1.169999999999999929e+00 6.051277165993624862e-01
1.229999999999999982e+00 5.644707672134342546e-01
1.290000000000000036e+00 5.226474294263692144e-01
1.349999999999999867e+00 4.816251532357814225e-01
1.409999999999999920e+00 4.403655760514154083e-01
1.469999999999999973e+00 4.001463482788177872e-01
1.530000000000000027e+00 3.614285366840300218e-01
1.589999999999999858e+00 3.246925795427910710e-01
1.649999999999999911e+00 2.896665306612836721e-01
1.709999999999999964e+00 2.578958888195146404e-01
1.770000000000000018e+00 2.280540781323176780e-01
1.829999999999999849e+00 2.009098743466773418e-01
1.889999999999999902e+00 1.762489490924944169e-01
1.949999999999999956e+00 1.538236947394188148e-01
2.009999999999999787e+00 1.337985207671809063e-01
2.070000000000000284e+00 1.157738277001218036e-01
2.129999999999999893e+00 9.978016291891647627e-02
2.189999999999999947e+00 8.584273422143963439e-02
2.250000000000000000e+00 7.355796848901580143e-02
2.309999999999999609e+00 6.266720639666317760e-02
2.370000000000000107e+00 5.325079003908323588e-02
2.429999999999999716e+00 4.530474577326133734e-02
2.490000000000000213e+00 3.817255326737375304e-02
2.549999999999999822e+00 3.212367518835022168e-02
2.609999999999999876e+00 2.703778465865409528e-02
2.669999999999999929e+00 2.265386300276115566e-02
2.729999999999999538e+00 1.889616265070557730e-02
2.790000000000000036e+00 1.576741548205971843e-02
2.849999999999999645e+00 1.312146593969164624e-02
2.910000000000000142e+00 1.073653507284721108e-02
2.969999999999999751e+00 8.873144851673224476e-03
3.030000000000000249e+00 7.327894424358210625e-03
3.089999999999999858e+00 6.022428517707395859e-03
3.149999999999999911e+00 4.922598637063822953e-03
3.209999999999999964e+00 4.018843203923424395e-03
3.269999999999999574e+00 3.278503839759802814e-03
3.330000000000000071e+00 2.694129963920485933e-03
3.389999999999999680e+00 2.189228948373809699e-03
3.450000000000000178e+00 1.761193089891420352e-03
3.509999999999999787e+00 1.426786194941297246e-03
3.569999999999999840e+00 1.158937820486268628e-03
3.629999999999999893e+00 9.284665256376049185e-04
3.689999999999999503e+00 7.521361168633105155e-04
3.750000000000000000e+00 6.126860823185692603e-04
3.809999999999999609e+00 4.784514542305324906e-04
3.870000000000000107e+00 3.846983143540591088e-04
3.929999999999999716e+00 3.017485164236163929e-04
3.989999999999999769e+00 2.515812733638894834e-04
4.049999999999999822e+00 1.950810367495876103e-04
4.109999999999999432e+00 1.512467872444310567e-04
4.169999999999999929e+00 1.251697549609066232e-04
4.230000000000000426e+00 9.847184095634962768e-05
4.290000000000000036e+00 7.587174631062891636e-05
4.349999999999999645e+00 6.146729038258898626e-05
4.410000000000000142e+00 4.942218499448568832e-05
4.469999999999999751e+00 3.588696347589485919e-05
4.529999999999999361e+00 2.905726454449660922e-05
4.589999999999999858e+00 2.346932905516999185e-05
4.650000000000000355e+00 2.110997851523258042e-05
4.709999999999999964e+00 1.167257635548137279e-05
4.769999999999999574e+00 9.685754848165535844e-06
4.830000000000000071e+00 9.064873127129285870e-06
4.889999999999999680e+00 6.705522587191425516e-06
4.949999999999999289e+00 5.339582800911769934e-06
5.009999999999999787e+00 3.973643014631956803e-06
5.070000000000000284e+00 2.359350539937759133e-06
5.129999999999999893e+00 1.862645163108729381e-06
5.189999999999999503e+00 2.110997851523258127e-06
5.250000000000000000e+00 9.934107536580038120e-07
5.309999999999999609e+00 1.117587097865237586e-06
5.369999999999999218e+00 6.208817210362524090e-07
5.429999999999999716e+00 3.725290326217458973e-07
5.490000000000000213e+00 4.967053768290019060e-07
5.549999999999999822e+00 2.483526884144973002e-07
5.609999999999999432e+00 1.241763442072504765e-07
5.669999999999999929e+00 3.725290326217458973e-07
5.730000000000000426e+00 2.483526884145009530e-07
5.789999999999999147e+00 0.000000000000000000e+00
5.849999999999999645e+00 0.000000000000000000e+00
5.910000000000000142e+00 0.000000000000000000e+00
5.969999999999999751e+00 0.000000000000000000e+00
