2.999999999999999889e-02 9.625901850257580217e-02
8.999999999999999667e-02 1.619322858398081488e-01
1.499999999999999944e-01 2.416214613240569575e-01
2.099999999999999922e-01 3.233640168361168743e-01
2.700000000000000178e-01 4.037637293619195100e-01
3.299999999999999600e-01 4.800282454492765805e-01
3.900000000000000133e-01 5.492230297318824173e-01
4.499999999999999556e-01 6.111373549536170957e-01
5.100000000000000089e-01 6.627998053739447837e-01
5.700000000000000622e-01 7.041675401541166446e-01
6.299999999999998934e-01 7.340092266649701491e-01
6.899999999999999467e-01 7.535984174926951829e-01
7.500000000000000000e-01 7.627993878930754423e-01
8.100000000000000533e-01 7.621963875656064813e-01
8.699999999999998845e-01 7.514350172239178116e-01
9.299999999999999378e-01 7.337190265485564744e-01
9.899999999999999911e-01 7.091491225546775468e-01
1.050000000000000044e+00 6.783234626923256849e-01
1.109999999999999876e+00 6.424934961584241044e-01
1.169999999999999929e+00 6.048244779668083826e-01
1.229999999999999982e+00 5.647184990201277177e-01
1.290000000000000036e+00 5.232669452076191829e-01
1.349999999999999867e+00 4.814088380441723380e-01
1.409999999999999920e+00 4.399730546273763476e-01
1.469999999999999973e+00 3.998746504376923250e-01
1.530000000000000027e+00 3.611013320170438634e-01
1.589999999999999858e+00 3.243021691166034781e-01
1.649999999999999911e+00 2.902510287134671962e-01
1.709999999999999964e+00 2.581314513444757930e-01
1.770000000000000018e+00 2.286014474575832622e-01
1.829999999999999849e+00 2.009745702220093189e-01
1.889999999999999902e+00 1.759325477674543448e-01
1.949999999999999956e+00 1.540221285374619720e-01
2.009999999999999787e+00 1.337786525521077463e-01
2.070000000000000284e+00 1.156666635150709471e-01
2.129999999999999893e+00 9.991911624808438863e-02
2.189999999999999947e+00 8.597411279361089065e-02
2.250000000000000000e+00 7.364588534071453418e-02
2.309999999999999609e+00 6.264634477083635966e-02
2.370000000000000107e+00 5.322434047776709171e-02
2.429999999999999716e+00 4.529369407862689906e-02
2.490000000000000213e+00 3.833038140086117429e-02
2.549999999999999822e+00 3.211386525715784201e-02
2.609999999999999876e+00 2.708708266730437339e-02
2.669999999999999929e+00 2.258221325215357608e-02
2.729999999999999538e+00 1.892472320987324819e-02
2.790000000000000036e+00 1.570594819167712985e-02
2.849999999999999645e+00 1.299555112666549508e-02
2.910000000000000142e+00 1.081215846646942612e-02
2.969999999999999751e+00 8.935853905497883817e-03
3.030000000000000249e+00 7.330129598553941118e-03
3.089999999999999858e+00 6.051858311284514028e-03
3.149999999999999911e+00 4.936009682238205916e-03
3.209999999999999964e+00 4.057834576004501655e-03
3.269999999999999574e+00 3.330285375294225921e-03
3.330000000000000071e+00 2.700711310163470599e-03
3.389999999999999680e+00 2.206986165595446400e-03
3.450000000000000178e+00 1.763552440431358096e-03
3.509999999999999787e+00 1.439328005706229678e-03
3.569999999999999840e+00 1.164898285008216612e-03
3.629999999999999893e+00 9.298324654238845563e-04
3.689999999999999503e+00 7.531295276169685127e-04
3.750000000000000000e+00 5.984058027347356583e-04
3.809999999999999609e+00 4.931042628469879500e-04
3.870000000000000107e+00 3.878027229592403502e-04
3.929999999999999716e+00 3.077089809455643764e-04
3.989999999999999769e+00 2.492219228239516858e-04
4.049999999999999822e+00 1.961986238474528301e-04
4.109999999999999432e+00 1.524885506865035804e-04
4.169999999999999929e+00 1.303851614176110545e-04
4.230000000000000426e+00 1.003344861194583861e-04
4.290000000000000036e+00 7.549921727800716739e-05
4.349999999999999645e+00 5.861123446582222385e-05
4.410000000000000142e+00 4.457930757040291786e-05
4.469999999999999751e+00 3.688037422955284288e-05
4.529999999999999361e+00 3.029902798656911595e-05
4.589999999999999858e+00 2.297262367834099661e-05
4.650000000000000355e+00 1.663963012377156570e-05
4.709999999999999964e+00 1.216928173231036633e-05
4.769999999999999574e+00 9.561578503958286188e-06
4.830000000000000071e+00 7.078051619813276128e-06
4.889999999999999680e+00 7.202227964020420752e-06
4.949999999999999289e+00 6.208817210362523454e-06
5.009999999999999787e+00 3.228584949388464373e-06
5.070000000000000284e+00 3.601113982010263739e-06
5.129999999999999893e+00 2.856055916766718370e-06
5.189999999999999503e+00 2.235174195730508206e-06
5.250000000000000000e+00 1.490116130487005612e-06
5.309999999999999609e+00 1.241763442072486395e-06
5.369999999999999218e+00 9.934107536580038120e-07
5.429999999999999716e+00 7.450580652434917946e-07
5.490000000000000213e+00 6.208817210362524090e-07
5.549999999999999822e+00 6.208817210362431975e-07
5.609999999999999432e+00 6.208817210362524090e-07
5.669999999999999929e+00 1.241763442072486501e-07
5.730000000000000426e+00 2.483526884145009530e-07
5.789999999999999147e+00 0.000000000000000000e+00
5.849999999999999645e+00 2.483526884144973002e-07
5.910000000000000142e+00 0.000000000000000000e+00
5.969999999999999751e+00 1.241763442072486501e-07
