2.999999999999999889e-02 9.590151409308116104e-02
8.999999999999999667e-02 1.618519425392150879e-01
1.499999999999999944e-01 2.409737557172775269e-01
2.099999999999999922e-01 3.232378512620925903e-01
2.700000000000000178e-01 4.035701354344686242e-01
3.299999999999999600e-01 4.802223294973373413e-01
3.900000000000000133e-01 5.492175618807475512e-01
4.499999999999999556e-01 6.113196412722270434e-01
5.100000000000000089e-01 6.626808394988371598e-01
5.700000000000000622e-01 7.042746990919119821e-01
6.299999999999998934e-01 7.345341145992285714e-01
6.899999999999999467e-01 7.540628314018242850e-01
7.500000000000000000e-01 7.635202258825295463e-01
8.100000000000000533e-01 7.620902111132946688e-01
8.699999999999998845e-01 7.519027839104341915e-01
9.299999999999999378e-01 7.338364919026686417e-01
9.899999999999999911e-01 7.089958836634947525e-01
1.050000000000000044e+00 6.778379281361891495e-01
1.109999999999999876e+00 6.426837295293825747e-01
1.169999999999999929e+00 6.046034395694727115e-01
1.229999999999999982e+00 5.642189333836232779e-01
1.290000000000000036e+00 5.231620122989033561e-01
1.349999999999999867e+00 4.813537001609797805e-01
1.409999999999999920e+00 4.403820882240927492e-01
1.469999999999999973e+00 3.997328380743658816e-01
1.530000000000000027e+00 3.614158680041628102e-01
1.589999999999999858e+00 3.246354560057331251e-01
1.649999999999999911e+00 2.900658796230949354e-01
1.709999999999999964e+00 2.580985426902768776e-01
1.770000000000000018e+00 2.282227079073594345e-01
1.829999999999999849e+00 2.009623994429904359e-01
1.889999999999999902e+00 1.761327187220254054e-01
1.949999999999999956e+00 1.538466662168501420e-01
2.009999999999999787e+00 1.335988442103066831e-01
2.070000000000000284e+00 1.159029702345529128e-01
2.129999999999999893e+00 9.992445508639008489e-02
2.189999999999999947e+00 8.599845071633713256e-02
2.250000000000000000e+00 7.340945303440087055e-02
2.309999999999999609e+00 6.264895200729364566e-02
2.370000000000000107e+00 5.335733294486994654e-02
2.429999999999999716e+00 4.520912965138749323e-02
2.490000000000000213e+00 3.815305729707078874e-02
2.549999999999999822e+00 3.219048182169593347e-02
2.609999999999999876e+00 2.700984477996843866e-02
2.669999999999999929e+00 2.264839907487231629e-02
2.729999999999999538e+00 1.898407936096189672e-02
2.790000000000000036e+00 1.578840116659798939e-02
2.849999999999999645e+00 1.300374666849771037e-02
2.910000000000000142e+00 1.076882084210712721e-02
2.969999999999999751e+00 8.960813283920279412e-03
3.030000000000000249e+00 7.360180219014479316e-03
3.089999999999999858e+00 6.022180120150242427e-03
3.149999999999999911e+00 4.949048161506684924e-03
3.209999999999999964e+00 4.058331251144405710e-03
3.269999999999999574e+00 3.309423724810279643e-03
3.330000000000000071e+00 2.690404653549191734e-03
3.389999999999999680e+00 2.180660764376320549e-03
3.450000000000000178e+00 1.803661386171975063e-03
3.509999999999999787e+00 1.408408085505166414e-03
3.569999999999999840e+00 1.146396001180020538e-03
3.629999999999999893e+00 9.285906950632723169e-04
3.689999999999999503e+00 7.490317026774081675e-04
3.750000000000000000e+00 6.079673767089838329e-04
3.809999999999999609e+00 4.784514506657913777e-04
3.870000000000000107e+00 3.725290298461910810e-04
3.929999999999999716e+00 3.028661012649533422e-04
3.989999999999999769e+00 2.535680929819759282e-04
4.049999999999999822e+00 2.026557922363264445e-04
4.109999999999999432e+00 1.588215430577606419e-04
4.169999999999999929e+00 1.231829325358062797e-04
4.230000000000000426e+00 9.636084238688213835e-05
4.290000000000000036e+00 7.922450701395604617e-05
4.349999999999999645e+00 5.848705768585243025e-05
4.410000000000000142e+00 4.718701044718455424e-05
4.469999999999999751e+00 3.688037395477264429e-05
4.529999999999999361e+00 2.980232238769550562e-05
4.589999999999999858e+00 2.110997835795067130e-05
4.650000000000000355e+00 1.974403858184827328e-05
4.709999999999999964e+00 1.564621925353991031e-05
4.769999999999999574e+00 1.365939776102710745e-05
4.830000000000000071e+00 8.692344029744522615e-06
4.889999999999999680e+00 5.836288134256950699e-06
4.949999999999999289e+00 3.725290298461938203e-06
5.009999999999999787e+00 5.339582761128699162e-06
5.070000000000000284e+00 3.228584925333679889e-06
5.129999999999999893e+00 2.856055895487443590e-06
5.189999999999999503e+00 1.738468805948904523e-06
5.250000000000000000e+00 8.692344029744522615e-07
5.309999999999999609e+00 1.241763432820627786e-06
5.369999999999999218e+00 3.725290298461938415e-07
5.429999999999999716e+00 4.967053731282511143e-07
5.490000000000000213e+00 9.934107462565168400e-07
5.549999999999999822e+00 1.241763432820627786e-07
5.609999999999999432e+00 8.692344029744522615e-07
5.669999999999999929e+00 3.725290298461883358e-07
5.730000000000000426e+00 0.000000000000000000e+00
5.789999999999999147e+00 1.241763432820646050e-07
5.849999999999999645e+00 1.241763432820627786e-07
5.910000000000000142e+00 1.241763432820646050e-07
5.969999999999999751e+00 1.241763432820627786e-07
