2.999999999999999889e-02 9.615222827933742056e-02
8.999999999999999667e-02 1.618621286172647333e-01
1.499999999999999944e-01 2.418047492112784247e-01
2.099999999999999922e-01 3.233641458309623462e-01
2.700000000000000178e-01 4.037766497184581138e-01
3.299999999999999600e-01 4.797406601847855612e-01
3.900000000000000133e-01 5.496575309507990559e-01
4.499999999999999556e-01 6.110719231259011952e-01
5.100000000000000089e-01 6.627757250392966037e-01
5.700000000000000622e-01 7.039903510012065491e-01
6.299999999999998934e-01 7.345789586782726088e-01
6.899999999999999467e-01 7.540655801360556243e-01
7.500000000000000000e-01 7.626265457859601193e-01
8.100000000000000533e-01 7.620891105602241034e-01
8.699999999999998845e-01 7.514032392765815915e-01
9.299999999999999378e-01 7.337647343771713793e-01
9.899999999999999911e-01 7.084234465554624105e-01
1.050000000000000044e+00 6.776180269781798549e-01
1.109999999999999876e+00 6.427534068246220089e-01
1.169999999999999929e+00 6.049819425861966415e-01
1.229999999999999982e+00 5.646584060835974084e-01
1.290000000000000036e+00 5.232431111464613815e-01
1.349999999999999867e+00 4.809865214647812692e-01
1.409999999999999920e+00 4.404253114358277488e-01
1.469999999999999973e+00 4.000837693630501235e-01
1.530000000000000027e+00 3.611205847315120954e-01
1.589999999999999858e+00 3.249809218566334645e-01
1.649999999999999911e+00 2.902003690893531496e-01
1.709999999999999964e+00 2.581135737971019251e-01
1.770000000000000018e+00 2.278709214201533606e-01
1.829999999999999849e+00 2.009175762739234261e-01
1.889999999999999902e+00 1.762746562224423996e-01
1.949999999999999956e+00 1.538603290536575130e-01
2.009999999999999787e+00 1.335722734584172677e-01
2.070000000000000284e+00 1.158834771388551899e-01
2.129999999999999893e+00 1.002560081638496081e-01
2.189999999999999947e+00 8.578921549544524239e-02
2.250000000000000000e+00 7.361757423122262944e-02
2.309999999999999609e+00 6.272408009697173770e-02
2.370000000000000107e+00 5.334156374154998964e-02
2.429999999999999716e+00 4.520776472208367508e-02
2.490000000000000213e+00 3.827214326572735137e-02
2.549999999999999822e+00 3.214615158566671432e-02
2.609999999999999876e+00 2.704300046808291377e-02
2.669999999999999929e+00 2.249367585391569627e-02
2.729999999999999538e+00 1.879644932639608357e-02
2.790000000000000036e+00 1.580144003583231274e-02
2.849999999999999645e+00 1.307974288294136943e-02
2.910000000000000142e+00 1.084717635717139493e-02
2.969999999999999751e+00 8.944794735568636218e-03
3.030000000000000249e+00 7.308895552605532663e-03
3.089999999999999858e+00 6.034473713016164607e-03
3.149999999999999911e+00 4.949296624818649674e-03
3.209999999999999964e+00 4.090368839138045984e-03
3.269999999999999574e+00 3.287444585529466969e-03
3.330000000000000071e+00 2.714991630203832194e-03
3.389999999999999680e+00 2.222508241739306299e-03
3.450000000000000178e+00 1.777087688430618612e-03
3.509999999999999787e+00 1.429145566777163551e-03
3.569999999999999840e+00 1.155460900066174884e-03
3.629999999999999893e+00 9.159247285210148169e-04
3.689999999999999503e+00 7.579724163357204423e-04
3.750000000000000000e+00 5.950530503081213939e-04
3.809999999999999609e+00 4.820525753956859168e-04
3.870000000000000107e+00 3.890444921985276058e-04
3.929999999999999716e+00 3.150353899481853092e-04
3.989999999999999769e+00 2.431372855808243286e-04
4.049999999999999822e+00 1.950810396565216625e-04
4.109999999999999432e+00 1.640369531421189688e-04
4.169999999999999929e+00 1.282741654775218477e-04
4.230000000000000426e+00 9.338061223533192050e-05
4.290000000000000036e+00 7.301569148188079262e-05
4.349999999999999645e+00 6.531675802630929355e-05
4.410000000000000142e+00 4.582107169526260167e-05
4.469999999999999751e+00 3.936390170026566509e-05
4.529999999999999361e+00 2.955397036171409009e-05
4.589999999999999858e+00 2.471109286546646050e-05
4.650000000000000355e+00 1.999239171527717959e-05
4.709999999999999964e+00 1.291433998999252130e-05
4.769999999999999574e+00 1.167257652941649006e-05
4.830000000000000071e+00 1.067916576095551125e-05
4.889999999999999680e+00 6.457169994996260652e-06
4.949999999999999289e+00 4.967053842304889839e-06
5.009999999999999787e+00 4.718701150189574831e-06
5.070000000000000284e+00 4.097819419901533799e-06
5.129999999999999893e+00 2.731879613267648542e-06
5.189999999999999503e+00 1.614292498749089092e-06
5.250000000000000000e+00 1.738468844806711232e-06
5.309999999999999609e+00 9.934107684609631447e-07
5.369999999999999218e+00 9.934107684609777560e-07
5.429999999999999716e+00 6.208817302881020184e-07
5.490000000000000213e+00 6.208817302881112299e-07
5.549999999999999822e+00 1.241763460576203931e-07
5.609999999999999432e+00 6.208817302881112299e-07
5.669999999999999929e+00 2.483526921152407862e-07
5.730000000000000426e+00 3.725290381728667379e-07
5.789999999999999147e+00 0.000000000000000000e+00
5.849999999999999645e+00 0.000000000000000000e+00
5.910000000000000142e+00 1.241763460576222195e-07
5.969999999999999751e+00 2.483526921152407862e-07
