2.999999999999999889e-02 9.608206721208047141e-02
8.999999999999999667e-02 1.617303751041271609e-01
1.499999999999999944e-01 2.419398494706043456e-01
2.099999999999999922e-01 3.232800736274327735e-01
2.700000000000000178e-01 4.040169249277581476e-01
3.299999999999999600e-01 4.801926549290070345e-01
3.900000000000000133e-01 5.494162481234687867e-01
4.499999999999999556e-01 6.116128261755866546e-01
5.100000000000000089e-01 6.625971495801985522e-01
5.700000000000000622e-01 7.044281863006075506e-01
6.299999999999998934e-01 7.343687171814501369e-01
6.899999999999999467e-01 7.538020666971949613e-01
7.500000000000000000e-01 7.635100491109735321e-01
8.100000000000000533e-01 7.618305640555719238e-01
8.699999999999998845e-01 7.516625082865054930e-01
9.299999999999999378e-01 7.331792319802875602e-01
9.899999999999999911e-01 7.081471436332691383e-01
1.050000000000000044e+00 6.780290405802102960e-01
1.109999999999999876e+00 6.423817374486375797e-01
1.169999999999999929e+00 6.047946756441986427e-01
1.229999999999999982e+00 5.643032533250985638e-01
1.290000000000000036e+00 5.224594264412395495e-01
1.349999999999999867e+00 4.811002598288173782e-01
1.409999999999999920e+00 4.400334043306610710e-01
1.469999999999999973e+00 3.998884340118993297e-01
1.530000000000000027e+00 3.612318413548057383e-01
1.589999999999999858e+00 3.246147209749731255e-01
1.649999999999999911e+00 2.903595588383042769e-01
1.709999999999999964e+00 2.580086409400548786e-01
1.770000000000000018e+00 2.282995747648154106e-01
1.829999999999999849e+00 2.010996158006260193e-01
1.889999999999999902e+00 1.763648056216397808e-01
1.949999999999999956e+00 1.541541279913543061e-01
2.009999999999999787e+00 1.338861892661912245e-01
2.070000000000000284e+00 1.158285894679172007e-01
2.129999999999999893e+00 1.000124968589282404e-01
2.189999999999999947e+00 8.574078544284548242e-02
2.250000000000000000e+00 7.353077386963441375e-02
2.309999999999999609e+00 6.280380037529116610e-02
2.370000000000000107e+00 5.334553658971337431e-02
2.429999999999999716e+00 4.527717862484732791e-02
2.490000000000000213e+00 3.829263179222216346e-02
2.549999999999999822e+00 3.226523622074648628e-02
2.609999999999999876e+00 2.699109435323216941e-02
2.669999999999999929e+00 2.266118940706938686e-02
2.729999999999999538e+00 1.889740441414764979e-02
2.790000000000000036e+00 1.571228118523169959e-02
2.849999999999999645e+00 1.309725155257123255e-02
2.910000000000000142e+00 1.081079252668314464e-02
2.969999999999999751e+00 8.956467178636288995e-03
3.030000000000000249e+00 7.341429645876799970e-03
3.089999999999999858e+00 6.051361605907685029e-03
3.149999999999999911e+00 4.951407548919905741e-03
3.209999999999999964e+00 4.082421492157536219e-03
3.269999999999999574e+00 3.300731405372900502e-03
3.330000000000000071e+00 2.710397065011636072e-03
3.389999999999999680e+00 2.180164075246680475e-03
3.450000000000000178e+00 1.781682186685616546e-03
3.509999999999999787e+00 1.418093850846789987e-03
3.569999999999999840e+00 1.178806035559428790e-03
3.629999999999999893e+00 9.130686589559059612e-04
3.689999999999999503e+00 7.589658157947092466e-04
3.750000000000000000e+00 6.114443188764968722e-04
3.809999999999999609e+00 4.811833338030920373e-04
3.870000000000000107e+00 3.839532562888156109e-04
3.929999999999999716e+00 3.150353852537921603e-04
3.989999999999999769e+00 2.395361679757861584e-04
4.049999999999999822e+00 1.924733335212353675e-04
4.109999999999999432e+00 1.626710109114981064e-04
4.169999999999999929e+00 1.218169936673108960e-04
4.230000000000000426e+00 9.934107536580037527e-05
4.290000000000000036e+00 8.692344094507404087e-05
4.349999999999999645e+00 5.625188392588446006e-05
4.410000000000000142e+00 4.904965596186393258e-05
4.469999999999999751e+00 3.824631401583258232e-05
4.529999999999999361e+00 3.029902798656911595e-05
4.589999999999999858e+00 2.297262367834099661e-05
4.650000000000000355e+00 1.663963012377156570e-05
4.709999999999999964e+00 1.378357420700459831e-05
4.769999999999999574e+00 1.179675269968879524e-05
4.830000000000000071e+00 8.940696782922032826e-06
4.889999999999999680e+00 5.339582800911691160e-06
4.949999999999999289e+00 4.346172047253766757e-06
5.009999999999999787e+00 3.601113982010210376e-06
5.070000000000000284e+00 3.725290326217513819e-06
5.129999999999999893e+00 2.483526884144972790e-06
5.189999999999999503e+00 2.110997851523258127e-06
5.250000000000000000e+00 1.241763442072504818e-06
5.309999999999999609e+00 1.241763442072486395e-06
5.369999999999999218e+00 7.450580652435028061e-07
5.429999999999999716e+00 2.483526884144973002e-07
5.490000000000000213e+00 2.483526884145009530e-07
5.549999999999999822e+00 0.000000000000000000e+00
5.609999999999999432e+00 4.967053768290019060e-07
5.669999999999999929e+00 2.483526884144973002e-07
5.730000000000000426e+00 1.241763442072504765e-07
5.789999999999999147e+00 1.241763442072504765e-07
5.849999999999999645e+00 0.000000000000000000e+00
5.910000000000000142e+00 0.000000000000000000e+00
5.969999999999999751e+00 0.000000000000000000e+00
