2.999999999999999889e-02 9.622561721679420699e-02
8.999999999999999667e-02 1.617534755196216589e-01
1.499999999999999944e-01 2.418264818735862409e-01
2.099999999999999922e-01 3.233730889371957962e-01
2.700000000000000178e-01 4.034346710672380154e-01
3.299999999999999600e-01 4.798606181103175494e-01
3.900000000000000133e-01 5.500442201905714201e-01
4.499999999999999556e-01 6.111362510264789494e-01
5.100000000000000089e-01 6.626407502881903611e-01
5.700000000000000622e-01 7.037921707965589802e-01
6.299999999999998934e-01 7.341570129242650511e-01
6.899999999999999467e-01 7.535214450018035137e-01
7.500000000000000000e-01 7.632727651776693989e-01
8.100000000000000533e-01 7.621171800926488382e-01
8.699999999999998845e-01 7.519830242390349584e-01
9.299999999999999378e-01 7.334207713630025438e-01
9.899999999999999911e-01 7.088341030131006804e-01
1.050000000000000044e+00 6.781825377002115296e-01
1.109999999999999876e+00 6.428424460542948582e-01
1.169999999999999929e+00 6.048742862008293919e-01
1.229999999999999982e+00 5.645136206700485104e-01
1.290000000000000036e+00 5.228565540767691200e-01
1.349999999999999867e+00 4.811258509097249281e-01
1.409999999999999920e+00 4.399493467792670032e-01
1.469999999999999973e+00 3.999504069472470391e-01
1.530000000000000027e+00 3.611291555900120187e-01
1.589999999999999858e+00 3.248840667272834826e-01
1.649999999999999911e+00 2.900322364776997119e-01
1.709999999999999964e+00 2.581078636082367872e-01
1.770000000000000018e+00 2.285711535385601123e-01
1.829999999999999849e+00 2.008341312657035971e-01
1.889999999999999902e+00 1.761934462048642125e-01
1.949999999999999956e+00 1.538441872748985695e-01
2.009999999999999787e+00 1.338398744813562580e-01
2.070000000000000284e+00 1.157855028644849682e-01
2.129999999999999893e+00 9.989080627433866155e-02
2.189999999999999947e+00 8.589190997357951107e-02
2.250000000000000000e+00 7.354232391344472930e-02
2.309999999999999609e+00 6.271625745444264766e-02
2.370000000000000107e+00 5.322272737491307026e-02
2.429999999999999716e+00 4.526786641084745710e-02
2.490000000000000213e+00 3.833621854592017542e-02
2.549999999999999822e+00 3.223456538422597717e-02
2.609999999999999876e+00 2.707590740151941816e-02
2.669999999999999929e+00 2.259040939580625462e-02
2.729999999999999538e+00 1.884972111929617000e-02
2.790000000000000036e+00 1.568620450356217333e-02
2.849999999999999645e+00 1.305739123793614453e-02
2.910000000000000142e+00 1.081079276832319636e-02
2.969999999999999751e+00 8.952121206684537924e-03
3.030000000000000249e+00 7.309143959755015629e-03
3.089999999999999858e+00 6.041924338795467975e-03
3.149999999999999911e+00 4.988163858299402356e-03
3.209999999999999964e+00 4.081428172630907625e-03
3.269999999999999574e+00 3.294646838147841095e-03
3.330000000000000071e+00 2.719586175270460870e-03
3.389999999999999680e+00 2.162903611746536114e-03
3.450000000000000178e+00 1.793975684860615871e-03
3.509999999999999787e+00 1.432995044181595290e-03
3.569999999999999840e+00 1.150990560183648556e-03
3.629999999999999893e+00 9.307017206361400952e-04
3.689999999999999503e+00 7.474174324895166421e-04
3.750000000000000000e+00 5.961706418644574512e-04
3.809999999999999609e+00 5.046526741381285319e-04
3.870000000000000107e+00 3.853192046876507959e-04
3.929999999999999716e+00 3.008792887393418880e-04
3.989999999999999769e+00 2.479801649246678023e-04
4.049999999999999822e+00 2.048909725216303910e-04
4.109999999999999432e+00 1.596907822198912743e-04
4.169999999999999929e+00 1.210719383082361426e-04
4.230000000000000426e+00 1.012037227909886277e-04
4.290000000000000036e+00 7.947286206899603644e-05
4.349999999999999645e+00 6.221234983838687675e-05
4.410000000000000142e+00 4.582107203665620207e-05
4.469999999999999751e+00 3.948807834053240379e-05
4.529999999999999361e+00 2.781550172414902340e-05
4.589999999999999858e+00 2.222756610992232591e-05
4.650000000000000355e+00 1.688798318966190694e-05
4.709999999999999964e+00 1.266598739224624301e-05
4.769999999999999574e+00 1.266598739224643105e-05
4.830000000000000071e+00 7.947286206899721212e-06
4.889999999999999680e+00 6.208817349140315135e-06
4.949999999999999289e+00 4.967053879312325969e-06
5.009999999999999787e+00 4.221995797415414055e-06
5.070000000000000284e+00 3.352761368535819860e-06
5.129999999999999893e+00 2.235174245690513398e-06
5.189999999999999503e+00 1.614292510776505686e-06
5.250000000000000000e+00 1.490116163793697621e-06
5.309999999999999609e+00 8.692344288796441698e-07
5.369999999999999218e+00 7.450580818968488107e-07
5.429999999999999716e+00 4.967053879312251642e-07
5.490000000000000213e+00 6.208817349140407462e-07
5.549999999999999822e+00 2.483526939656125821e-07
5.609999999999999432e+00 2.483526939656162879e-07
5.669999999999999929e+00 1.241763469828062911e-07
5.730000000000000426e+00 4.967053879312325758e-07
5.789999999999999147e+00 1.241763469828081439e-07
5.849999999999999645e+00 0.000000000000000000e+00
5.910000000000000142e+00 1.241763469828081439e-07
5.969999999999999751e+00 0.000000000000000000e+00
