2.999999999999999889e-02 9.611087612393655333e-02
8.999999999999999667e-02 1.620102685839702739e-01
1.499999999999999944e-01 2.419670440899857333e-01
2.099999999999999922e-01 3.232585911198849193e-01
2.700000000000000178e-01 4.036527157101982288e-01
3.299999999999999600e-01 4.800397938492878547e-01
3.900000000000000133e-01 5.493277103900491287e-01
4.499999999999999556e-01 6.111933584848545653e-01
5.100000000000000089e-01 6.632095873098287075e-01
5.700000000000000622e-01 7.041013541626540695e-01
6.299999999999998934e-01 7.343500907298190494e-01
6.899999999999999467e-01 7.541399505297828876e-01
7.500000000000000000e-01 7.631571399407366396e-01
8.100000000000000533e-01 7.614371733971233569e-01
8.699999999999998845e-01 7.521628147773165018e-01
9.299999999999999378e-01 7.337294573614698834e-01
9.899999999999999911e-01 7.084906154013463908e-01
1.050000000000000044e+00 6.777254294186235706e-01
1.109999999999999876e+00 6.426849760811916834e-01
1.169999999999999929e+00 6.043928409943438718e-01
1.229999999999999982e+00 5.640458357635569353e-01
1.290000000000000036e+00 5.234378118572484695e-01
1.349999999999999867e+00 4.811612304138231377e-01
1.409999999999999920e+00 4.402380469459145629e-01
1.469999999999999973e+00 3.997499773881082463e-01
1.530000000000000027e+00 3.611661520687200477e-01
1.589999999999999858e+00 3.244556510780436387e-01
1.649999999999999911e+00 2.900116167218355634e-01
1.709999999999999964e+00 2.577648827763759920e-01
1.770000000000000018e+00 2.282576031604733879e-01
1.829999999999999849e+00 2.009741976929766971e-01
1.889999999999999902e+00 1.761612805934840986e-01
1.949999999999999956e+00 1.538861554405550336e-01
2.009999999999999787e+00 1.338873068532890898e-01
2.070000000000000284e+00 1.159058271540141100e-01
2.129999999999999893e+00 1.000033078094569039e-01
2.189999999999999947e+00 8.593065107313836715e-02
2.250000000000000000e+00 7.368748441602396282e-02
2.309999999999999609e+00 6.287246989363776128e-02
2.370000000000000107e+00 5.333845853809356108e-02
2.429999999999999716e+00 4.529307319690586281e-02
2.490000000000000213e+00 3.820372152976977964e-02
2.549999999999999822e+00 3.223617895620198986e-02
2.609999999999999876e+00 2.689870715314197566e-02
2.669999999999999929e+00 2.267323451245748661e-02
2.729999999999999538e+00 1.889516923995191930e-02
2.790000000000000036e+00 1.572594058309449705e-02
2.849999999999999645e+00 1.309725155257123255e-02
2.910000000000000142e+00 1.088567086224011618e-02
2.969999999999999751e+00 8.982916739952433172e-03
3.030000000000000249e+00 7.314855908216449411e-03
3.089999999999999858e+00 6.038571442454338314e-03
3.149999999999999911e+00 4.997104443588173614e-03
3.209999999999999964e+00 4.072363208276748997e-03
3.269999999999999574e+00 3.322710618297583691e-03
3.330000000000000071e+00 2.704560776833894904e-03
3.389999999999999680e+00 2.212822453773186700e-03
3.450000000000000178e+00 1.786152535077077533e-03
3.509999999999999787e+00 1.437713713231535215e-03
3.569999999999999840e+00 1.132984964546953233e-03
3.629999999999999893e+00 9.279698202607758115e-04
3.689999999999999503e+00 7.708867448386052135e-04
3.750000000000000000e+00 6.093333210249735196e-04
3.809999999999999609e+00 4.779547488537034920e-04
3.870000000000000107e+00 3.896653681223490951e-04
3.929999999999999716e+00 3.123035056812326136e-04
3.989999999999999769e+00 2.462416905629776940e-04
4.049999999999999822e+00 1.990546797642195722e-04
4.109999999999999432e+00 1.632918926325343818e-04
4.169999999999999929e+00 1.291433979755385851e-04
4.230000000000000426e+00 9.387731622068134975e-05
4.290000000000000036e+00 7.388492480331293542e-05
4.349999999999999645e+00 6.308158285728324534e-05
4.410000000000000142e+00 4.929800865027843867e-05
4.469999999999999751e+00 3.861884304845432451e-05
4.529999999999999361e+00 2.806385379083860520e-05
4.589999999999999858e+00 2.396603443199898708e-05
4.650000000000000355e+00 1.812974625425857174e-05
4.709999999999999964e+00 1.477698496066258708e-05
4.769999999999999574e+00 1.043081291340903886e-05
4.830000000000000071e+00 8.319815061885782852e-06
4.889999999999999680e+00 6.953875275605923981e-06
4.949999999999999289e+00 5.712111833533521443e-06
5.009999999999999787e+00 3.476937637802961991e-06
5.070000000000000284e+00 3.352761293595762733e-06
5.129999999999999893e+00 2.235174195730475172e-06
5.189999999999999503e+00 1.738468818901506618e-06
5.250000000000000000e+00 1.986821507316007624e-06
5.309999999999999609e+00 7.450580652434917946e-07
5.369999999999999218e+00 6.208817210362524090e-07
5.429999999999999716e+00 3.725290326217458973e-07
5.490000000000000213e+00 4.967053768290019060e-07
5.549999999999999822e+00 2.483526884144973002e-07
5.609999999999999432e+00 3.725290326217514030e-07
5.669999999999999929e+00 1.241763442072486501e-07
5.730000000000000426e+00 2.483526884145009530e-07
5.789999999999999147e+00 1.241763442072504765e-07
5.849999999999999645e+00 0.000000000000000000e+00
5.910000000000000142e+00 1.241763442072504765e-07
5.969999999999999751e+00 0.000000000000000000e+00
