2.999999999999999889e-02 9.644354598718860028e-02
8.999999999999999667e-02 1.616994576039292586e-01
1.499999999999999944e-01 2.419235859744555683e-01
2.099999999999999922e-01 3.232201012695355424e-01
2.700000000000000178e-01 4.039930890896365479e-01
3.299999999999999600e-01 4.802689063609146825e-01
3.900000000000000133e-01 5.492992821924227442e-01
4.499999999999999556e-01 6.111413377033473315e-01
5.100000000000000089e-01 6.624429324318621415e-01
5.700000000000000622e-01 7.046093700863038656e-01
6.299999999999998934e-01 7.343371873324984200e-01
6.899999999999999467e-01 7.539895842122683600e-01
7.500000000000000000e-01 7.629762263764583441e-01
8.100000000000000533e-01 7.620462697208342240e-01
8.699999999999998845e-01 7.514860648994020620e-01
9.299999999999999378e-01 7.335213487388985154e-01
9.899999999999999911e-01 7.080199976071211987e-01
1.050000000000000044e+00 6.783844433860474199e-01
1.109999999999999876e+00 6.422876213505599452e-01
1.169999999999999929e+00 6.047348316575419380e-01
1.229999999999999982e+00 5.641970909579933080e-01
1.290000000000000036e+00 5.224861321408941217e-01
1.349999999999999867e+00 4.812685259466781273e-01
1.409999999999999920e+00 4.398980586704670515e-01
1.469999999999999973e+00 3.999129027108748735e-01
1.530000000000000027e+00 3.611226957293950934e-01
1.589999999999999858e+00 3.251126729598006193e-01
1.649999999999999911e+00 2.904885823885529073e-01
1.709999999999999964e+00 2.579763589347082720e-01
1.770000000000000018e+00 2.283768158539921100e-01
1.829999999999999849e+00 2.011242057137632988e-01
1.889999999999999902e+00 1.763896435188917478e-01
1.949999999999999956e+00 1.541551236991983154e-01
2.009999999999999787e+00 1.336651573652683778e-01
2.070000000000000284e+00 1.159045871176849901e-01
2.129999999999999893e+00 1.001708231904540891e-01
2.189999999999999947e+00 8.580511006774062255e-02
2.250000000000000000e+00 7.327186728379821157e-02
2.309999999999999609e+00 6.271625698717010755e-02
2.370000000000000107e+00 5.337521553133160040e-02
2.429999999999999716e+00 4.526538254665440908e-02
2.490000000000000213e+00 3.818459894175672831e-02
2.549999999999999822e+00 3.214341970605345128e-02
2.609999999999999876e+00 2.704908510903973606e-02
2.669999999999999929e+00 2.267174473416232530e-02
2.729999999999999538e+00 1.885208032942989678e-02
2.790000000000000036e+00 1.574580903279849606e-02
2.849999999999999645e+00 1.308706928735876851e-02
2.910000000000000142e+00 1.077875519049364440e-02
2.969999999999999751e+00 8.924057285777014029e-03
3.030000000000000249e+00 7.346024280076761739e-03
3.089999999999999858e+00 6.033728654939818879e-03
3.149999999999999911e+00 4.973014306915655644e-03
3.209999999999999964e+00 4.075467677611131420e-03
3.269999999999999574e+00 3.325194194730983575e-03
3.330000000000000071e+00 2.712508103282679911e-03
3.389999999999999680e+00 2.190222391764324889e-03
3.450000000000000178e+00 1.787766854191574122e-03
3.509999999999999787e+00 1.423309278512455492e-03
3.569999999999999840e+00 1.139069622386568864e-03
3.629999999999999893e+00 9.827316027000150382e-04
3.689999999999999503e+00 7.628152938319677839e-04
3.750000000000000000e+00 6.104509172192663707e-04
3.809999999999999609e+00 4.798174011666487323e-04
3.870000000000000107e+00 3.864367889313175572e-04
3.929999999999999716e+00 3.124276866809752606e-04
3.989999999999999769e+00 2.594043869143728537e-04
4.049999999999999822e+00 1.913557492747930487e-04
4.109999999999999432e+00 1.578281358392378555e-04
4.169999999999999929e+00 1.202027029837765359e-04
4.230000000000000426e+00 9.797513703946394710e-05
4.290000000000000036e+00 7.537504205697558046e-05
4.349999999999999645e+00 5.935629341554342743e-05
4.410000000000000142e+00 4.582107169526260167e-05
4.469999999999999751e+00 3.923972535420804824e-05
4.529999999999999361e+00 2.731879613267689200e-05
4.589999999999999858e+00 2.148250786796832763e-05
4.650000000000000355e+00 1.862645190864333668e-05
4.709999999999999964e+00 1.179675287547393750e-05
4.769999999999999574e+00 1.341104537422320214e-05
4.830000000000000071e+00 8.692344224033557006e-06
4.889999999999999680e+00 6.581346341053880887e-06
4.949999999999999289e+00 5.960464610765867807e-06
5.009999999999999787e+00 5.463759226535297084e-06
5.070000000000000284e+00 3.104408651440555832e-06
5.129999999999999893e+00 2.483526921152408074e-06
5.189999999999999503e+00 2.235174229037200216e-06
5.250000000000000000e+00 1.614292498749089092e-06
5.309999999999999609e+00 1.490116152691444929e-06
5.369999999999999218e+00 4.967053842304888780e-07
5.429999999999999716e+00 7.450580763457224644e-07
5.490000000000000213e+00 4.967053842304888780e-07
5.549999999999999822e+00 6.208817302881020184e-07
5.609999999999999432e+00 1.241763460576222195e-07
5.669999999999999929e+00 4.967053842304815724e-07
5.730000000000000426e+00 2.483526921152444390e-07
5.789999999999999147e+00 3.725290381728667379e-07
5.849999999999999645e+00 2.483526921152407862e-07
5.910000000000000142e+00 0.000000000000000000e+00
5.969999999999999751e+00 0.000000000000000000e+00
