2.999999999999999889e-02 9.622139378718626290e-02
8.999999999999999667e-02 1.618405207272448354e-01
1.499999999999999944e-01 2.414813922069677654e-01
2.099999999999999922e-01 3.232210922721190927e-01
2.700000000000000178e-01 4.037449817420787901e-01
3.299999999999999600e-01 4.800106159847570275e-01
3.900000000000000133e-01 5.501863939094503442e-01
4.499999999999999556e-01 6.112075191419451548e-01
5.100000000000000089e-01 6.625641236091268649e-01
5.700000000000000622e-01 7.041762377447329246e-01
6.299999999999998934e-01 7.345919917214717154e-01
6.899999999999999467e-01 7.538985573336260959e-01
7.500000000000000000e-01 7.630113625975150082e-01
8.100000000000000533e-01 7.619910055695632289e-01
8.699999999999998845e-01 7.516564292459161356e-01
9.299999999999999378e-01 7.338007400502865041e-01
9.899999999999999911e-01 7.081599390729252930e-01
1.050000000000000044e+00 6.777042003130538950e-01
1.109999999999999876e+00 6.426874643964705092e-01
1.169999999999999929e+00 6.047925691524028702e-01
1.229999999999999982e+00 5.644022260765561017e-01
1.290000000000000036e+00 5.227934647022718373e-01
1.349999999999999867e+00 4.814325593128681025e-01
1.409999999999999920e+00 4.404795732172262501e-01
1.469999999999999973e+00 3.999302844196099826e-01
1.530000000000000027e+00 3.611254249184142062e-01
1.589999999999999858e+00 3.246277619097802103e-01
1.649999999999999911e+00 2.899732483919446047e-01
1.709999999999999964e+00 2.582435845073595693e-01
1.770000000000000018e+00 2.280181928677097181e-01
1.829999999999999849e+00 2.008146325868560012e-01
1.889999999999999902e+00 1.763768520411378160e-01
1.949999999999999956e+00 1.539535843425031691e-01
2.009999999999999787e+00 1.336651563693853351e-01
2.070000000000000284e+00 1.156496522175716191e-01
2.129999999999999893e+00 9.990992794300002089e-02
2.189999999999999947e+00 8.576326200013308088e-02
2.250000000000000000e+00 7.373914232461359353e-02
2.309999999999999609e+00 6.268111461422508357e-02
2.370000000000000107e+00 5.345766822682318509e-02
2.429999999999999716e+00 4.524402387803824060e-02
2.490000000000000213e+00 3.825749017185203077e-02
2.549999999999999822e+00 3.222711432318556973e-02
2.609999999999999876e+00 2.700686495016331803e-02
2.669999999999999929e+00 2.263722354129784828e-02
2.729999999999999538e+00 1.891454089057256413e-02
2.790000000000000036e+00 1.571600659265129027e-02
2.849999999999999645e+00 1.307850102203836351e-02
2.910000000000000142e+00 1.079874750175198288e-02
2.969999999999999751e+00 8.981054161703392463e-03
3.030000000000000249e+00 7.400165111822357145e-03
3.089999999999999858e+00 6.075079332914137820e-03
3.149999999999999911e+00 4.987170373208909060e-03
3.209999999999999964e+00 4.024555345742231692e-03
3.269999999999999574e+00 3.338729391575791239e-03
3.330000000000000071e+00 2.714246551904773205e-03
3.389999999999999680e+00 2.223377459596256357e-03
3.450000000000000178e+00 1.764918393367304527e-03
3.509999999999999787e+00 1.468509457536181471e-03
3.569999999999999840e+00 1.166388409828974550e-03
3.629999999999999893e+00 9.388973455463443113e-04
3.689999999999999503e+00 7.670372838830537103e-04
3.750000000000000000e+00 5.972882200870144407e-04
3.809999999999999609e+00 4.821767481492467231e-04
3.870000000000000107e+00 3.917763688928337443e-04
3.929999999999999716e+00 3.084540413089695895e-04
3.989999999999999769e+00 2.526988623445079610e-04
4.049999999999999822e+00 1.912315715039491311e-04
4.109999999999999432e+00 1.497566722297182277e-04
4.169999999999999929e+00 1.159807063536938220e-04
4.230000000000000426e+00 1.045564826015113995e-04
4.290000000000000036e+00 7.438163073432826954e-05
4.349999999999999645e+00 6.270905429188034354e-05
4.410000000000000142e+00 4.520018962820682824e-05
4.469999999999999751e+00 3.824631430078983434e-05
4.529999999999999361e+00 3.154079166363883181e-05
4.589999999999999858e+00 2.371768192029499151e-05
4.650000000000000355e+00 1.788139369907083199e-05
4.709999999999999964e+00 1.254181085837588541e-05
4.769999999999999574e+00 9.809931265462470777e-06
4.830000000000000071e+00 8.692344159270544413e-06
4.889999999999999680e+00 6.581346292019028374e-06
4.949999999999999289e+00 5.215406495562326140e-06
5.009999999999999787e+00 4.097819389370338789e-06
5.070000000000000284e+00 3.352761318575781634e-06
5.129999999999999893e+00 2.483526902648690432e-06
5.189999999999999503e+00 2.483526902648727278e-06
5.250000000000000000e+00 1.365939796456799854e-06
5.309999999999999609e+00 1.365939796456779526e-06
5.369999999999999218e+00 1.241763451324363639e-06
5.429999999999999716e+00 9.934107610594761727e-07
5.490000000000000213e+00 3.725290353973090705e-07
5.549999999999999822e+00 3.725290353973035648e-07
5.609999999999999432e+00 7.450580707946181409e-07
5.669999999999999929e+00 1.241763451324345216e-07
5.730000000000000426e+00 1.241763451324363480e-07
5.789999999999999147e+00 1.241763451324363480e-07
5.849999999999999645e+00 1.241763451324345216e-07
5.910000000000000142e+00 3.725290353973090705e-07
5.969999999999999751e+00 0.000000000000000000e+00
