2.999999999999999889e-02 9.600234671437264666e-02
8.999999999999999667e-02 1.616949860507496395e-01
1.499999999999999944e-01 2.417057788626220671e-01
2.099999999999999922e-01 3.235496628813395170e-01
2.700000000000000178e-01 4.035316467811412844e-01
3.299999999999999600e-01 4.802496554491369474e-01
3.900000000000000133e-01 5.498244198633892577e-01
4.499999999999999556e-01 6.115023137852894086e-01
5.100000000000000089e-01 6.626666932702062196e-01
5.700000000000000622e-01 7.040798769009101177e-01
6.299999999999998934e-01 7.342765838048354032e-01
6.899999999999999467e-01 7.538609319010509680e-01
7.500000000000000000e-01 7.629343732635328612e-01
8.100000000000000533e-01 7.615683092907322704e-01
8.699999999999998845e-01 7.519461326591102557e-01
9.299999999999999378e-01 7.333828866489158216e-01
9.899999999999999911e-01 7.084212061030840113e-01
1.050000000000000044e+00 6.781671297277076516e-01
1.109999999999999876e+00 6.428755915593461490e-01
1.169999999999999929e+00 6.046126376283059711e-01
1.229999999999999982e+00 5.643985007862021286e-01
1.290000000000000036e+00 5.226663081248562603e-01
1.349999999999999867e+00 4.812417002703995306e-01
1.409999999999999920e+00 4.401681389436341019e-01
1.469999999999999973e+00 3.999271800109817088e-01
1.530000000000000027e+00 3.614219580305904622e-01
1.589999999999999858e+00 3.246785500349394504e-01
1.649999999999999911e+00 2.897513452631929609e-01
1.709999999999999964e+00 2.581559160076961068e-01
1.770000000000000018e+00 2.286467735267701251e-01
1.829999999999999849e+00 2.007907907285905735e-01
1.889999999999999902e+00 1.764868722829251724e-01
1.949999999999999956e+00 1.538501454470078689e-01
2.009999999999999787e+00 1.339939753312960335e-01
2.070000000000000284e+00 1.160739627888891512e-01
2.129999999999999893e+00 1.000132426621502257e-01
2.189999999999999947e+00 8.576636640876141027e-02
2.250000000000000000e+00 7.363148143338377194e-02
2.309999999999999609e+00 6.277623369459654767e-02
2.370000000000000107e+00 5.328580816515989665e-02
2.429999999999999716e+00 4.518814452272864463e-02
2.490000000000000213e+00 3.826146381489627102e-02
2.549999999999999822e+00 3.212578642555750236e-02
2.609999999999999876e+00 2.690901399019895654e-02
2.669999999999999929e+00 2.259934975603245313e-02
2.729999999999999538e+00 1.890386172489117583e-02
2.790000000000000036e+00 1.571327471305837900e-02
2.849999999999999645e+00 1.301914472906505992e-02
2.910000000000000142e+00 1.085301256457485604e-02
2.969999999999999751e+00 8.907045060004460321e-03
3.030000000000000249e+00 7.381662836397623675e-03
3.089999999999999858e+00 6.017958214153218063e-03
3.149999999999999911e+00 4.952028467536428655e-03
3.209999999999999964e+00 4.050632378220043149e-03
3.269999999999999574e+00 3.349408557257180837e-03
3.330000000000000071e+00 2.707416852922489830e-03
3.389999999999999680e+00 2.172713510782222669e-03
3.450000000000000178e+00 1.767277743924821091e-03
3.509999999999999787e+00 1.425047736739828898e-03
3.569999999999999840e+00 1.161793885059074580e-03
3.629999999999999893e+00 9.443611047321714014e-04
3.689999999999999503e+00 7.393459589185205193e-04
3.750000000000000000e+00 5.980332781578090538e-04
3.809999999999999609e+00 4.927317374855037053e-04
3.870000000000000107e+00 3.791103816893253223e-04
3.929999999999999716e+00 3.043562219195992177e-04
3.989999999999999769e+00 2.346932923003046856e-04
4.049999999999999822e+00 1.966953306897762754e-04
4.109999999999999432e+00 1.542270206544859332e-04
4.169999999999999929e+00 1.183400569112100876e-04
4.230000000000000426e+00 9.573996209710842857e-05
4.290000000000000036e+00 8.083880068121486635e-05
4.349999999999999645e+00 6.432334677860203679e-05
4.410000000000000142e+00 4.731118749545824772e-05
4.469999999999999751e+00 3.588696374327357547e-05
4.529999999999999361e+00 2.905726476099010580e-05
4.589999999999999858e+00 2.471109268135446768e-05
4.650000000000000355e+00 1.986821522118981822e-05
4.709999999999999964e+00 1.018246030085962992e-05
4.769999999999999574e+00 1.353522161943556148e-05
4.830000000000000071e+00 7.450580707946180562e-06
4.889999999999999680e+00 6.705522637151463319e-06
4.949999999999999289e+00 5.215406495562326140e-06
5.009999999999999787e+00 3.601114008840600703e-06
5.070000000000000284e+00 4.842877460165017069e-06
5.129999999999999893e+00 2.731879592913559051e-06
5.189999999999999503e+00 1.614292486721672498e-06
5.250000000000000000e+00 1.117587106191927000e-06
5.309999999999999609e+00 1.614292486721648569e-06
5.369999999999999218e+00 9.934107610594907840e-07
5.429999999999999716e+00 7.450580707946071295e-07
5.490000000000000213e+00 3.725290353973090705e-07
5.549999999999999822e+00 4.967053805297380863e-07
5.609999999999999432e+00 2.483526902648726960e-07
5.669999999999999929e+00 3.725290353973035648e-07
5.730000000000000426e+00 1.241763451324363480e-07
5.789999999999999147e+00 2.483526902648726960e-07
5.849999999999999645e+00 2.483526902648690432e-07
5.910000000000000142e+00 0.000000000000000000e+00
5.969999999999999751e+00 1.241763451324345216e-07
