2.999999999999999889e-02 9.646303951740264893e-02
8.999999999999999667e-02 1.622054725885391235e-01
1.499999999999999944e-01 2.418261021375656128e-01
2.099999999999999922e-01 3.235357503096262799e-01
2.700000000000000178e-01 4.037965089082717896e-01
3.299999999999999600e-01 4.806821544965108606e-01
3.900000000000000133e-01 5.492327113946279260e-01
4.499999999999999556e-01 6.111317624648412439e-01
5.100000000000000089e-01 6.625808775424951724e-01
5.700000000000000622e-01 7.035601884126669869e-01
6.299999999999998934e-01 7.349466284116116244e-01
6.899999999999999467e-01 7.538688679536177384e-01
7.500000000000000000e-01 7.625337690114968314e-01
8.100000000000000533e-01 7.625737537940350252e-01
8.699999999999998845e-01 7.509907086690273958e-01
9.299999999999999378e-01 7.336828857660286918e-01
9.899999999999999911e-01 7.081794242064152201e-01
1.050000000000000044e+00 6.774817903836561905e-01
1.109999999999999876e+00 6.429161876440065981e-01
1.169999999999999929e+00 6.041999906301492862e-01
1.229999999999999982e+00 5.641927321751907254e-01
1.290000000000000036e+00 5.225121974945082792e-01
1.349999999999999867e+00 4.814291993776952938e-01
1.409999999999999920e+00 4.402628789345419680e-01
1.469999999999999973e+00 3.997241457303361556e-01
1.530000000000000027e+00 3.614200899998343819e-01
1.589999999999999858e+00 3.248920043309538874e-01
1.649999999999999911e+00 2.902823189894355727e-01
1.709999999999999964e+00 2.580055346091585933e-01
1.770000000000000018e+00 2.282157540321356481e-01
1.829999999999999849e+00 2.011589705944059614e-01
1.889999999999999902e+00 1.764293760061262373e-01
1.949999999999999956e+00 1.540853331486382594e-01
2.009999999999999787e+00 1.336154838403064704e-01
2.070000000000000284e+00 1.157565663258233596e-01
2.129999999999999893e+00 9.989390770594269719e-02
2.189999999999999947e+00 8.590146899223383148e-02
2.250000000000000000e+00 7.347874343395226215e-02
2.309999999999999609e+00 6.277958552042638141e-02
2.370000000000000107e+00 5.334379772345220622e-02
2.429999999999999716e+00 4.524812102317805895e-02
2.490000000000000213e+00 3.826990723609920847e-02
2.549999999999999822e+00 3.226436674594876375e-02
2.609999999999999876e+00 2.712520460287747709e-02
2.669999999999999929e+00 2.270129819711047547e-02
2.729999999999999538e+00 1.891180872917173558e-02
2.790000000000000036e+00 1.572333276271818681e-02
2.849999999999999645e+00 1.310420533021289941e-02
2.910000000000000142e+00 1.085152228673298171e-02
2.969999999999999751e+00 8.977204561233511834e-03
3.030000000000000249e+00 7.393459479014072126e-03
3.089999999999999858e+00 6.034349401791884969e-03
3.149999999999999911e+00 4.975746075312328931e-03
3.209999999999999964e+00 4.069382945696508810e-03
3.269999999999999574e+00 3.316625952720639054e-03
3.330000000000000071e+00 2.704933285713193199e-03
3.389999999999999680e+00 2.196679512659706780e-03
3.450000000000000178e+00 1.764670014381407174e-03
3.509999999999999787e+00 1.457457741101581472e-03
3.569999999999999840e+00 1.165270805358894308e-03
3.629999999999999893e+00 9.505699078241976099e-04
3.689999999999999503e+00 7.438162962595614878e-04
3.750000000000000000e+00 5.957980950673416164e-04
3.809999999999999609e+00 4.819283882776892003e-04
3.870000000000000107e+00 3.812213738759355291e-04
3.929999999999999716e+00 3.162771463394162329e-04
3.989999999999999769e+00 2.425163984298721776e-04
4.049999999999999822e+00 1.921008030573511207e-04
4.109999999999999432e+00 1.660237709681203786e-04
4.169999999999999929e+00 1.178433497746775679e-04
4.230000000000000426e+00 9.698172410329246188e-05
4.290000000000000036e+00 7.549921671549415922e-05
4.349999999999999645e+00 5.960464477539101125e-05
4.410000000000000142e+00 4.867712656656932664e-05
4.469999999999999751e+00 3.601113955179820219e-05
4.529999999999999361e+00 3.166496753692647282e-05
4.589999999999999858e+00 2.011656761169416992e-05
4.650000000000000355e+00 1.986821492513033934e-05
4.709999999999999964e+00 1.663962999979641170e-05
4.769999999999999574e+00 1.105169455210375067e-05
4.830000000000000071e+00 6.953875223795618092e-06
4.889999999999999680e+00 6.457169850667264063e-06
4.949999999999999289e+00 5.339582761128777936e-06
5.009999999999999787e+00 5.215406417846636489e-06
5.070000000000000284e+00 2.731879552205421575e-06
5.129999999999999893e+00 2.110997835795067130e-06
5.189999999999999503e+00 1.986821492513033680e-06
5.250000000000000000e+00 1.365939776102710787e-06
5.309999999999999609e+00 1.490116119384753343e-06
5.369999999999999218e+00 7.450580596923876829e-07
5.429999999999999716e+00 9.934107462565022287e-07
5.490000000000000213e+00 1.241763432820646209e-06
5.549999999999999822e+00 3.725290298461883358e-07
5.609999999999999432e+00 3.725290298461938415e-07
5.669999999999999929e+00 3.725290298461883358e-07
5.730000000000000426e+00 1.241763432820646050e-07
5.789999999999999147e+00 2.483526865641292100e-07
5.849999999999999645e+00 0.000000000000000000e+00
5.910000000000000142e+00 0.000000000000000000e+00
5.969999999999999751e+00 1.241763432820627786e-07
