2.999999999999999889e-02 9.632123228632184786e-02
8.999999999999999667e-02 1.621826277664394633e-01
1.499999999999999944e-01 2.415961329499016208e-01
2.099999999999999922e-01 3.236636591776533289e-01
2.700000000000000178e-01 4.040030231973211761e-01
3.299999999999999600e-01 4.796440509875527503e-01
3.900000000000000133e-01 5.494840565953564848e-01
4.499999999999999556e-01 6.111116595566395970e-01
5.100000000000000089e-01 6.636380055863206895e-01
5.700000000000000622e-01 7.043338227744019298e-01
6.299999999999998934e-01 7.350267385821563915e-01
6.899999999999999467e-01 7.539346982673108544e-01
7.500000000000000000e-01 7.622866751268003727e-01
8.100000000000000533e-01 7.616148810946300474e-01
8.699999999999998845e-01 7.516569315515773120e-01
9.299999999999999378e-01 7.336874966899236128e-01
9.899999999999999911e-01 7.081055551095548628e-01
1.050000000000000044e+00 6.773270817993668480e-01
1.109999999999999876e+00 6.433304543047517754e-01
1.169999999999999929e+00 6.041472291879973477e-01
1.229999999999999982e+00 5.640713003194369746e-01
1.290000000000000036e+00 5.221702275165235330e-01
1.349999999999999867e+00 4.812594610734158840e-01
1.409999999999999920e+00 4.402520854330773670e-01
1.469999999999999973e+00 4.000670055563323446e-01
1.530000000000000027e+00 3.611510079362962311e-01
1.589999999999999858e+00 3.244239909445650327e-01
1.649999999999999911e+00 2.900096342218086432e-01
1.709999999999999964e+00 2.577542074516112058e-01
1.770000000000000018e+00 2.285264483509915345e-01
1.829999999999999849e+00 2.011521453916262636e-01
1.889999999999999902e+00 1.766110499439124959e-01
1.949999999999999956e+00 1.536381775705604469e-01
2.009999999999999787e+00 1.340077599040413459e-01
2.070000000000000284e+00 1.160622910771781646e-01
2.129999999999999893e+00 1.000184588138413877e-01
2.189999999999999947e+00 8.593710952359986943e-02
2.250000000000000000e+00 7.348905171305299133e-02
2.309999999999999609e+00 6.269477447930213443e-02
2.370000000000000107e+00 5.343916634955127309e-02
2.429999999999999716e+00 4.528003535548921071e-02
2.490000000000000213e+00 3.836763487584566451e-02
2.549999999999999822e+00 3.214366805874556421e-02
2.609999999999999876e+00 2.709589959150346047e-02
2.669999999999999929e+00 2.265870621782627506e-02
2.729999999999999538e+00 1.899475895105010373e-02
2.790000000000000036e+00 1.575015520491051396e-02
2.849999999999999645e+00 1.301517118299140574e-02
2.910000000000000142e+00 1.076546832146547950e-02
2.969999999999999751e+00 8.957212370174398933e-03
3.030000000000000249e+00 7.379924422550492372e-03
3.089999999999999858e+00 6.071478264141336352e-03
3.149999999999999911e+00 4.976863773643441617e-03
3.209999999999999964e+00 4.078572086262571665e-03
3.269999999999999574e+00 3.313397441855509690e-03
3.330000000000000071e+00 2.704188288096819135e-03
3.389999999999999680e+00 2.195810327336917851e-03
3.450000000000000178e+00 1.778453628237252520e-03
3.509999999999999787e+00 1.440445614268407240e-03
3.569999999999999840e+00 1.169865356208859035e-03
3.629999999999999893e+00 9.248654254371635550e-04
3.689999999999999503e+00 7.595867088344696646e-04
3.750000000000000000e+00 6.111959752956120989e-04
3.809999999999999609e+00 5.029142015333663059e-04
3.870000000000000107e+00 3.998478343055406645e-04
3.929999999999999716e+00 3.044804005332874572e-04
3.989999999999999769e+00 2.564241546089898868e-04
4.049999999999999822e+00 1.928458654274844779e-04
4.109999999999999432e+00 1.532336110351058289e-04
4.169999999999999929e+00 1.265356966327151847e-04
4.230000000000000426e+00 1.017004274211926151e-04
4.290000000000000036e+00 7.177392802130459705e-05
4.349999999999999645e+00 6.469587629602118221e-05
4.410000000000000142e+00 5.091230188362511598e-05
4.469999999999999751e+00 4.048148881478425058e-05
4.529999999999999361e+00 3.091991016834793639e-05
4.589999999999999858e+00 2.421438748123597956e-05
4.650000000000000355e+00 1.862645190864333668e-05
4.709999999999999964e+00 1.365939806633824271e-05
4.769999999999999574e+00 1.192092922153173561e-05
4.830000000000000071e+00 8.443991531918311456e-06
4.889999999999999680e+00 6.953875379226742436e-06
4.949999999999999289e+00 4.718701150189645135e-06
5.009999999999999787e+00 3.973643073843852579e-06
5.070000000000000284e+00 3.104408651440555832e-06
5.129999999999999893e+00 1.738468844806685609e-06
5.189999999999999503e+00 1.614292498749089092e-06
5.250000000000000000e+00 1.365939806633844600e-06
5.309999999999999609e+00 1.365939806633824271e-06
5.369999999999999218e+00 9.934107684609777560e-07
5.429999999999999716e+00 8.692344224033428046e-07
5.490000000000000213e+00 3.725290381728667379e-07
5.549999999999999822e+00 4.967053842304815724e-07
5.609999999999999432e+00 1.241763460576222195e-07
5.669999999999999929e+00 2.483526921152407862e-07
5.730000000000000426e+00 1.241763460576222195e-07
5.789999999999999147e+00 0.000000000000000000e+00
5.849999999999999645e+00 1.241763460576203931e-07
5.910000000000000142e+00 0.000000000000000000e+00
5.969999999999999751e+00 1.241763460576203931e-07
