2.999999999999999889e-02 9.615197777748107910e-02
8.999999999999999667e-02 1.618208984533945904e-01
1.499999999999999944e-01 2.411756664514541626e-01
2.099999999999999922e-01 3.232480337222417566e-01
2.700000000000000178e-01 4.035676519076029645e-01
3.299999999999999600e-01 4.796100159486135217e-01
3.900000000000000133e-01 5.497449388106664392e-01
4.499999999999999556e-01 6.110529104868571704e-01
5.100000000000000089e-01 6.628499676783873307e-01
5.700000000000000622e-01 7.040922840436306673e-01
6.299999999999998934e-01 7.347552726666140011e-01
6.899999999999999467e-01 7.539802541335417496e-01
7.500000000000000000e-01 7.632847875356667533e-01
8.100000000000000533e-01 7.623217999935157918e-01
8.699999999999998845e-01 7.520804802576708248e-01
9.299999999999999378e-01 7.334438463052107560e-01
9.899999999999999911e-01 7.089092085758839090e-01
1.050000000000000044e+00 6.779244790474567850e-01
1.109999999999999876e+00 6.430121759573637075e-01
1.169999999999999929e+00 6.048429757356638126e-01
1.229999999999999982e+00 5.640311787525807974e-01
1.290000000000000036e+00 5.230028182268157133e-01
1.349999999999999867e+00 4.811793565750117629e-01
1.409999999999999920e+00 4.400237152973807131e-01
1.469999999999999973e+00 3.994074960549668929e-01
1.530000000000000027e+00 3.612430145343141774e-01
1.589999999999999858e+00 3.248214721679696382e-01
1.649999999999999911e+00 2.902173747618990718e-01
1.709999999999999964e+00 2.577728281418480427e-01
1.770000000000000018e+00 2.283416688442236608e-01
1.829999999999999849e+00 2.010701845089592765e-01
1.889999999999999902e+00 1.762838413317996678e-01
1.949999999999999956e+00 1.537638405958809962e-01
2.009999999999999787e+00 1.340360691150028205e-01
2.070000000000000284e+00 1.159819463888803054e-01
2.129999999999999893e+00 9.991824626922599095e-02
2.189999999999999947e+00 8.602328598499353607e-02
2.250000000000000000e+00 7.348333795865370777e-02
2.309999999999999609e+00 6.269812583923334293e-02
2.370000000000000107e+00 5.348771810531611354e-02
2.429999999999999716e+00 4.524563749631241999e-02
2.490000000000000213e+00 3.807507455348965036e-02
2.549999999999999822e+00 3.225505352020260896e-02
2.609999999999999876e+00 2.684767047564206102e-02
2.669999999999999929e+00 2.263970673084256952e-02
2.729999999999999538e+00 1.884487768014270551e-02
2.790000000000000036e+00 1.569601396719613393e-02
2.849999999999999645e+00 1.307142277558643456e-02
2.910000000000000142e+00 1.086629927158354672e-02
2.969999999999999751e+00 8.911887804667147431e-03
3.030000000000000249e+00 7.398178180058790840e-03
3.089999999999999858e+00 6.026898821194961141e-03
3.149999999999999911e+00 4.914154609044424707e-03
3.209999999999999964e+00 4.005928834279374497e-03
3.269999999999999574e+00 3.290176391601559464e-03
3.330000000000000071e+00 2.714246511459347984e-03
3.389999999999999680e+00 2.200404802958168694e-03
3.450000000000000178e+00 1.767650246620176705e-03
3.509999999999999787e+00 1.440818111101785067e-03
3.569999999999999840e+00 1.157820224761970480e-03
3.629999999999999893e+00 9.287148714065543084e-04
3.689999999999999503e+00 7.696449756622307948e-04
3.750000000000000000e+00 6.129344304402664211e-04
3.809999999999999609e+00 4.818042119344071003e-04
3.870000000000000107e+00 3.915280103683468427e-04
3.929999999999999716e+00 3.065913915634152563e-04
3.989999999999999769e+00 2.365559339523330880e-04
4.049999999999999822e+00 1.876304546991968509e-04
4.109999999999999432e+00 1.532336076100677166e-04
4.169999999999999929e+00 1.202027002970367620e-04
4.230000000000000426e+00 1.005828380584723302e-04
4.290000000000000036e+00 7.574756940205829134e-05
4.349999999999999645e+00 5.836288134257036419e-05
4.410000000000000142e+00 4.805624485015900311e-05
4.469999999999999751e+00 3.563861052195201756e-05
4.529999999999999361e+00 2.731879552205421490e-05
4.589999999999999858e+00 1.961986223856591923e-05
4.650000000000000355e+00 1.875062783559175496e-05
4.709999999999999964e+00 1.241763432820627744e-05
4.769999999999999574e+00 1.167257626851407419e-05
4.830000000000000071e+00 1.043081283569342714e-05
4.889999999999999680e+00 7.823109626769955157e-06
4.949999999999999289e+00 4.470348358154325674e-06
5.009999999999999787e+00 4.221995671590134260e-06
5.070000000000000284e+00 4.594524701436390888e-06
5.129999999999999893e+00 2.483526865641255572e-06
5.189999999999999503e+00 2.110997835795098470e-06
5.250000000000000000e+00 1.614292462666839944e-06
5.309999999999999609e+00 8.692344029744394501e-07
5.369999999999999218e+00 7.450580596923876829e-07
5.429999999999999716e+00 8.692344029744394501e-07
5.490000000000000213e+00 6.208817164103231044e-07
5.549999999999999822e+00 6.208817164103138929e-07
5.609999999999999432e+00 2.483526865641292100e-07
5.669999999999999929e+00 2.483526865641255572e-07
5.730000000000000426e+00 1.241763432820646050e-07
5.789999999999999147e+00 1.241763432820646050e-07
5.849999999999999645e+00 1.241763432820627786e-07
5.910000000000000142e+00 1.241763432820646050e-07
5.969999999999999751e+00 1.241763432820627786e-07
