2.999999999999999889e-02 9.612205199491520580e-02
8.999999999999999667e-02 1.616469286008198891e-01
1.499999999999999944e-01 2.413937219087808617e-01
2.099999999999999922e-01 3.232762241607622933e-01
2.700000000000000178e-01 4.035580933359123046e-01
3.299999999999999600e-01 4.797007924296020631e-01
3.900000000000000133e-01 5.497566154829409690e-01
4.499999999999999556e-01 6.112638906483641721e-01
5.100000000000000089e-01 6.629928995891870569e-01
5.700000000000000622e-01 7.041374894788183791e-01
6.299999999999998934e-01 7.345472827644202729e-01
6.899999999999999467e-01 7.540171401253620287e-01
7.500000000000000000e-01 7.633410451065074653e-01
8.100000000000000533e-01 7.620710936343013664e-01
8.699999999999998845e-01 7.520561472976424744e-01
9.299999999999999378e-01 7.338583524067570085e-01
9.899999999999999911e-01 7.085671080293781676e-01
1.050000000000000044e+00 6.781041672684556820e-01
1.109999999999999876e+00 6.425118742573667774e-01
1.169999999999999929e+00 6.043641562588319971e-01
1.229999999999999982e+00 5.642597916046261375e-01
1.290000000000000036e+00 5.230069199428492022e-01
1.349999999999999867e+00 4.812790737644758177e-01
1.409999999999999920e+00 4.399973931908409130e-01
1.469999999999999973e+00 4.005117992598197230e-01
1.530000000000000027e+00 3.610038535868412279e-01
1.589999999999999858e+00 3.245311502953217020e-01
1.649999999999999911e+00 2.900247794143215874e-01
1.709999999999999964e+00 2.577220419376244909e-01
1.770000000000000018e+00 2.283749498057492389e-01
1.829999999999999849e+00 2.009646361144727389e-01
1.889999999999999902e+00 1.764138552776016444e-01
1.949999999999999956e+00 1.538659146964492519e-01
2.009999999999999787e+00 1.337884624833001190e-01
2.070000000000000284e+00 1.157287516871745719e-01
2.129999999999999893e+00 1.000195749105480536e-01
2.189999999999999947e+00 8.594133023874017674e-02
2.250000000000000000e+00 7.349761878573107809e-02
2.309999999999999609e+00 6.283397522693352777e-02
2.370000000000000107e+00 5.343221167797002763e-02
2.429999999999999716e+00 4.509016905047120993e-02
2.490000000000000213e+00 3.815243669961217859e-02
2.549999999999999822e+00 3.216030720989135339e-02
2.609999999999999876e+00 2.706088145867664371e-02
2.669999999999999929e+00 2.262132880057885972e-02
2.729999999999999538e+00 1.882774148504738621e-02
2.790000000000000036e+00 1.574469121106979175e-02
2.849999999999999645e+00 1.306210964716058090e-02
2.910000000000000142e+00 1.081029582130631737e-02
2.969999999999999751e+00 8.957957294766775991e-03
3.030000000000000249e+00 7.351239577069173560e-03
3.089999999999999858e+00 6.032735154276597581e-03
3.149999999999999911e+00 4.956498779032402109e-03
3.209999999999999964e+00 4.044547707174325074e-03
3.269999999999999574e+00 3.318861151627158518e-03
3.330000000000000071e+00 2.697855254246703423e-03
3.389999999999999680e+00 2.229462083896958588e-03
3.450000000000000178e+00 1.780440423243544049e-03
3.509999999999999787e+00 1.444046706786104948e-03
3.569999999999999840e+00 1.178930211903636040e-03
3.629999999999999893e+00 9.259829987534599254e-04
3.689999999999999503e+00 7.696449813965327170e-04
3.750000000000000000e+00 5.827595833646222016e-04
3.809999999999999609e+00 4.805624520820557348e-04
3.870000000000000107e+00 3.967434197421622712e-04
3.929999999999999716e+00 3.109375658949529216e-04
3.989999999999999769e+00 2.482285120702936885e-04
4.049999999999999822e+00 2.046426152535457525e-04
4.109999999999999432e+00 1.558413119800993482e-04
4.169999999999999929e+00 1.238038151746269041e-04
4.230000000000000426e+00 9.561578503958287204e-05
4.290000000000000036e+00 8.121132911154059736e-05
4.349999999999999645e+00 5.997717425210197684e-05
4.410000000000000142e+00 4.706283445454793131e-05
4.469999999999999751e+00 3.501772906644411160e-05
4.529999999999999361e+00 3.154079142864162267e-05
4.589999999999999858e+00 2.582867959510771498e-05
4.650000000000000355e+00 1.862645163108757036e-05
4.709999999999999964e+00 1.341104517438285103e-05
4.769999999999999574e+00 1.241763442072504691e-05
4.830000000000000071e+00 9.313225815543785182e-06
4.889999999999999680e+00 6.829698931398674325e-06
4.949999999999999289e+00 5.463759145119021284e-06
5.009999999999999787e+00 3.601113982010210376e-06
5.070000000000000284e+00 2.110997851523258127e-06
5.129999999999999893e+00 3.228584949388464373e-06
5.189999999999999503e+00 2.235174195730508206e-06
5.250000000000000000e+00 1.862645163108756909e-06
5.309999999999999609e+00 1.241763442072486395e-06
5.369999999999999218e+00 4.967053768290019060e-07
5.429999999999999716e+00 6.208817210362431975e-07
5.490000000000000213e+00 2.483526884145009530e-07
5.549999999999999822e+00 6.208817210362431975e-07
5.609999999999999432e+00 2.483526884145009530e-07
5.669999999999999929e+00 3.725290326217458973e-07
5.730000000000000426e+00 2.483526884145009530e-07
5.789999999999999147e+00 1.241763442072504765e-07
5.849999999999999645e+00 0.000000000000000000e+00
5.910000000000000142e+00 1.241763442072504765e-07
5.969999999999999751e+00 1.241763442072486501e-07
