2.999999999999999889e-02 9.611547064867220769e-02
8.999999999999999667e-02 1.618318271773444561e-01
1.499999999999999944e-01 2.416383493068691157e-01
2.099999999999999922e-01 3.229154918808402885e-01
2.700000000000000178e-01 4.037494490823357318e-01
3.299999999999999600e-01 4.799173559738995620e-01
3.900000000000000133e-01 5.496081005752689874e-01
4.499999999999999556e-01 6.108945902006919226e-01
5.100000000000000089e-01 6.629320531805255046e-01
5.700000000000000622e-01 7.042626592337792868e-01
6.299999999999998934e-01 7.343601490136998367e-01
6.899999999999999467e-01 7.539581563618634741e-01
7.500000000000000000e-01 7.633961794033354842e-01
8.100000000000000533e-01 7.624369171443359239e-01
8.699999999999998845e-01 7.518546090909941082e-01
9.299999999999999378e-01 7.337100858517735524e-01
9.899999999999999911e-01 7.084329975776343380e-01
1.050000000000000044e+00 6.775574188249111618e-01
1.109999999999999876e+00 6.434713848690561955e-01
1.169999999999999929e+00 6.048513000571571485e-01
1.229999999999999982e+00 5.640835853721960502e-01
1.290000000000000036e+00 5.230862686267976347e-01
1.349999999999999867e+00 4.810545629341490548e-01
1.409999999999999920e+00 4.398681256165211662e-01
1.469999999999999973e+00 4.000823974615510537e-01
1.530000000000000027e+00 3.614171124603629548e-01
1.589999999999999858e+00 3.245648020846018111e-01
1.649999999999999911e+00 2.898263456162784024e-01
1.709999999999999964e+00 2.575560181654194536e-01
1.770000000000000018e+00 2.282947318873913278e-01
1.829999999999999849e+00 2.011556193318634889e-01
1.889999999999999902e+00 1.760045700470945496e-01
1.949999999999999956e+00 1.540339252901616607e-01
2.009999999999999787e+00 1.339071750683622497e-01
2.070000000000000284e+00 1.159769801992448640e-01
2.129999999999999893e+00 9.996170873414747526e-02
2.189999999999999947e+00 8.597609961511822052e-02
2.250000000000000000e+00 7.347874398141156227e-02
2.309999999999999609e+00 6.266857233644947123e-02
2.370000000000000107e+00 5.333249807357161310e-02
2.429999999999999716e+00 4.530213807003298510e-02
2.490000000000000213e+00 3.812896737055700841e-02
2.549999999999999822e+00 3.219246888304103105e-02
2.609999999999999876e+00 2.708074967374980366e-02
2.669999999999999929e+00 2.263424314037641369e-02
2.729999999999999538e+00 1.886685703347266985e-02
2.790000000000000036e+00 1.573786151213839302e-02
2.849999999999999645e+00 1.304795354392095444e-02
2.910000000000000142e+00 1.086282241490598398e-02
2.969999999999999751e+00 8.894875711909491431e-03
3.030000000000000249e+00 7.392217770657565946e-03
3.089999999999999858e+00 6.072099055390295722e-03
3.149999999999999911e+00 4.962583419898558210e-03
3.209999999999999964e+00 4.016359677039279402e-03
3.269999999999999574e+00 3.273536785991512828e-03
3.330000000000000071e+00 2.709652006946392574e-03
3.389999999999999680e+00 2.216051038722575625e-03
3.450000000000000178e+00 1.772493137214280071e-03
3.509999999999999787e+00 1.442680766999825418e-03
3.569999999999999840e+00 1.182407149541439030e-03
3.629999999999999893e+00 9.226302374598641847e-04
3.689999999999999503e+00 7.660438674145224770e-04
3.750000000000000000e+00 6.119410242533257624e-04
3.809999999999999609e+00 4.886339144555269624e-04
3.870000000000000107e+00 3.787378498321111253e-04
3.929999999999999716e+00 3.087023916992224278e-04
3.989999999999999769e+00 2.373009937800556375e-04
4.049999999999999822e+00 2.030283227788515069e-04
4.109999999999999432e+00 1.487632603602860636e-04
4.169999999999999929e+00 1.267840474356008687e-04
4.230000000000000426e+00 9.822348826793512837e-05
4.290000000000000036e+00 7.525086458959266808e-05
4.349999999999999645e+00 6.531675705301375270e-05
4.410000000000000142e+00 5.190571187863070177e-05
4.469999999999999751e+00 3.638366885272385103e-05
4.529999999999999361e+00 2.905726454449660922e-05
4.589999999999999858e+00 2.371768174358449116e-05
4.650000000000000355e+00 1.589457205852806099e-05
4.709999999999999964e+00 1.452863227224808947e-05
4.769999999999999574e+00 1.067916560182353987e-05
4.830000000000000071e+00 8.071462373471280152e-06
4.889999999999999680e+00 6.953875275605923981e-06
4.949999999999999289e+00 5.712111833533521443e-06
5.009999999999999787e+00 4.718701079875447962e-06
5.070000000000000284e+00 2.980232260974011224e-06
5.129999999999999893e+00 1.614292474694232186e-06
5.189999999999999503e+00 1.241763442072504818e-06
5.250000000000000000e+00 2.980232260974011224e-06
5.309999999999999609e+00 9.934107536579892007e-07
5.369999999999999218e+00 9.934107536580038120e-07
5.429999999999999716e+00 1.117587097865237586e-06
5.490000000000000213e+00 6.208817210362524090e-07
5.549999999999999822e+00 2.483526884144973002e-07
5.609999999999999432e+00 4.967053768290019060e-07
5.669999999999999929e+00 3.725290326217458973e-07
5.730000000000000426e+00 2.483526884145009530e-07
5.789999999999999147e+00 1.241763442072504765e-07
5.849999999999999645e+00 1.241763442072486501e-07
5.910000000000000142e+00 0.000000000000000000e+00
5.969999999999999751e+00 1.241763442072486501e-07
