2.999999999999999889e-02 9.627416729927062988e-02
8.999999999999999667e-02 1.617651432752609253e-01
1.499999999999999944e-01 2.415268371502558575e-01
2.099999999999999922e-01 3.228858113288879395e-01
2.700000000000000178e-01 4.039065291484197351e-01
3.299999999999999600e-01 4.797909408807754517e-01
3.900000000000000133e-01 5.493760108947753906e-01
4.499999999999999556e-01 6.110475709040960046e-01
5.100000000000000089e-01 6.623741239309305362e-01
5.700000000000000622e-01 7.036074995994574532e-01
6.299999999999998934e-01 7.348308960596727779e-01
6.899999999999999467e-01 7.539895673592879044e-01
7.500000000000000000e-01 7.634572684764855399e-01
8.100000000000000533e-01 7.620797803004589754e-01
8.699999999999998845e-01 7.520347833633430623e-01
9.299999999999999378e-01 7.340194036563231217e-01
9.899999999999999911e-01 7.085068772236500223e-01
1.050000000000000044e+00 6.780305256446196305e-01
1.109999999999999876e+00 6.433604906002698964e-01
1.169999999999999929e+00 6.046187132596964053e-01
1.229999999999999982e+00 5.641665309667581729e-01
1.290000000000000036e+00 5.232275774081562858e-01
1.349999999999999867e+00 4.808047165473298135e-01
1.409999999999999920e+00 4.402760416269298482e-01
1.469999999999999973e+00 4.001313199599580428e-01
1.530000000000000027e+00 3.614234427611029976e-01
1.589999999999999858e+00 3.247667104005822480e-01
1.649999999999999911e+00 2.903247872988380385e-01
1.709999999999999964e+00 2.580943206946053059e-01
1.770000000000000018e+00 2.282769729693737149e-01
1.829999999999999849e+00 2.007855723301567863e-01
1.889999999999999902e+00 1.763330151637393650e-01
1.949999999999999956e+00 1.538418233394621415e-01
2.009999999999999787e+00 1.335802177588143735e-01
2.070000000000000284e+00 1.155273367961246744e-01
2.129999999999999893e+00 9.974899391333252874e-02
2.189999999999999947e+00 8.582733571529443939e-02
2.250000000000000000e+00 7.355958223342888569e-02
2.309999999999999609e+00 6.279634932676946002e-02
2.370000000000000107e+00 5.348486204942062838e-02
2.429999999999999716e+00 4.512878755728400026e-02
2.490000000000000213e+00 3.826407094796495378e-02
2.549999999999999822e+00 3.215037286281582918e-02
2.609999999999999876e+00 2.707478900750495687e-02
2.669999999999999929e+00 2.268403768539426629e-02
2.729999999999999538e+00 1.882190505663552255e-02
2.790000000000000036e+00 1.572680970033008344e-02
2.849999999999999645e+00 1.303404569625853278e-02
2.910000000000000142e+00 1.081973314285277279e-02
2.969999999999999751e+00 8.900463581085196405e-03
3.030000000000000249e+00 7.324417432149244941e-03
3.089999999999999858e+00 6.006906429926549447e-03
3.149999999999999911e+00 4.986673593521150256e-03
3.209999999999999964e+00 4.084904988606767075e-03
3.269999999999999574e+00 3.311038017272946183e-03
3.330000000000000071e+00 2.684071660041806914e-03
3.389999999999999680e+00 2.182399233182269298e-03
3.450000000000000178e+00 1.781682173411049770e-03
3.509999999999999787e+00 1.433864235877989422e-03
3.569999999999999840e+00 1.166140039761868682e-03
3.629999999999999893e+00 9.297082821528108911e-04
3.689999999999999503e+00 7.556130488713575129e-04
3.750000000000000000e+00 5.946805079778030422e-04
3.809999999999999609e+00 4.785756270090734776e-04
3.870000000000000107e+00 3.828356663386023404e-04
3.929999999999999716e+00 3.062188625335690649e-04
3.989999999999999769e+00 2.454966306686417088e-04
4.049999999999999822e+00 1.994272073109928218e-04
4.109999999999999432e+00 1.593182484308889061e-04
4.169999999999999929e+00 1.250455776850372097e-04
4.230000000000000426e+00 1.043081283569342714e-04
4.290000000000000036e+00 7.500251134236590852e-05
4.349999999999999645e+00 5.724529425303178320e-05
4.410000000000000142e+00 4.780789216359487777e-05
4.469999999999999751e+00 4.060566425323452447e-05
4.529999999999999361e+00 3.029902776082376648e-05
4.589999999999999858e+00 2.421438694000224151e-05
4.650000000000000355e+00 1.850227514902762622e-05
4.709999999999999964e+00 1.403192679087309387e-05
4.769999999999999574e+00 9.685754776001039243e-06
4.830000000000000071e+00 9.313225746154846143e-06
4.889999999999999680e+00 6.332993507385201390e-06
4.949999999999999289e+00 5.215406417846713569e-06
5.009999999999999787e+00 3.725290298461883146e-06
5.070000000000000284e+00 4.097819328308132574e-06
5.129999999999999893e+00 2.110997835795067130e-06
5.189999999999999503e+00 1.986821492513033680e-06
5.250000000000000000e+00 2.607703208923356784e-06
5.309999999999999609e+00 1.614292462666816016e-06
5.369999999999999218e+00 8.692344029744522615e-07
5.429999999999999716e+00 4.967053731282511143e-07
5.490000000000000213e+00 4.967053731282584200e-07
5.549999999999999822e+00 6.208817164103138929e-07
5.609999999999999432e+00 2.483526865641292100e-07
5.669999999999999929e+00 1.241763432820627786e-07
5.730000000000000426e+00 2.483526865641292100e-07
5.789999999999999147e+00 1.241763432820646050e-07
5.849999999999999645e+00 0.000000000000000000e+00
5.910000000000000142e+00 1.241763432820646050e-07
5.969999999999999751e+00 1.241763432820627786e-07
