2.999999999999999889e-02 9.612677141219534704e-02
8.999999999999999667e-02 1.615649734173959795e-01
1.499999999999999944e-01 2.416549907374629103e-01
2.099999999999999922e-01 3.230333376382788502e-01
2.700000000000000178e-01 4.033735702937876755e-01
3.299999999999999600e-01 4.799132617301731796e-01
3.900000000000000133e-01 5.495525978438943193e-01
4.499999999999999556e-01 6.109630159183793152e-01
5.100000000000000089e-01 6.628594149578518335e-01
5.700000000000000622e-01 7.041502848886002086e-01
6.299999999999998934e-01 7.341948757697381867e-01
6.899999999999999467e-01 7.543866945463416629e-01
7.500000000000000000e-01 7.633442793788149938e-01
8.100000000000000533e-01 7.619407141497845926e-01
8.699999999999998845e-01 7.519804053303668079e-01
9.299999999999999378e-01 7.342122604580553213e-01
9.899999999999999911e-01 7.082888341191727610e-01
1.050000000000000044e+00 6.783069522923267369e-01
1.109999999999999876e+00 6.421917524267019006e-01
1.169999999999999929e+00 6.048087120772700498e-01
1.229999999999999982e+00 5.645745828435999591e-01
1.290000000000000036e+00 5.230863967004393267e-01
1.349999999999999867e+00 4.812377266273553111e-01
1.409999999999999920e+00 4.402012940277844621e-01
1.469999999999999973e+00 3.999412119379817110e-01
1.530000000000000027e+00 3.614778373859000582e-01
1.589999999999999858e+00 3.245249438960105537e-01
1.649999999999999911e+00 2.904082381289435633e-01
1.709999999999999964e+00 2.581554193023156141e-01
1.770000000000000018e+00 2.281821056432845329e-01
1.829999999999999849e+00 2.010494500555014552e-01
1.889999999999999902e+00 1.763284232665361662e-01
1.949999999999999956e+00 1.537108195877692762e-01
2.009999999999999787e+00 1.336621761371021566e-01
2.070000000000000284e+00 1.157864945499075676e-01
2.129999999999999893e+00 1.000979309295305375e-01
2.189999999999999947e+00 8.586359648700010727e-02
2.250000000000000000e+00 7.340312113468522304e-02
2.309999999999999609e+00 6.272147192639314361e-02
2.370000000000000107e+00 5.330989837611559146e-02
2.429999999999999716e+00 4.519435333998527565e-02
2.490000000000000213e+00 3.830182112706431025e-02
2.549999999999999822e+00 3.218886800888478422e-02
2.609999999999999876e+00 2.695421417982716075e-02
2.669999999999999929e+00 2.261760367876692115e-02
2.729999999999999538e+00 1.882972844684711183e-02
2.790000000000000036e+00 1.571861429589907141e-02
2.849999999999999645e+00 1.309812088456928890e-02
2.910000000000000142e+00 1.078980680490244752e-02
2.969999999999999751e+00 8.908783528836314997e-03
3.030000000000000249e+00 7.308895498150017045e-03
3.089999999999999858e+00 6.036708842268215247e-03
3.149999999999999911e+00 4.953642760023151473e-03
3.209999999999999964e+00 4.063795070804082470e-03
3.269999999999999574e+00 3.277882982460897984e-03
3.330000000000000071e+00 2.697855274347291717e-03
3.389999999999999680e+00 2.169484925808779201e-03
3.450000000000000178e+00 1.754487580376179945e-03
3.509999999999999787e+00 1.428648850748669456e-03
3.569999999999999840e+00 1.151363072067949781e-03
3.629999999999999893e+00 9.607523822896528887e-04
3.689999999999999503e+00 7.634361698742129360e-04
3.750000000000000000e+00 5.977849254675441466e-04
3.809999999999999609e+00 4.861503911934846956e-04
3.870000000000000107e+00 3.932664850344229704e-04
3.929999999999999716e+00 3.083298649638371901e-04
3.989999999999999769e+00 2.420196966631184168e-04
4.049999999999999822e+00 1.889963972915653190e-04
4.109999999999999432e+00 1.543511969996183867e-04
4.169999999999999929e+00 1.137455321413100099e-04
4.230000000000000426e+00 9.412566961038674887e-05
4.290000000000000036e+00 7.326404362813636350e-05
4.349999999999999645e+00 6.208817256621818406e-05
4.410000000000000142e+00 4.284083907069053548e-05
4.469999999999999751e+00 3.799796161052496106e-05
4.529999999999999361e+00 3.278255511496319820e-05
4.589999999999999858e+00 2.297262384950038183e-05
4.650000000000000355e+00 1.564621948668697927e-05
4.709999999999999964e+00 1.303851623890562350e-05
4.769999999999999574e+00 1.018246030085978069e-05
4.830000000000000071e+00 8.816520504402979358e-06
4.889999999999999680e+00 6.208817256621725232e-06
4.949999999999999289e+00 5.587935530959635210e-06
5.009999999999999787e+00 4.470348424767641930e-06
5.070000000000000284e+00 3.725290353973090281e-06
5.129999999999999893e+00 1.986821522118952345e-06
5.189999999999999503e+00 1.862645176986545141e-06
5.250000000000000000e+00 1.117587106191927000e-06
5.309999999999999609e+00 6.208817256621726079e-07
5.369999999999999218e+00 1.241763451324363639e-06
5.429999999999999716e+00 7.450580707946071295e-07
5.490000000000000213e+00 2.483526902648726960e-07
5.549999999999999822e+00 1.241763451324345216e-07
5.609999999999999432e+00 2.483526902648726960e-07
5.669999999999999929e+00 0.000000000000000000e+00
5.730000000000000426e+00 1.241763451324363480e-07
5.789999999999999147e+00 0.000000000000000000e+00
5.849999999999999645e+00 1.241763451324345216e-07
5.910000000000000142e+00 1.241763451324363480e-07
5.969999999999999751e+00 0.000000000000000000e+00
