2.999999999999999889e-02 9.620226919651031494e-02
8.999999999999999667e-02 1.615513116121292114e-01
1.499999999999999944e-01 2.411067485809326172e-01
2.099999999999999922e-01 3.231380134820938110e-01
2.700000000000000178e-01 4.034924010435740338e-01
3.299999999999999600e-01 4.798577477534612390e-01
3.900000000000000133e-01 5.490240951379140588e-01
4.499999999999999556e-01 6.114281713962554932e-01
5.100000000000000089e-01 6.630205859740568863e-01
5.700000000000000622e-01 7.041542480389283432e-01
6.299999999999998934e-01 7.350572695334759432e-01
6.899999999999999467e-01 7.538347194592150968e-01
7.500000000000000000e-01 7.632974535226815238e-01
8.100000000000000533e-01 7.619556039571769857e-01
8.699999999999998845e-01 7.521315167347597530e-01
9.299999999999999378e-01 7.336694747209542289e-01
9.899999999999999911e-01 7.086959977944685685e-01
1.050000000000000044e+00 6.781974186499907242e-01
1.109999999999999876e+00 6.429595251878120754e-01
1.169999999999999929e+00 6.048983583847675760e-01
1.229999999999999982e+00 5.645163357257837466e-01
1.290000000000000036e+00 5.233916143576319291e-01
1.349999999999999867e+00 4.812557250261302322e-01
1.409999999999999920e+00 4.400473088026042867e-01
1.469999999999999973e+00 3.996691356102621828e-01
1.530000000000000027e+00 3.614102800687151174e-01
1.589999999999999858e+00 3.245911250511814283e-01
1.649999999999999911e+00 2.899043262004849519e-01
1.709999999999999964e+00 2.579854180415468989e-01
1.770000000000000018e+00 2.281403789917634262e-01
1.829999999999999849e+00 2.009443938732145551e-01
1.889999999999999902e+00 1.761118570963540186e-01
1.949999999999999956e+00 1.540062328179676032e-01
2.009999999999999787e+00 1.335797210534412360e-01
2.070000000000000284e+00 1.157888521750767008e-01
2.129999999999999893e+00 9.983517229557029027e-02
2.189999999999999947e+00 8.566578229268448363e-02
2.250000000000000000e+00 7.356790204842879322e-02
2.309999999999999609e+00 6.278256575266515094e-02
2.370000000000000107e+00 5.332579215367630465e-02
2.429999999999999716e+00 4.522614181041713366e-02
2.490000000000000213e+00 3.831746677557623659e-02
2.549999999999999822e+00 3.215782344341275301e-02
2.609999999999999876e+00 2.712557713190732328e-02
2.669999999999999929e+00 2.260766923427579705e-02
2.729999999999999538e+00 1.890820761521655458e-02
2.790000000000000036e+00 1.580640673637388749e-02
2.849999999999999645e+00 1.303876439730325236e-02
2.910000000000000142e+00 1.074286798636117646e-02
2.969999999999999751e+00 8.901953697204581170e-03
3.030000000000000249e+00 7.387374838193251289e-03
3.089999999999999858e+00 6.029133995374038289e-03
3.149999999999999911e+00 4.968543847401969520e-03
3.209999999999999964e+00 4.053115844726559031e-03
3.269999999999999574e+00 3.315384189287818705e-03
3.330000000000000071e+00 2.715239922205604783e-03
3.389999999999999680e+00 2.194195985794065648e-03
3.450000000000000178e+00 1.781682173411049770e-03
3.509999999999999787e+00 1.423433423042296062e-03
3.569999999999999840e+00 1.139317949612942901e-03
3.629999999999999893e+00 9.452303250630688302e-04
3.689999999999999503e+00 7.480382919311516932e-04
3.750000000000000000e+00 5.866090456644689312e-04
3.809999999999999609e+00 4.753470420837398007e-04
3.870000000000000107e+00 3.771235545476274236e-04
3.929999999999999716e+00 3.206233183542884298e-04
3.989999999999999769e+00 2.472350994745906201e-04
4.049999999999999822e+00 2.004206180572493232e-04
4.109999999999999432e+00 1.480182011922210098e-04
4.169999999999999929e+00 1.223136981328318241e-04
4.230000000000000426e+00 1.019487778345750501e-04
4.290000000000000036e+00 7.525086402893004065e-05
4.349999999999999645e+00 6.109476089477578365e-05
4.410000000000000142e+00 5.016724268595410582e-05
4.469999999999999751e+00 3.625949223836232754e-05
4.529999999999999361e+00 2.893308798472105336e-05
4.589999999999999858e+00 2.483526865641255487e-05
4.650000000000000355e+00 1.912315686543794975e-05
4.709999999999999964e+00 1.254181067148834011e-05
4.769999999999999574e+00 1.154839992523200813e-05
4.830000000000000071e+00 9.685754776001039243e-06
4.889999999999999680e+00 5.712111790974887180e-06
4.949999999999999289e+00 6.457169850667359778e-06
5.009999999999999787e+00 5.712111790974887180e-06
5.070000000000000284e+00 2.731879552205421575e-06
5.129999999999999893e+00 3.104408582051569359e-06
5.189999999999999503e+00 1.738468805948904523e-06
5.250000000000000000e+00 1.241763432820646209e-06
5.309999999999999609e+00 1.241763432820627786e-06
5.369999999999999218e+00 4.967053731282584200e-07
5.429999999999999716e+00 6.208817164103138929e-07
5.490000000000000213e+00 7.450580596923876829e-07
5.549999999999999822e+00 3.725290298461883358e-07
5.609999999999999432e+00 2.483526865641292100e-07
5.669999999999999929e+00 1.241763432820627786e-07
5.730000000000000426e+00 0.000000000000000000e+00
5.789999999999999147e+00 1.241763432820646050e-07
5.849999999999999645e+00 1.241763432820627786e-07
5.910000000000000142e+00 1.241763432820646050e-07
5.969999999999999751e+00 2.483526865641255572e-07
