2.999999999999999889e-02 9.610255845693425891e-02
8.999999999999999667e-02 1.618783969246863352e-01
1.499999999999999944e-01 2.415424905680365608e-01
2.099999999999999922e-01 3.232780940317539486e-01
2.700000000000000178e-01 4.035468023085634903e-01
3.299999999999999600e-01 4.799475415532055145e-01
3.900000000000000133e-01 5.493406370085667234e-01
4.499999999999999556e-01 6.113225155469531602e-01
5.100000000000000089e-01 6.629701901367357486e-01
5.700000000000000622e-01 7.043780348016239756e-01
6.299999999999998934e-01 7.343838831102026399e-01
6.899999999999999467e-01 7.545504943892500371e-01
7.500000000000000000e-01 7.632221012281004136e-01
8.100000000000000533e-01 7.612397500248682114e-01
8.699999999999998845e-01 7.517094637466318341e-01
9.299999999999999378e-01 7.336410602025500438e-01
9.899999999999999911e-01 7.082959227252771939e-01
1.050000000000000044e+00 6.783971144277978205e-01
1.109999999999999876e+00 6.430305732199738111e-01
1.169999999999999929e+00 6.047070206614435506e-01
1.229999999999999982e+00 5.642496217563630623e-01
1.290000000000000036e+00 5.233242021995063720e-01
1.349999999999999867e+00 4.811937753715245236e-01
1.409999999999999920e+00 4.394316555886956799e-01
1.469999999999999973e+00 3.998324394176133723e-01
1.530000000000000027e+00 3.616349258512729925e-01
1.589999999999999858e+00 3.248609699267446804e-01
1.649999999999999911e+00 2.902654396573334239e-01
1.709999999999999964e+00 2.576284187325361685e-01
1.770000000000000018e+00 2.281524308965340864e-01
1.829999999999999849e+00 2.009353349884945850e-01
1.889999999999999902e+00 1.763283017176875411e-01
1.949999999999999956e+00 1.539073930355128184e-01
2.009999999999999787e+00 1.338114380978971951e-01
2.070000000000000284e+00 1.158038809638384237e-01
2.129999999999999893e+00 9.970677692811014126e-02
2.189999999999999947e+00 8.579828100795446055e-02
2.250000000000000000e+00 7.352816780988868928e-02
2.309999999999999609e+00 6.288215705401167810e-02
2.370000000000000107e+00 5.346499542787652715e-02
2.429999999999999716e+00 4.522651568730218230e-02
2.490000000000000213e+00 3.818956628013348009e-02
2.549999999999999822e+00 3.221978839893502311e-02
2.609999999999999876e+00 2.707056781859915745e-02
2.669999999999999929e+00 2.250323760022432396e-02
2.729999999999999538e+00 1.889392789882204937e-02
2.790000000000000036e+00 1.575425314170875168e-02
2.849999999999999645e+00 1.313475310210643343e-02
2.910000000000000142e+00 1.080296965846327950e-02
2.969999999999999751e+00 8.930017816921598239e-03
3.030000000000000249e+00 7.380793711964095394e-03
3.089999999999999858e+00 6.000449438903210364e-03
3.149999999999999911e+00 4.993627617566645874e-03
3.209999999999999964e+00 4.043057681413220195e-03
3.269999999999999574e+00 3.310789763255606033e-03
3.330000000000000071e+00 2.706920187878214534e-03
3.389999999999999680e+00 2.179170713201283860e-03
3.450000000000000178e+00 1.803164734537343605e-03
3.509999999999999787e+00 1.447523676778583734e-03
3.569999999999999840e+00 1.164898311045723181e-03
3.629999999999999893e+00 9.341786583516586973e-04
3.689999999999999503e+00 7.628152995153847371e-04
3.750000000000000000e+00 6.078432184808413297e-04
3.809999999999999609e+00 4.892548071122604370e-04
3.870000000000000107e+00 4.045665384699859146e-04
3.929999999999999716e+00 3.091991039871899716e-04
3.989999999999999769e+00 2.514571026401864586e-04
4.049999999999999822e+00 1.996755659483525421e-04
4.109999999999999432e+00 1.545995519935961242e-04
4.169999999999999929e+00 1.193334694504768416e-04
4.230000000000000426e+00 9.362896562503733317e-05
4.290000000000000036e+00 7.810692225218515705e-05
4.349999999999999645e+00 6.345411330821496248e-05
4.410000000000000142e+00 4.420677952587969469e-05
4.469999999999999751e+00 3.799796217673873073e-05
4.529999999999999361e+00 2.595285651940690158e-05
4.589999999999999858e+00 2.309680053880196966e-05
4.650000000000000355e+00 1.937151012931806823e-05
4.709999999999999964e+00 1.589457241379920526e-05
4.769999999999999574e+00 1.154840026940115593e-05
4.830000000000000071e+00 9.189049676727801858e-06
4.889999999999999680e+00 5.215406573277864172e-06
4.949999999999999289e+00 5.463759267243558228e-06
5.009999999999999787e+00 5.215406573277864172e-06
5.070000000000000284e+00 3.104408674570203307e-06
5.129999999999999893e+00 2.731879633621738456e-06
5.189999999999999503e+00 2.607703286638970626e-06
5.250000000000000000e+00 1.365939816810889557e-06
5.309999999999999609e+00 1.614292510776481757e-06
5.369999999999999218e+00 6.208817349140407462e-07
5.429999999999999716e+00 7.450580818968377993e-07
5.490000000000000213e+00 0.000000000000000000e+00
5.549999999999999822e+00 4.967053879312251642e-07
5.609999999999999432e+00 1.241763469828081439e-07
5.669999999999999929e+00 2.483526939656125821e-07
5.730000000000000426e+00 1.241763469828081439e-07
5.789999999999999147e+00 0.000000000000000000e+00
5.849999999999999645e+00 1.241763469828062911e-07
5.910000000000000142e+00 1.241763469828081439e-07
5.969999999999999751e+00 1.241763469828062911e-07
