2.999999999999999889e-02 9.639375127241948948e-02
8.999999999999999667e-02 1.623321360870928209e-01
1.499999999999999944e-01 2.419127826323485553e-01
2.099999999999999922e-01 3.235749972665681873e-01
2.700000000000000178e-01 4.040271134084563176e-01
3.299999999999999600e-01 4.798100747622318085e-01
3.900000000000000133e-01 5.498000853960731682e-01
4.499999999999999556e-01 6.113862134577729979e-01
5.100000000000000089e-01 6.624099015238108512e-01
5.700000000000000622e-01 7.038965978599330819e-01
6.299999999999998934e-01 7.344741538421999394e-01
6.899999999999999467e-01 7.536600201898313589e-01
7.500000000000000000e-01 7.625236035950783142e-01
8.100000000000000533e-01 7.623591941128994298e-01
8.699999999999998845e-01 7.517544099832325077e-01
9.299999999999999378e-01 7.332597091777550702e-01
9.899999999999999911e-01 7.082289863975361754e-01
1.050000000000000044e+00 6.779495778221537039e-01
1.109999999999999876e+00 6.426405305260556311e-01
1.169999999999999929e+00 6.043245530101676311e-01
1.229999999999999982e+00 5.643230057728957361e-01
1.290000000000000036e+00 5.227306353662816152e-01
1.349999999999999867e+00 4.814406343623139906e-01
1.409999999999999920e+00 4.398149846949545028e-01
1.469999999999999973e+00 3.995022515344622827e-01
1.530000000000000027e+00 3.612217884535490753e-01
1.589999999999999858e+00 3.248311651832879732e-01
1.649999999999999911e+00 2.901730502932204914e-01
1.709999999999999964e+00 2.580935814053866850e-01
1.770000000000000018e+00 2.282410911077511206e-01
1.829999999999999849e+00 2.008686507935767140e-01
1.889999999999999902e+00 1.763928721038892367e-01
1.949999999999999956e+00 1.537382637054828805e-01
2.009999999999999787e+00 1.341093361551164986e-01
2.070000000000000284e+00 1.160535987329541358e-01
2.129999999999999893e+00 9.999610707155101585e-02
2.189999999999999947e+00 8.578400008891082229e-02
2.250000000000000000e+00 7.356479928414813574e-02
2.309999999999999609e+00 6.283832233534474010e-02
2.370000000000000107e+00 5.348995447508884254e-02
2.429999999999999716e+00 4.529667498586092966e-02
2.490000000000000213e+00 3.826767291726927700e-02
2.549999999999999822e+00 3.216713738815045465e-02
2.609999999999999876e+00 2.707503796536578008e-02
2.669999999999999929e+00 2.261623790747456855e-02
2.729999999999999538e+00 1.896421156991992887e-02
2.790000000000000036e+00 1.574767167798936038e-02
2.849999999999999645e+00 1.310346056503837453e-02
2.910000000000000142e+00 1.084394777217389562e-02
2.969999999999999751e+00 8.918469350204421067e-03
3.030000000000000249e+00 7.362912263140597956e-03
3.089999999999999858e+00 5.985672409015520279e-03
3.149999999999999911e+00 5.007535331119674672e-03
3.209999999999999964e+00 4.073232503382094236e-03
3.269999999999999574e+00 3.335500831453766437e-03
3.330000000000000071e+00 2.680222253307698501e-03
3.389999999999999680e+00 2.193575153107880666e-03
3.450000000000000178e+00 1.796583374761665094e-03
3.509999999999999787e+00 1.447399489647633892e-03
3.569999999999999840e+00 1.167257652941648986e-03
3.629999999999999893e+00 9.470929913814777430e-04
3.689999999999999503e+00 7.526328334552427959e-04
3.750000000000000000e+00 6.161630291379169896e-04
3.809999999999999609e+00 4.901240378894312693e-04
3.870000000000000107e+00 3.875543760458361494e-04
3.929999999999999716e+00 3.093232780295346904e-04
3.989999999999999769e+00 2.446274017335157850e-04
4.049999999999999822e+00 2.029041494581517271e-04
4.109999999999999432e+00 1.585731939155835836e-04
4.169999999999999929e+00 1.244246987497356306e-04
4.230000000000000426e+00 9.834766607763681119e-05
4.290000000000000036e+00 7.686515820966702327e-05
4.349999999999999645e+00 5.724529553256384618e-05
4.410000000000000142e+00 4.929800938487602922e-05
4.469999999999999751e+00 3.886719631603518415e-05
4.529999999999999361e+00 2.719461978661926837e-05
4.589999999999999858e+00 2.409021113517835933e-05
4.650000000000000355e+00 1.763304114018235787e-05
4.709999999999999964e+00 1.428027979662634558e-05
4.769999999999999574e+00 1.117587114518600066e-05
4.830000000000000071e+00 1.018246037672502353e-05
4.889999999999999680e+00 7.326404417399603139e-06
4.949999999999999289e+00 4.097819419901533799e-06
5.009999999999999787e+00 4.097819419901472813e-06
5.070000000000000284e+00 3.476937689613422464e-06
5.129999999999999893e+00 2.359350575094787416e-06
5.189999999999999503e+00 1.986821536921955512e-06
5.250000000000000000e+00 1.614292498749089092e-06
5.309999999999999609e+00 1.490116152691444929e-06
5.369999999999999218e+00 4.967053842304888780e-07
5.429999999999999716e+00 6.208817302881020184e-07
5.490000000000000213e+00 1.117587114518600108e-06
5.549999999999999822e+00 8.692344224033428046e-07
5.609999999999999432e+00 3.725290381728667379e-07
5.669999999999999929e+00 3.725290381728612322e-07
5.730000000000000426e+00 4.967053842304888780e-07
5.789999999999999147e+00 1.241763460576222195e-07
5.849999999999999645e+00 1.241763460576203931e-07
5.910000000000000142e+00 1.241763460576222195e-07
5.969999999999999751e+00 0.000000000000000000e+00
