2.999999999999999889e-02 9.626361302731147040e-02
8.999999999999999667e-02 1.617930841579517942e-01
1.499999999999999944e-01 2.415811040121896014e-01
2.099999999999999922e-01 3.233922048662519200e-01
2.700000000000000178e-01 4.032390843076439357e-01
3.299999999999999600e-01 4.798347787050017410e-01
3.900000000000000133e-01 5.502066305543480418e-01
4.499999999999999556e-01 6.109941796287460258e-01
5.100000000000000089e-01 6.626859356663067357e-01
5.700000000000000622e-01 7.044766150748483780e-01
6.299999999999998934e-01 7.348515148077279235e-01
6.899999999999999467e-01 7.541926012997268725e-01
7.500000000000000000e-01 7.626603103875633227e-01
8.100000000000000533e-01 7.619955944170233586e-01
8.699999999999998845e-01 7.518950905792056716e-01
9.299999999999999378e-01 7.341673031511447567e-01
9.899999999999999911e-01 7.088486158016958916e-01
1.050000000000000044e+00 6.775272439732688001e-01
1.109999999999999876e+00 6.426675913930026685e-01
1.169999999999999929e+00 6.038616145938253688e-01
1.229999999999999982e+00 5.642217936432987191e-01
1.290000000000000036e+00 5.229411064804194709e-01
1.349999999999999867e+00 4.810587849298521568e-01
1.409999999999999920e+00 4.398189517842150953e-01
1.469999999999999973e+00 3.996810595170732228e-01
1.530000000000000027e+00 3.614200926926239288e-01
1.589999999999999858e+00 3.248459373278870799e-01
1.649999999999999911e+00 2.900612872595185188e-01
1.709999999999999964e+00 2.579284230216969398e-01
1.770000000000000018e+00 2.282969670615870583e-01
1.829999999999999849e+00 2.012985463040460332e-01
1.889999999999999902e+00 1.762426160989398471e-01
1.949999999999999956e+00 1.538245639738282378e-01
2.009999999999999787e+00 1.338537792403531324e-01
2.070000000000000284e+00 1.159209766680073944e-01
2.129999999999999893e+00 1.000342277191645091e-01
2.189999999999999947e+00 8.598479195921272800e-02
2.250000000000000000e+00 7.352655187393136726e-02
2.309999999999999609e+00 6.280640807851951835e-02
2.370000000000000107e+00 5.336726744994964300e-02
2.429999999999999716e+00 4.522167179898668732e-02
2.490000000000000213e+00 3.823178538356061112e-02
2.549999999999999822e+00 3.219172382497578755e-02
2.609999999999999876e+00 2.710483988452601009e-02
2.669999999999999929e+00 2.268205103289620481e-02
2.729999999999999538e+00 1.886685703347266985e-02
2.790000000000000036e+00 1.566136888410673070e-02
2.849999999999999645e+00 1.299716541914018759e-02
2.910000000000000142e+00 1.085114983855050251e-02
2.969999999999999751e+00 8.948395716262817767e-03
3.030000000000000249e+00 7.306660269498770933e-03
3.089999999999999858e+00 6.067132001622005735e-03
3.149999999999999911e+00 4.959354834949169719e-03
3.209999999999999964e+00 4.088878662056313201e-03
3.269999999999999574e+00 3.304705048387532058e-03
3.330000000000000071e+00 2.695371727362558863e-03
3.389999999999999680e+00 2.184510247293934213e-03
3.450000000000000178e+00 1.786028358732870283e-03
3.509999999999999787e+00 1.436347773445255686e-03
3.569999999999999840e+00 1.145154246279263700e-03
3.629999999999999893e+00 9.371588697321123944e-04
3.689999999999999503e+00 7.634361641861702342e-04
3.750000000000000000e+00 6.032486801588183949e-04
3.809999999999999609e+00 4.840393897198587252e-04
3.870000000000000107e+00 3.868093122055823530e-04
3.929999999999999716e+00 3.051012777172121336e-04
3.989999999999999769e+00 2.448757507766979478e-04
4.049999999999999822e+00 1.935909206191006144e-04
4.109999999999999432e+00 1.606841894041821119e-04
4.169999999999999929e+00 1.247972259282848742e-04
4.230000000000000426e+00 1.000861334310438868e-04
4.290000000000000036e+00 8.133550545574786057e-05
4.349999999999999645e+00 5.799035274478596879e-05
4.410000000000000142e+00 4.954636133869293798e-05
4.469999999999999751e+00 3.837049036003982520e-05
4.529999999999999361e+00 3.005067529815461325e-05
4.589999999999999858e+00 2.173086023626851022e-05
4.650000000000000355e+00 1.850227528688032071e-05
4.709999999999999964e+00 1.639127743535681906e-05
4.769999999999999574e+00 1.179675269968879524e-05
4.830000000000000071e+00 1.005828388078728820e-05
4.889999999999999680e+00 5.712111833533436739e-06
4.949999999999999289e+00 5.836288177740772793e-06
5.009999999999999787e+00 2.483526884144972790e-06
5.070000000000000284e+00 3.228584949388512230e-06
5.129999999999999893e+00 1.614292474694232186e-06
5.189999999999999503e+00 1.986821507316007624e-06
5.250000000000000000e+00 9.934107536580038120e-07
5.309999999999999609e+00 6.208817210362431975e-07
5.369999999999999218e+00 1.117587097865254103e-06
5.429999999999999716e+00 8.692344094507404977e-07
5.490000000000000213e+00 2.483526884145009530e-07
5.549999999999999822e+00 6.208817210362431975e-07
5.609999999999999432e+00 2.483526884145009530e-07
5.669999999999999929e+00 3.725290326217458973e-07
5.730000000000000426e+00 1.241763442072504765e-07
5.789999999999999147e+00 4.967053768290019060e-07
5.849999999999999645e+00 1.241763442072486501e-07
5.910000000000000142e+00 0.000000000000000000e+00
5.969999999999999751e+00 3.725290326217458973e-07
