2.999999999999999889e-02 9.648328241792704374e-02
8.999999999999999667e-02 1.617922173344343018e-01
1.499999999999999944e-01 2.416638090585030152e-01
2.099999999999999922e-01 3.232427013645179925e-01
2.700000000000000178e-01 4.035541257063228748e-01
3.299999999999999600e-01 4.798174011666491712e-01
3.900000000000000133e-01 5.502075079874881869e-01
4.499999999999999556e-01 6.109579292402202988e-01
5.100000000000000089e-01 6.630376129531321272e-01
5.700000000000000622e-01 7.039824037150589353e-01
6.299999999999998934e-01 7.346439029072607818e-01
6.899999999999999467e-01 7.541881421896144966e-01
7.500000000000000000e-01 7.633337300767583100e-01
8.100000000000000533e-01 7.616003524621413057e-01
8.699999999999998845e-01 7.521304159590950222e-01
9.299999999999999378e-01 7.338032290444492789e-01
9.899999999999999911e-01 7.079569160233238900e-01
1.050000000000000044e+00 6.783345244949322561e-01
1.109999999999999876e+00 6.427401199555938804e-01
1.169999999999999929e+00 6.042572494306043263e-01
1.229999999999999982e+00 5.635467794336895819e-01
1.290000000000000036e+00 5.227922268339262324e-01
1.349999999999999867e+00 4.807354368930527588e-01
1.409999999999999920e+00 4.397387404184751603e-01
1.469999999999999973e+00 3.999815722302447196e-01
1.530000000000000027e+00 3.612837524502318098e-01
1.589999999999999858e+00 3.247037602522328537e-01
1.649999999999999911e+00 2.904464866072393736e-01
1.709999999999999964e+00 2.579235839876337644e-01
1.770000000000000018e+00 2.282074393179694960e-01
1.829999999999999849e+00 2.013543044830080619e-01
1.889999999999999902e+00 1.763957281598485805e-01
1.949999999999999956e+00 1.537598703896969066e-01
2.009999999999999787e+00 1.338654538114593118e-01
2.070000000000000284e+00 1.157811558297037052e-01
2.129999999999999893e+00 1.000785601653332718e-01
2.189999999999999947e+00 8.612635427499168439e-02
2.250000000000000000e+00 7.347402637518002377e-02
2.309999999999999609e+00 6.273538014446297661e-02
2.370000000000000107e+00 5.346896867260510222e-02
2.429999999999999716e+00 4.521285595227203524e-02
2.490000000000000213e+00 3.826047068919793265e-02
2.549999999999999822e+00 3.218973748313293942e-02
2.609999999999999876e+00 2.701232891060667898e-02
2.669999999999999929e+00 2.268018872569424471e-02
2.729999999999999538e+00 1.881954612676280114e-02
2.790000000000000036e+00 1.578020588065645949e-02
2.849999999999999645e+00 1.312618483636691924e-02
2.910000000000000142e+00 1.086915557042359391e-02
2.969999999999999751e+00 8.951872787293920636e-03
3.030000000000000249e+00 7.310758197796396983e-03
3.089999999999999858e+00 6.053224341270866012e-03
3.149999999999999911e+00 4.990398995363722057e-03
3.209999999999999964e+00 4.063174219351426905e-03
3.269999999999999574e+00 3.306071037438110174e-03
3.330000000000000071e+00 2.704560817134991999e-03
3.389999999999999680e+00 2.205123553291239453e-03
3.450000000000000178e+00 1.777211864776676161e-03
3.509999999999999787e+00 1.424178512934858769e-03
3.569999999999999840e+00 1.145650968727622869e-03
3.629999999999999893e+00 9.309500663939869296e-04
3.689999999999999503e+00 7.499009538419750898e-04
3.750000000000000000e+00 6.172806162524355818e-04
3.809999999999999609e+00 4.850328077010688296e-04
3.870000000000000107e+00 3.840774383562227693e-04
3.929999999999999716e+00 3.160288007166462440e-04
3.989999999999999769e+00 2.456208125019767739e-04
4.049999999999999822e+00 1.983096246540197818e-04
4.109999999999999432e+00 1.481423808467433349e-04
4.169999999999999929e+00 1.185884104850274762e-04
4.230000000000000426e+00 9.785096069340633025e-05
4.290000000000000036e+00 7.562339474909082770e-05
4.349999999999999645e+00 6.407499456573307087e-05
4.410000000000000142e+00 5.066394919150987551e-05
4.469999999999999751e+00 3.638366939488277946e-05
4.529999999999999361e+00 3.017485209200220143e-05
4.589999999999999858e+00 2.210338959825642880e-05
4.650000000000000355e+00 1.862645190864333668e-05
4.709999999999999964e+00 1.564621960326016985e-05
4.769999999999999574e+00 1.018246037672502353e-05
4.830000000000000071e+00 1.043081306884026739e-05
4.889999999999999680e+00 7.574757109514843608e-06
4.949999999999999289e+00 5.215406534420133696e-06
5.009999999999999787e+00 3.352761343555750560e-06
5.070000000000000284e+00 3.849466727786289096e-06
5.129999999999999893e+00 3.104408651440510092e-06
5.189999999999999503e+00 2.359350575094822568e-06
5.250000000000000000e+00 1.241763460576222460e-06
5.309999999999999609e+00 1.117587114518583591e-06
5.369999999999999218e+00 9.934107684609777560e-07
5.429999999999999716e+00 8.692344224033428046e-07
5.490000000000000213e+00 2.483526921152444390e-07
5.549999999999999822e+00 2.483526921152407862e-07
5.609999999999999432e+00 1.241763460576222195e-07
5.669999999999999929e+00 3.725290381728612322e-07
5.730000000000000426e+00 1.241763460576222195e-07
5.789999999999999147e+00 0.000000000000000000e+00
5.849999999999999645e+00 0.000000000000000000e+00
5.910000000000000142e+00 0.000000000000000000e+00
5.969999999999999751e+00 1.241763460576203931e-07
