2.999999999999999889e-02 9.608703426584876139e-02
8.999999999999999667e-02 1.617136112976591822e-01
1.499999999999999944e-01 2.412028628677342912e-01
2.099999999999999922e-01 3.227926814764192631e-01
2.700000000000000178e-01 4.035482834047199874e-01
3.299999999999999600e-01 4.798458303996361862e-01
3.900000000000000133e-01 5.495556981580136391e-01
4.499999999999999556e-01 6.114152616119529204e-01
5.100000000000000089e-01 6.626337816017396909e-01
5.700000000000000622e-01 7.045300109028576063e-01
6.299999999999998934e-01 7.341879164242844924e-01
6.899999999999999467e-01 7.552246308964332133e-01
7.500000000000000000e-01 7.630601582159106666e-01
8.100000000000000533e-01 7.620838837977547131e-01
8.699999999999998845e-01 7.513865884496769842e-01
9.299999999999999378e-01 7.338684106906377957e-01
9.899999999999999911e-01 7.089446041157682066e-01
1.050000000000000044e+00 6.782958955439116755e-01
1.109999999999999876e+00 6.429581640384476326e-01
1.169999999999999929e+00 6.046702509473029785e-01
1.229999999999999982e+00 5.644508989983610947e-01
1.290000000000000036e+00 5.227139879468644112e-01
1.349999999999999867e+00 4.814222490893467210e-01
1.409999999999999920e+00 4.400666835909085584e-01
1.469999999999999973e+00 3.996557275428549438e-01
1.530000000000000027e+00 3.613587495785854919e-01
1.589999999999999858e+00 3.245841735942981421e-01
1.649999999999999911e+00 2.900308640551877426e-01
1.709999999999999964e+00 2.578529238044189875e-01
1.770000000000000018e+00 2.282756087303834114e-01
1.829999999999999849e+00 2.009366964370261077e-01
1.889999999999999902e+00 1.760513845288606827e-01
1.949999999999999956e+00 1.539361985072705830e-01
2.009999999999999787e+00 1.336784422423324958e-01
2.070000000000000284e+00 1.158878215841040588e-01
2.129999999999999893e+00 9.995661750403497803e-02
2.189999999999999947e+00 8.594604893982006610e-02
2.250000000000000000e+00 7.348917479432497124e-02
2.309999999999999609e+00 6.255979385892392053e-02
2.370000000000000107e+00 5.332989037034326085e-02
2.429999999999999716e+00 4.512605601394711202e-02
2.490000000000000213e+00 3.817689943942101372e-02
2.549999999999999822e+00 3.226722304225379534e-02
2.609999999999999876e+00 2.713079274046532874e-02
2.669999999999999929e+00 2.261586504143373727e-02
2.729999999999999538e+00 1.896371458195432111e-02
2.790000000000000036e+00 1.571749659168840407e-02
2.849999999999999645e+00 1.305677006435966743e-02
2.910000000000000142e+00 1.083562779552459630e-02
2.969999999999999751e+00 8.957212236701532493e-03
3.030000000000000249e+00 7.348756050185028567e-03
3.089999999999999858e+00 6.011500999417157889e-03
3.149999999999999911e+00 4.982824164004339904e-03
3.209999999999999964e+00 4.051004877073102056e-03
3.269999999999999574e+00 3.291169826868942279e-03
3.330000000000000071e+00 2.727160871479614775e-03
3.389999999999999680e+00 2.194816883863135934e-03
3.450000000000000178e+00 1.763055735054529097e-03
3.509999999999999787e+00 1.448517055177565935e-03
3.569999999999999840e+00 1.147761949507615942e-03
3.629999999999999893e+00 9.405116310257081351e-04
3.689999999999999503e+00 7.546196437474555086e-04
3.750000000000000000e+00 6.139278457606417569e-04
3.809999999999999609e+00 4.854053295061384714e-04
3.870000000000000107e+00 3.941357165138100827e-04
3.929999999999999716e+00 3.151595615979993557e-04
3.989999999999999769e+00 2.389152862547499101e-04
4.049999999999999822e+00 1.954535657822093592e-04
4.109999999999999432e+00 1.549720775706485735e-04
4.169999999999999929e+00 1.188367614063369314e-04
4.230000000000000426e+00 9.598831407220462101e-05
4.290000000000000036e+00 7.748603878532314834e-05
4.349999999999999645e+00 6.171564307100348558e-05
4.410000000000000142e+00 4.731118714296242384e-05
4.469999999999999751e+00 3.501772906644411160e-05
4.529999999999999361e+00 2.806385379083860520e-05
4.589999999999999858e+00 2.297262367834099661e-05
4.650000000000000355e+00 1.552204302590631202e-05
4.709999999999999964e+00 1.378357420700459831e-05
4.769999999999999574e+00 1.030663656920178921e-05
4.830000000000000071e+00 8.940696782922032826e-06
4.889999999999999680e+00 6.829698931398674325e-06
4.949999999999999289e+00 6.457169898777024460e-06
5.009999999999999787e+00 5.215406456704442351e-06
5.070000000000000284e+00 2.856055916766760721e-06
5.129999999999999893e+00 2.359350539937723981e-06
5.189999999999999503e+00 1.614292474694256115e-06
5.250000000000000000e+00 2.235174195730508206e-06
5.309999999999999609e+00 1.241763442072486395e-06
5.369999999999999218e+00 1.614292474694256115e-06
5.429999999999999716e+00 6.208817210362431975e-07
5.490000000000000213e+00 6.208817210362524090e-07
5.549999999999999822e+00 4.967053768289946003e-07
5.609999999999999432e+00 6.208817210362524090e-07
5.669999999999999929e+00 2.483526884144973002e-07
5.730000000000000426e+00 2.483526884145009530e-07
5.789999999999999147e+00 3.725290326217514030e-07
5.849999999999999645e+00 0.000000000000000000e+00
5.910000000000000142e+00 1.241763442072504765e-07
5.969999999999999751e+00 1.241763442072486501e-07
