2.999999999999999889e-02 9.615644955868199450e-02
8.999999999999999667e-02 1.620677634388371924e-01
1.499999999999999944e-01 2.412535286136497370e-01
2.099999999999999922e-01 3.232656715800216740e-01
2.700000000000000178e-01 4.032179773333367523e-01
3.299999999999999600e-01 4.798512977339520758e-01
3.900000000000000133e-01 5.495114954736555202e-01
4.499999999999999556e-01 6.112393082862989102e-01
5.100000000000000089e-01 6.625990171621091163e-01
5.700000000000000622e-01 7.040991242344056822e-01
6.299999999999998934e-01 7.347578913185687233e-01
6.899999999999999467e-01 7.542698446055720041e-01
7.500000000000000000e-01 7.631166641381872395e-01
8.100000000000000533e-01 7.623290135810135704e-01
8.699999999999998845e-01 7.517950100470839336e-01
9.299999999999999378e-01 7.334934035960837262e-01
9.899999999999999911e-01 7.091724729911351721e-01
1.050000000000000044e+00 6.781950694053624495e-01
1.109999999999999876e+00 6.431217090753987842e-01
1.169999999999999929e+00 6.041957776376963851e-01
1.229999999999999982e+00 5.645432904046265854e-01
1.290000000000000036e+00 5.227483886889887632e-01
1.349999999999999867e+00 4.811557702395679037e-01
1.409999999999999920e+00 4.401141222335014924e-01
1.469999999999999973e+00 3.999720076715744810e-01
1.530000000000000027e+00 3.610447102940780861e-01
1.589999999999999858e+00 3.246615378756562698e-01
1.649999999999999911e+00 2.898161653153520922e-01
1.709999999999999964e+00 2.581309565623244873e-01
1.770000000000000018e+00 2.283365810166292920e-01
1.829999999999999849e+00 2.009391814610238525e-01
1.889999999999999902e+00 1.763532585355626903e-01
1.949999999999999956e+00 1.538479102727954850e-01
2.009999999999999787e+00 1.336354782228987015e-01
2.070000000000000284e+00 1.157975462446243498e-01
2.129999999999999893e+00 9.977643837198266197e-02
2.189999999999999947e+00 8.587787676669032810e-02
2.250000000000000000e+00 7.352096448621592284e-02
2.309999999999999609e+00 6.273128185765859677e-02
2.370000000000000107e+00 5.335398097863760375e-02
2.429999999999999716e+00 4.530176587852482312e-02
2.490000000000000213e+00 3.827313639133871764e-02
2.549999999999999822e+00 3.220712193161925224e-02
2.609999999999999876e+00 2.711899618981790730e-02
2.669999999999999929e+00 2.260121240120943967e-02
2.729999999999999538e+00 1.887132752246648004e-02
2.790000000000000036e+00 1.575549467040340476e-02
2.849999999999999645e+00 1.303218324530396564e-02
2.910000000000000142e+00 1.084655539462796824e-02
2.969999999999999751e+00 8.896614247013335738e-03
3.030000000000000249e+00 7.324417541291571195e-03
3.089999999999999858e+00 6.093333255648605840e-03
3.149999999999999911e+00 4.963328514943481443e-03
3.209999999999999964e+00 4.071121475166895008e-03
3.269999999999999574e+00 3.325690875336885510e-03
3.330000000000000071e+00 2.678483764506632211e-03
3.389999999999999680e+00 2.196679545392782578e-03
3.450000000000000178e+00 1.786400901075216015e-03
3.509999999999999787e+00 1.429393908819464069e-03
3.569999999999999840e+00 1.170610405563477429e-03
3.629999999999999893e+00 9.642293199533611553e-04
3.689999999999999503e+00 7.470448923167315571e-04
3.750000000000000000e+00 5.965431620162198276e-04
3.809999999999999609e+00 4.952152643881525601e-04
3.870000000000000107e+00 3.768752074769414831e-04
3.929999999999999716e+00 3.047287509549965242e-04
3.989999999999999769e+00 2.477318085392105225e-04
4.049999999999999822e+00 1.958260962738492088e-04
4.109999999999999432e+00 1.565863712120022259e-04
4.169999999999999929e+00 1.179675278758127947e-04
4.230000000000000426e+00 9.809931265462470777e-05
4.290000000000000036e+00 7.202228017681201744e-05
4.349999999999999645e+00 6.345411236267497015e-05
4.410000000000000142e+00 4.991889074323941375e-05
4.469999999999999751e+00 3.712872719459792153e-05
4.529999999999999361e+00 3.091990993797665200e-05
4.589999999999999858e+00 2.558032709728150721e-05
4.650000000000000355e+00 1.775721735393839874e-05
4.709999999999999964e+00 1.328686892917049169e-05
4.769999999999999574e+00 1.030663664599221733e-05
4.830000000000000071e+00 7.698933398211052994e-06
4.889999999999999680e+00 5.960464566356857036e-06
4.949999999999999289e+00 4.097819389370399775e-06
5.009999999999999787e+00 3.973643044237904691e-06
5.070000000000000284e+00 3.973643044237963136e-06
5.129999999999999893e+00 2.483526902648690432e-06
5.189999999999999503e+00 2.235174212383853999e-06
5.250000000000000000e+00 1.241763451324363639e-06
5.309999999999999609e+00 1.365939796456779526e-06
5.369999999999999218e+00 7.450580707946181409e-07
5.429999999999999716e+00 4.967053805297380863e-07
5.490000000000000213e+00 4.967053805297453920e-07
5.549999999999999822e+00 1.241763451324345216e-07
5.609999999999999432e+00 3.725290353973090705e-07
5.669999999999999929e+00 1.241763451324345216e-07
5.730000000000000426e+00 2.483526902648726960e-07
5.789999999999999147e+00 0.000000000000000000e+00
5.849999999999999645e+00 0.000000000000000000e+00
5.910000000000000142e+00 0.000000000000000000e+00
5.969999999999999751e+00 0.000000000000000000e+00
