2.999999999999999889e-02 9.605512166105392713e-02
8.999999999999999667e-02 1.615773910519091860e-01
1.499999999999999944e-01 2.414148336859767707e-01
2.099999999999999922e-01 3.229882616249957761e-01
2.700000000000000178e-01 4.039087703413085095e-01
3.299999999999999600e-01 4.803225469637296685e-01
3.900000000000000133e-01 5.497817032006636628e-01
4.499999999999999556e-01 6.113785099691925184e-01
5.100000000000000089e-01 6.624901145074278963e-01
5.700000000000000622e-01 7.039050366069636855e-01
6.299999999999998934e-01 7.342115153999858590e-01
6.899999999999999467e-01 7.542771710099348548e-01
7.500000000000000000e-01 7.629302754441434908e-01
8.100000000000000533e-01 7.620487475700498115e-01
8.699999999999998845e-01 7.520690672407913668e-01
9.299999999999999378e-01 7.336070249518799047e-01
9.899999999999999911e-01 7.089917964089674784e-01
1.050000000000000044e+00 6.778864911877083843e-01
1.109999999999999876e+00 6.431008474494165350e-01
1.169999999999999929e+00 6.044345687493860586e-01
1.229999999999999982e+00 5.643809919215384552e-01
1.290000000000000036e+00 5.229914017964130135e-01
1.349999999999999867e+00 4.810575467505681102e-01
1.409999999999999920e+00 4.398903564595728621e-01
1.469999999999999973e+00 4.001514424902908873e-01
1.530000000000000027e+00 3.611968263168653936e-01
1.589999999999999858e+00 3.248042164962134382e-01
1.649999999999999911e+00 2.902167582047493477e-01
1.709999999999999964e+00 2.580581892240769171e-01
1.770000000000000018e+00 2.282533828653905694e-01
1.829999999999999849e+00 2.009410441062008390e-01
1.889999999999999902e+00 1.762850857220849832e-01
1.949999999999999956e+00 1.538892609957245861e-01
2.009999999999999787e+00 1.338145405125796550e-01
2.070000000000000284e+00 1.158819861593144013e-01
2.129999999999999893e+00 9.985069582637184915e-02
2.189999999999999947e+00 8.578921485626576915e-02
2.250000000000000000e+00 7.358305265878212209e-02
2.309999999999999609e+00 6.267118050661450723e-02
2.370000000000000107e+00 5.328133781673512898e-02
2.429999999999999716e+00 4.521906443266662107e-02
2.490000000000000213e+00 3.818149424863098024e-02
2.549999999999999822e+00 3.215062169458398483e-02
2.609999999999999876e+00 2.695520759058822255e-02
2.669999999999999929e+00 2.264206641875801326e-02
2.729999999999999538e+00 1.890150237433365840e-02
2.790000000000000036e+00 1.573016269599638792e-02
2.849999999999999645e+00 1.304236570560482478e-02
2.910000000000000142e+00 1.088095224222965403e-02
2.969999999999999751e+00 8.874510857579762796e-03
3.030000000000000249e+00 7.348631928592396119e-03
3.089999999999999858e+00 6.065890283374338748e-03
3.149999999999999911e+00 4.939983362058582989e-03
3.209999999999999964e+00 4.056344490096136339e-03
3.269999999999999574e+00 3.303463309558179843e-03
3.330000000000000071e+00 2.675006826842924162e-03
3.389999999999999680e+00 2.205620242242317935e-03
3.450000000000000178e+00 1.792982247367235242e-03
3.509999999999999787e+00 1.459072055306116300e-03
3.569999999999999840e+00 1.199419317634202757e-03
3.629999999999999893e+00 9.456028681834958288e-04
3.689999999999999503e+00 7.510185353609695295e-04
3.750000000000000000e+00 6.073465040427417170e-04
3.809999999999999609e+00 4.831701589103062433e-04
3.870000000000000107e+00 3.858159043264768398e-04
3.929999999999999716e+00 3.104408628310885757e-04
3.989999999999999769e+00 2.437581654949725501e-04
4.049999999999999822e+00 2.056360275393115508e-04
4.109999999999999432e+00 1.598149561854455582e-04
4.169999999999999929e+00 1.323719839111751873e-04
4.230000000000000426e+00 9.822348899975714780e-05
4.290000000000000036e+00 7.152557479628227088e-05
4.349999999999999645e+00 6.134311449542355745e-05
4.410000000000000142e+00 4.731118749545824772e-05
4.469999999999999751e+00 3.948807775211417363e-05
4.529999999999999361e+00 2.756714861940086952e-05
4.589999999999999858e+00 2.036492060171925985e-05
4.650000000000000355e+00 1.775721735393839874e-05
4.709999999999999964e+00 1.490116141589214090e-05
4.769999999999999574e+00 1.142422375218414370e-05
4.830000000000000071e+00 8.443991469005671135e-06
4.889999999999999680e+00 7.823109743343374436e-06
4.949999999999999289e+00 6.829698982283999061e-06
5.009999999999999787e+00 4.470348424767641930e-06
5.070000000000000284e+00 1.986821522118981568e-06
5.129999999999999893e+00 1.862645176986517612e-06
5.189999999999999503e+00 1.614292486721672498e-06
5.250000000000000000e+00 1.862645176986545141e-06
5.309999999999999609e+00 9.934107610594761727e-07
5.369999999999999218e+00 8.692344159270543566e-07
5.429999999999999716e+00 6.208817256621726079e-07
5.490000000000000213e+00 4.967053805297453920e-07
5.549999999999999822e+00 6.208817256621726079e-07
5.609999999999999432e+00 0.000000000000000000e+00
5.669999999999999929e+00 2.483526902648690432e-07
5.730000000000000426e+00 2.483526902648726960e-07
5.789999999999999147e+00 0.000000000000000000e+00
5.849999999999999645e+00 0.000000000000000000e+00
5.910000000000000142e+00 0.000000000000000000e+00
5.969999999999999751e+00 1.241763451324345216e-07
