2.999999999999999889e-02 9.635935370662838950e-02
8.999999999999999667e-02 1.618115876388289964e-01
1.499999999999999944e-01 2.413613136812247095e-01
2.099999999999999922e-01 3.232947288447826639e-01
2.700000000000000178e-01 4.041540186229450327e-01
3.299999999999999600e-01 4.796010823985102367e-01
3.900000000000000133e-01 5.494095466943017536e-01
4.499999999999999556e-01 6.112509808627414332e-01
5.100000000000000089e-01 6.629129349626038392e-01
5.700000000000000622e-01 7.044356421297145454e-01
6.299999999999998934e-01 7.347200175333031824e-01
6.899999999999999467e-01 7.547670466914823129e-01
7.500000000000000000e-01 7.629980757285858006e-01
8.100000000000000533e-01 7.618006432324752053e-01
8.699999999999998845e-01 7.511841866053775574e-01
9.299999999999999378e-01 7.339038064167463515e-01
9.899999999999999911e-01 7.089788820690737792e-01
1.050000000000000044e+00 6.773346515099397669e-01
1.109999999999999876e+00 6.428546057570189154e-01
1.169999999999999929e+00 6.047816416340312529e-01
1.229999999999999982e+00 5.636921857350888354e-01
1.290000000000000036e+00 5.230462877409615130e-01
1.349999999999999867e+00 4.809815508273470597e-01
1.409999999999999920e+00 4.397835648027589861e-01
1.469999999999999973e+00 4.000061561664859378e-01
1.530000000000000027e+00 3.609017833208307269e-01
1.589999999999999858e+00 3.246030508170988926e-01
1.649999999999999911e+00 2.899439427744933684e-01
1.709999999999999964e+00 2.579783438341566870e-01
1.770000000000000018e+00 2.281725440647093539e-01
1.829999999999999849e+00 2.010398884769262207e-01
1.889999999999999902e+00 1.762945231243150113e-01
1.949999999999999956e+00 1.539518458736713336e-01
2.009999999999999787e+00 1.339511344922253433e-01
2.070000000000000284e+00 1.158736663441905373e-01
2.129999999999999893e+00 1.000894869380615226e-01
2.189999999999999947e+00 8.588718999257526077e-02
2.250000000000000000e+00 7.366935521864917402e-02
2.309999999999999609e+00 6.278157327743723315e-02
2.370000000000000107e+00 5.358544568596446123e-02
2.429999999999999716e+00 4.522192048860467634e-02
2.490000000000000213e+00 3.815703150863988813e-02
2.549999999999999822e+00 3.227603980316775395e-02
2.609999999999999876e+00 2.706001242587999581e-02
2.669999999999999929e+00 2.260195745928023428e-02
2.729999999999999538e+00 1.885307359973201202e-02
2.790000000000000036e+00 1.578455193516439467e-02
2.849999999999999645e+00 1.311364292771084392e-02
2.910000000000000142e+00 1.082445200519439703e-02
2.969999999999999751e+00 8.901457124473500723e-03
3.030000000000000249e+00 7.392217825733880983e-03
3.089999999999999858e+00 6.051610003684107508e-03
3.149999999999999911e+00 4.966929628952320916e-03
3.209999999999999964e+00 4.087761105414641945e-03
3.269999999999999574e+00 3.326560109752812848e-03
3.330000000000000071e+00 2.701208035665867476e-03
3.389999999999999680e+00 2.179667386109639202e-03
3.450000000000000178e+00 1.778826144022137594e-03
3.509999999999999787e+00 1.480430386668895280e-03
3.569999999999999840e+00 1.143291609634341328e-03
3.629999999999999893e+00 9.395182272720064166e-04
3.689999999999999503e+00 7.472932450069964642e-04
3.750000000000000000e+00 6.072223276976092092e-04
3.809999999999999609e+00 4.863987438837496027e-04
3.870000000000000107e+00 3.886719602645228927e-04
3.929999999999999716e+00 3.006309315656261524e-04
3.989999999999999769e+00 2.385427589994102316e-04
4.049999999999999822e+00 1.937150984065978503e-04
4.109999999999999432e+00 1.547237260350156933e-04
4.169999999999999929e+00 1.193334676722695536e-04
4.230000000000000426e+00 9.623666747763817513e-05
4.290000000000000036e+00 7.338821997326878998e-05
4.349999999999999645e+00 5.799035317684777158e-05
4.410000000000000142e+00 4.644195307953119463e-05
4.469999999999999751e+00 3.799796161052496106e-05
4.529999999999999361e+00 2.707044323887112296e-05
4.589999999999999858e+00 2.346932923003012500e-05
4.650000000000000355e+00 1.614292486721672243e-05
4.709999999999999964e+00 1.291433989377318855e-05
4.769999999999999574e+00 9.934107610594909111e-06
4.830000000000000071e+00 8.692344159270544413e-06
4.889999999999999680e+00 6.705522637151463319e-06
4.949999999999999289e+00 6.208817256621816712e-06
5.009999999999999787e+00 3.104408628310862616e-06
5.070000000000000284e+00 2.359350557516290639e-06
5.129999999999999893e+00 2.607703247781124530e-06
5.189999999999999503e+00 2.359350557516290639e-06
5.250000000000000000e+00 1.986821522118981568e-06
5.309999999999999609e+00 9.934107610594761727e-07
5.369999999999999218e+00 8.692344159270543566e-07
5.429999999999999716e+00 4.967053805297380863e-07
5.490000000000000213e+00 4.967053805297453920e-07
5.549999999999999822e+00 2.483526902648690432e-07
5.609999999999999432e+00 2.483526902648726960e-07
5.669999999999999929e+00 1.241763451324345216e-07
5.730000000000000426e+00 2.483526902648726960e-07
5.789999999999999147e+00 1.241763451324363480e-07
5.849999999999999645e+00 0.000000000000000000e+00
5.910000000000000142e+00 1.241763451324363480e-07
5.969999999999999751e+00 1.241763451324345216e-07
