2.999999999999999889e-02 9.613732640153159481e-02
8.999999999999999667e-02 1.620225632492089674e-01
1.499999999999999944e-01 2.414060171654723863e-01
2.099999999999999922e-01 3.231405018241281790e-01
2.700000000000000178e-01 4.033811450508407725e-01
3.299999999999999600e-01 4.799198430764651802e-01
3.900000000000000133e-01 5.495817792850005157e-01
4.499999999999999556e-01 6.110554031191578472e-01
5.100000000000000089e-01 6.625554312649676314e-01
5.700000000000000622e-01 7.042459006743522210e-01
6.299999999999998934e-01 7.348480433451348715e-01
6.899999999999999467e-01 7.539143277294578782e-01
7.500000000000000000e-01 7.629861547994530868e-01
8.100000000000000533e-01 7.620703542541028552e-01
8.699999999999998845e-01 7.523966444392505837e-01
9.299999999999999378e-01 7.336557020791717454e-01
9.899999999999999911e-01 7.083296881367212583e-01
1.050000000000000044e+00 6.776932727946822776e-01
1.109999999999999876e+00 6.430602417845582286e-01
1.169999999999999929e+00 6.047667404726153606e-01
1.229999999999999982e+00 5.640935236825568300e-01
1.290000000000000036e+00 5.232938953731556264e-01
1.349999999999999867e+00 4.813434006970629953e-01
1.409999999999999920e+00 4.398568288463871045e-01
1.469999999999999973e+00 3.996898790154336245e-01
1.530000000000000027e+00 3.613662028516259617e-01
1.589999999999999858e+00 3.244938998097274818e-01
1.649999999999999911e+00 2.899290416130774761e-01
1.709999999999999964e+00 2.582340229287844457e-01
1.770000000000000018e+00 2.284565353660272247e-01
1.829999999999999849e+00 2.012783070595804968e-01
1.889999999999999902e+00 1.765566593888896196e-01
1.949999999999999956e+00 1.538091672531141652e-01
2.009999999999999787e+00 1.339137574123404895e-01
2.070000000000000284e+00 1.159916338720663465e-01
2.129999999999999893e+00 9.979245712050474615e-02
2.189999999999999947e+00 8.583540845665503516e-02
2.250000000000000000e+00 7.351736337220707296e-02
2.309999999999999609e+00 6.256625149497758998e-02
2.370000000000000107e+00 5.341383397699143304e-02
2.429999999999999716e+00 4.527680643315320358e-02
2.490000000000000213e+00 3.814213034722399587e-02
2.549999999999999822e+00 3.209287969409740232e-02
2.609999999999999876e+00 2.709515433155247968e-02
2.669999999999999929e+00 2.263523671977572468e-02
2.729999999999999538e+00 1.882513392207721403e-02
2.790000000000000036e+00 1.569353067418232175e-02
2.849999999999999645e+00 1.303628106469333602e-02
2.910000000000000142e+00 1.079291121353075610e-02
2.969999999999999751e+00 8.949016664659224102e-03
3.030000000000000249e+00 7.374833137415340301e-03
3.089999999999999858e+00 6.040682485312453762e-03
3.149999999999999911e+00 4.936009719014344474e-03
3.209999999999999964e+00 4.000092605751143053e-03
3.269999999999999574e+00 3.322213937673177461e-03
3.330000000000000071e+00 2.689659635568550974e-03
3.389999999999999680e+00 2.164642048348614217e-03
3.450000000000000178e+00 1.778826144022137594e-03
3.509999999999999787e+00 1.439824721810588652e-03
3.569999999999999840e+00 1.164649940997120525e-03
3.629999999999999893e+00 9.334335863605171127e-04
3.689999999999999503e+00 7.450580707946126251e-04
3.750000000000000000e+00 6.085882674940660359e-04
3.809999999999999609e+00 4.765888126182871794e-04
3.870000000000000107e+00 3.940115431052175834e-04
3.929999999999999716e+00 3.005067552204937530e-04
3.989999999999999769e+00 2.457449870170915363e-04
4.049999999999999822e+00 1.934667457163329431e-04
4.109999999999999432e+00 1.506259066456452943e-04
4.169999999999999929e+00 1.199543493979317402e-04
4.230000000000000426e+00 9.338061153959213581e-05
4.290000000000000036e+00 7.301569093787148345e-05
4.349999999999999645e+00 6.047388007949650436e-05
4.410000000000000142e+00 4.830459825651774083e-05
4.469999999999999751e+00 3.390014222115462312e-05
4.529999999999999361e+00 3.054738090257933870e-05
4.589999999999999858e+00 2.197921308844090566e-05
4.650000000000000355e+00 1.961986253092494155e-05
4.709999999999999964e+00 1.477698507075970595e-05
4.769999999999999574e+00 1.266598720350850840e-05
4.830000000000000071e+00 9.189049539800290970e-06
4.889999999999999680e+00 6.581346292019028374e-06
4.949999999999999289e+00 4.470348424767707999e-06
5.009999999999999787e+00 4.221995734502772887e-06
5.070000000000000284e+00 3.601114008840654066e-06
5.129999999999999893e+00 3.104408628310862616e-06
5.189999999999999503e+00 1.862645176986545141e-06
5.250000000000000000e+00 1.986821522118981568e-06
5.309999999999999609e+00 1.365939796456779526e-06
5.369999999999999218e+00 6.208817256621818194e-07
5.429999999999999716e+00 4.967053805297380863e-07
5.490000000000000213e+00 9.934107610594907840e-07
5.549999999999999822e+00 3.725290353973035648e-07
5.609999999999999432e+00 7.450580707946181409e-07
5.669999999999999929e+00 0.000000000000000000e+00
5.730000000000000426e+00 3.725290353973090705e-07
5.789999999999999147e+00 2.483526902648726960e-07
5.849999999999999645e+00 0.000000000000000000e+00
5.910000000000000142e+00 1.241763451324363480e-07
5.969999999999999751e+00 0.000000000000000000e+00
