2.999999999999999889e-02 9.626386209722155585e-02
8.999999999999999667e-02 1.618656043489616059e-01
1.499999999999999944e-01 2.416991975163300665e-01
2.099999999999999922e-01 3.231875646589333351e-01
2.700000000000000178e-01 4.036746979307338501e-01
3.299999999999999600e-01 4.792350105330598353e-01
3.900000000000000133e-01 5.501249266186097886e-01
4.499999999999999556e-01 6.107366424412029593e-01
5.100000000000000089e-01 6.635144451784253938e-01
5.700000000000000622e-01 7.044900313688825522e-01
6.299999999999998934e-01 7.342778255682865796e-01
6.899999999999999467e-01 7.538640363096792418e-01
7.500000000000000000e-01 7.628792389662940598e-01
8.100000000000000533e-01 7.624769076080663011e-01
8.699999999999998845e-01 7.522399338916935241e-01
9.299999999999999378e-01 7.336420426812072515e-01
9.899999999999999911e-01 7.083245969065709025e-01
1.050000000000000044e+00 6.775921932497445122e-01
1.109999999999999876e+00 6.427904065865853722e-01
1.169999999999999929e+00 6.042319129541299239e-01
1.229999999999999982e+00 5.641059413170701475e-01
1.290000000000000036e+00 5.227865108269444949e-01
1.349999999999999867e+00 4.813435248734081462e-01
1.409999999999999920e+00 4.399392819395550602e-01
1.469999999999999973e+00 3.995902895866374482e-01
1.530000000000000027e+00 3.615912103890059348e-01
1.589999999999999858e+00 3.247016468351340834e-01
1.649999999999999911e+00 2.901284688233601861e-01
1.709999999999999964e+00 2.580244132582008576e-01
1.770000000000000018e+00 2.284648551811510886e-01
1.829999999999999849e+00 2.011553724778993857e-01
1.889999999999999902e+00 1.760664111783067642e-01
1.949999999999999956e+00 1.537287009814683469e-01
2.009999999999999787e+00 1.338036129942080099e-01
2.070000000000000284e+00 1.159204808263054609e-01
2.129999999999999893e+00 9.998617221891134554e-02
2.189999999999999947e+00 8.595138916300872067e-02
2.250000000000000000e+00 7.368872672848983396e-02
2.309999999999999609e+00 6.282391741112740291e-02
2.370000000000000107e+00 5.344338794713295732e-02
2.429999999999999716e+00 4.522763260048075912e-02
2.490000000000000213e+00 3.822706696729458176e-02
2.549999999999999822e+00 3.220314828857500505e-02
2.609999999999999876e+00 2.697159886814570404e-02
2.669999999999999929e+00 2.262803449175804574e-02
2.729999999999999538e+00 1.894036957036011187e-02
2.790000000000000036e+00 1.565528435988152930e-02
2.849999999999999645e+00 1.309079448020647463e-02
2.910000000000000142e+00 1.083997404833595031e-02
2.969999999999999751e+00 8.963669473384850914e-03
3.030000000000000249e+00 7.353971511433091135e-03
3.089999999999999858e+00 6.064524343577881380e-03
3.149999999999999911e+00 4.973386798899208719e-03
3.209999999999999964e+00 4.048645556697924759e-03
3.269999999999999574e+00 3.281484096469738758e-03
3.330000000000000071e+00 2.674634297807526855e-03
3.389999999999999680e+00 2.168739867737984588e-03
3.450000000000000178e+00 1.767898625650482980e-03
3.509999999999999787e+00 1.401702583854931095e-03
3.569999999999999840e+00 1.160427945262617645e-03
3.629999999999999893e+00 9.403874616879335374e-04
3.689999999999999503e+00 7.369866083610042808e-04
3.750000000000000000e+00 6.020069212020469178e-04
3.809999999999999609e+00 4.944702063173579470e-04
3.870000000000000107e+00 3.984818915299852618e-04
3.929999999999999716e+00 3.091990993797642025e-04
3.989999999999999769e+00 2.486010429551375350e-04
4.049999999999999822e+00 1.960744489641140888e-04
4.109999999999999432e+00 1.575797819730617190e-04
4.169999999999999929e+00 1.231829343713750319e-04
4.230000000000000426e+00 9.797513630949228130e-05
4.290000000000000036e+00 7.164975114141472446e-05
4.349999999999999645e+00 6.246070160161549059e-05
4.410000000000000142e+00 4.880130363704748739e-05
4.469999999999999751e+00 3.948807775211417363e-05
4.529999999999999361e+00 3.017485186718203217e-05
4.589999999999999858e+00 2.247591846897064544e-05
4.650000000000000355e+00 1.887480446013032511e-05
4.709999999999999964e+00 1.577039583181918212e-05
4.769999999999999574e+00 1.105169471678683548e-05
4.830000000000000071e+00 9.189049539800290970e-06
4.889999999999999680e+00 7.698933398210939491e-06
4.949999999999999289e+00 5.587935530959635210e-06
5.009999999999999787e+00 4.097819389370338789e-06
5.070000000000000284e+00 3.352761318575781634e-06
5.129999999999999893e+00 2.980232283178428518e-06
5.189999999999999503e+00 2.483526902648727278e-06
5.250000000000000000e+00 1.862645176986545141e-06
5.309999999999999609e+00 9.934107610594761727e-07
5.369999999999999218e+00 4.967053805297453920e-07
5.429999999999999716e+00 9.934107610594761727e-07
5.490000000000000213e+00 4.967053805297453920e-07
5.549999999999999822e+00 6.208817256621726079e-07
5.609999999999999432e+00 6.208817256621818194e-07
5.669999999999999929e+00 2.483526902648690432e-07
5.730000000000000426e+00 3.725290353973090705e-07
5.789999999999999147e+00 2.483526902648726960e-07
5.849999999999999645e+00 1.241763451324345216e-07
5.910000000000000142e+00 1.241763451324363480e-07
5.969999999999999751e+00 0.000000000000000000e+00
