2.999999999999999889e-02 9.593181383558968545e-02
8.999999999999999667e-02 1.617883654568719465e-01
1.499999999999999944e-01 2.415782479562728347e-01
2.099999999999999922e-01 3.232972099629333740e-01
2.700000000000000178e-01 4.035448064670821844e-01
3.299999999999999600e-01 4.797132100640228436e-01
3.900000000000000133e-01 5.490145376499584451e-01
4.499999999999999556e-01 6.109137133576997281e-01
5.100000000000000089e-01 6.627406974341021328e-01
5.700000000000000622e-01 7.042219293928794199e-01
6.299999999999998934e-01 7.348523840421374853e-01
6.899999999999999467e-01 7.542566762933378133e-01
7.500000000000000000e-01 7.623430398281137998e-01
8.100000000000000533e-01 7.623175836775527570e-01
8.699999999999998845e-01 7.521685268891500353e-01
9.299999999999999378e-01 7.336513504409636344e-01
9.899999999999999911e-01 7.094002071226646056e-01
1.050000000000000044e+00 6.783039670062851467e-01
1.109999999999999876e+00 6.429654904427558604e-01
1.169999999999999929e+00 6.048530385259759390e-01
1.229999999999999982e+00 5.645770621640755493e-01
1.290000000000000036e+00 5.232342868290927873e-01
1.349999999999999867e+00 4.812556044354206475e-01
1.409999999999999920e+00 4.398504925756437922e-01
1.469999999999999973e+00 4.000958085067254366e-01
1.530000000000000027e+00 3.613788661463470664e-01
1.589999999999999858e+00 3.242080434476944384e-01
1.649999999999999911e+00 2.899780891088996060e-01
1.709999999999999964e+00 2.581577767294477299e-01
1.770000000000000018e+00 2.281986193969749166e-01
1.829999999999999849e+00 2.007735287207377817e-01
1.889999999999999902e+00 1.762848360559702843e-01
1.949999999999999956e+00 1.538368574319047555e-01
2.009999999999999787e+00 1.335481812572590909e-01
2.070000000000000284e+00 1.155999808182316541e-01
2.129999999999999893e+00 9.984249944370851559e-02
2.189999999999999947e+00 8.573507333101194894e-02
2.250000000000000000e+00 7.359174445464017333e-02
2.309999999999999609e+00 6.280678060755214009e-02
2.370000000000000107e+00 5.332082549721612469e-02
2.429999999999999716e+00 4.528674020335129308e-02
2.490000000000000213e+00 3.836527495358340450e-02
2.549999999999999822e+00 3.216092809161239657e-02
2.609999999999999876e+00 2.707466503288364842e-02
2.669999999999999929e+00 2.264790253823920768e-02
2.729999999999999538e+00 1.882736895601476446e-02
2.790000000000000036e+00 1.578802875519812535e-02
2.849999999999999645e+00 1.313475280852182195e-02
2.910000000000000142e+00 1.076882092234109599e-02
2.969999999999999751e+00 8.946905600132330771e-03
3.030000000000000249e+00 7.339070295336863094e-03
3.089999999999999858e+00 6.036212091914400571e-03
3.149999999999999911e+00 4.960844951079656714e-03
3.209999999999999964e+00 4.025548726510615877e-03
3.269999999999999574e+00 3.288313770952175103e-03
3.330000000000000071e+00 2.721945465022910290e-03
3.389999999999999680e+00 2.177308019329913732e-03
3.450000000000000178e+00 1.782923950127689042e-03
3.509999999999999787e+00 1.413375149766914283e-03
3.569999999999999840e+00 1.168499398990227069e-03
3.629999999999999893e+00 9.308258761775426620e-04
3.689999999999999503e+00 7.412085985730725458e-04
3.750000000000000000e+00 6.038695618798545347e-04
3.809999999999999609e+00 4.809349811146774838e-04
3.870000000000000107e+00 3.817180820930851171e-04
3.929999999999999716e+00 3.111859185833673667e-04
3.989999999999999769e+00 2.370526410916411653e-04
4.049999999999999822e+00 1.995513851410485437e-04
4.109999999999999432e+00 1.522401979980890811e-04
4.169999999999999929e+00 1.249214022724921239e-04
4.230000000000000426e+00 9.660919579324086929e-05
4.290000000000000036e+00 7.773439147373764765e-05
4.349999999999999645e+00 6.022552694051647615e-05
4.410000000000000142e+00 4.594524735668267763e-05
4.469999999999999751e+00 4.209578068625728777e-05
4.529999999999999361e+00 2.644956131614434951e-05
4.589999999999999858e+00 2.471109249724247824e-05
4.650000000000000355e+00 1.949568604053832473e-05
4.709999999999999964e+00 1.316269248596835511e-05
4.769999999999999574e+00 1.092751829023804257e-05
4.830000000000000071e+00 7.574756996642278987e-06
4.889999999999999680e+00 8.816520438714652727e-06
4.949999999999999289e+00 4.594524735668267763e-06
5.009999999999999787e+00 4.842877424082696771e-06
5.070000000000000284e+00 2.607703228352259715e-06
5.129999999999999893e+00 2.856055916766718370e-06
5.189999999999999503e+00 1.490116130487005612e-06
5.250000000000000000e+00 1.986821507316007624e-06
5.309999999999999609e+00 6.208817210362431975e-07
5.369999999999999218e+00 7.450580652435028061e-07
5.429999999999999716e+00 1.117587097865237586e-06
5.490000000000000213e+00 2.483526884145009530e-07
5.549999999999999822e+00 1.241763442072486501e-07
5.609999999999999432e+00 2.483526884145009530e-07
5.669999999999999929e+00 4.967053768289946003e-07
5.730000000000000426e+00 0.000000000000000000e+00
5.789999999999999147e+00 1.241763442072504765e-07
5.849999999999999645e+00 1.241763442072486501e-07
5.910000000000000142e+00 0.000000000000000000e+00
5.969999999999999751e+00 0.000000000000000000e+00
