2.999999999999999889e-02 9.627466472194591562e-02
8.999999999999999667e-02 1.621191712378400596e-01
1.499999999999999944e-01 2.415200092508396346e-01
2.099999999999999922e-01 3.233769311759144283e-01
2.700000000000000178e-01 4.040005336503227906e-01
3.299999999999999600e-01 4.800171937546421908e-01
3.900000000000000133e-01 5.496184072118383002e-01
4.499999999999999556e-01 6.113953933968796495e-01
5.100000000000000089e-01 6.630939791333717581e-01
5.700000000000000622e-01 7.039160830570969640e-01
6.299999999999998934e-01 7.348695203776380858e-01
6.899999999999999467e-01 7.536595122540451497e-01
7.500000000000000000e-01 7.630391724137396414e-01
8.100000000000000533e-01 7.613794313970669858e-01
8.699999999999998845e-01 7.517124271768768073e-01
9.299999999999999378e-01 7.332815532879143339e-01
9.899999999999999911e-01 7.086878074359476143e-01
1.050000000000000044e+00 6.779674491134835002e-01
1.109999999999999876e+00 6.427566258317992665e-01
1.169999999999999929e+00 6.043079043749061130e-01
1.229999999999999982e+00 5.641564768862455947e-01
1.290000000000000036e+00 5.228853513018704158e-01
1.349999999999999867e+00 4.810113495663649319e-01
1.409999999999999920e+00 4.400110525887037660e-01
1.469999999999999973e+00 3.998911658914718892e-01
1.530000000000000027e+00 3.610340284384835896e-01
1.589999999999999858e+00 3.249999159947040139e-01
1.649999999999999911e+00 2.900842598831968044e-01
1.709999999999999964e+00 2.578689425528217227e-01
1.770000000000000018e+00 2.283162143949391820e-01
1.829999999999999849e+00 2.009102468757099635e-01
1.889999999999999902e+00 1.764743291572305750e-01
1.949999999999999956e+00 1.539621513632098704e-01
2.009999999999999787e+00 1.339900006899484852e-01
2.070000000000000284e+00 1.159393547669500674e-01
2.129999999999999893e+00 9.997449889760082198e-02
2.189999999999999947e+00 8.593350712905512001e-02
2.250000000000000000e+00 7.341677998565215857e-02
2.309999999999999609e+00 6.284875221189417660e-02
2.370000000000000107e+00 5.333522995314417259e-02
2.429999999999999716e+00 4.524067077965039652e-02
2.490000000000000213e+00 3.818062472974723121e-02
2.549999999999999822e+00 3.226858898204008202e-02
2.609999999999999876e+00 2.696837008224224272e-02
2.669999999999999929e+00 2.270688630173765474e-02
2.729999999999999538e+00 1.895229035828725761e-02
2.790000000000000036e+00 1.568980526693018740e-02
2.849999999999999645e+00 1.311078677408982103e-02
2.910000000000000142e+00 1.083028821272368457e-02
2.969999999999999751e+00 8.869295385002799736e-03
3.030000000000000249e+00 7.391596888936529698e-03
3.089999999999999858e+00 6.062537476886337498e-03
3.149999999999999911e+00 5.010763841450971076e-03
3.209999999999999964e+00 4.073232442686199745e-03
3.269999999999999574e+00 3.361950343067074149e-03
3.330000000000000071e+00 2.695371727362558863e-03
3.389999999999999680e+00 2.196679529026244679e-03
3.450000000000000178e+00 1.781309657652994797e-03
3.509999999999999787e+00 1.412630091701670785e-03
3.569999999999999840e+00 1.151859768866455398e-03
3.629999999999999893e+00 9.464720955476561186e-04
3.689999999999999503e+00 7.564822889105642535e-04
3.750000000000000000e+00 6.003926242420515444e-04
3.809999999999999609e+00 4.861503875713819693e-04
3.870000000000000107e+00 3.974884778074057692e-04
3.929999999999999716e+00 3.093232734202586219e-04
3.989999999999999769e+00 2.469867486282211920e-04
4.049999999999999822e+00 1.888722195392251546e-04
4.109999999999999432e+00 1.578281334874153427e-04
4.169999999999999929e+00 1.184642323737151960e-04
4.230000000000000426e+00 9.636084310482636998e-05
4.290000000000000036e+00 8.046627104629711297e-05
4.349999999999999645e+00 5.861123446582222385e-05
4.410000000000000142e+00 4.743536348716968028e-05
4.469999999999999751e+00 4.085401724418479799e-05
4.529999999999999361e+00 3.390014196857937969e-05
4.589999999999999858e+00 2.396603443199898708e-05
4.650000000000000355e+00 1.850227528688032071e-05
4.709999999999999964e+00 1.428027958383359354e-05
4.769999999999999574e+00 9.934107536580038544e-06
4.830000000000000071e+00 8.940696782922032826e-06
4.889999999999999680e+00 7.078051619813171943e-06
4.949999999999999289e+00 5.587935489326270940e-06
5.009999999999999787e+00 4.221995703046453574e-06
5.070000000000000284e+00 4.097819358839265751e-06
5.129999999999999893e+00 2.235174195730475172e-06
5.189999999999999503e+00 1.986821507316007624e-06
5.250000000000000000e+00 9.934107536580038120e-07
5.309999999999999609e+00 1.117587097865237586e-06
5.369999999999999218e+00 1.365939786279755321e-06
5.429999999999999716e+00 3.725290326217458973e-07
5.490000000000000213e+00 8.692344094507533090e-07
5.549999999999999822e+00 7.450580652434917946e-07
5.609999999999999432e+00 4.967053768290019060e-07
5.669999999999999929e+00 6.208817210362431975e-07
5.730000000000000426e+00 0.000000000000000000e+00
5.789999999999999147e+00 1.241763442072504765e-07
5.849999999999999645e+00 1.241763442072486501e-07
5.910000000000000142e+00 0.000000000000000000e+00
5.969999999999999751e+00 0.000000000000000000e+00
