2.999999999999999889e-02 9.640306234359741211e-02
8.999999999999999667e-02 1.618771503369013653e-01
1.499999999999999944e-01 2.415126810471217023e-01
2.099999999999999922e-01 3.231192628542582379e-01
2.700000000000000178e-01 4.034078369537989484e-01
3.299999999999999600e-01 4.803190628687540875e-01
3.900000000000000133e-01 5.496491988499959680e-01
4.499999999999999556e-01 6.109622617562612268e-01
5.100000000000000089e-01 6.627389540274931656e-01
5.700000000000000622e-01 7.041173676649735702e-01
6.299999999999998934e-01 7.347178955872860628e-01
6.899999999999999467e-01 7.542304694652550712e-01
7.500000000000000000e-01 7.629733532667153373e-01
8.100000000000000533e-01 7.614416380723324496e-01
8.699999999999998845e-01 7.522022972504305294e-01
9.299999999999999378e-01 7.341482987006499039e-01
9.899999999999999911e-01 7.087701310714079606e-01
1.050000000000000044e+00 6.776665647824599015e-01
1.109999999999999876e+00 6.427062054475166653e-01
1.169999999999999929e+00 6.047409027814859561e-01
1.229999999999999982e+00 5.642554412285482046e-01
1.290000000000000036e+00 5.227221796909983231e-01
1.349999999999999867e+00 4.812130083640412392e-01
1.409999999999999920e+00 4.400983452796932149e-01
1.469999999999999973e+00 3.996718674898144252e-01
1.530000000000000027e+00 3.609456121921535976e-01
1.589999999999999858e+00 3.246061503887185395e-01
1.649999999999999911e+00 2.900340904792147456e-01
1.709999999999999964e+00 2.577390521764753029e-01
1.770000000000000018e+00 2.283457666635519689e-01
1.829999999999999849e+00 2.010299513737358879e-01
1.889999999999999902e+00 1.763373613357542280e-01
1.949999999999999956e+00 1.541626950105030036e-01
2.009999999999999787e+00 1.338387529055276304e-01
2.070000000000000284e+00 1.159306615591048223e-01
2.129999999999999893e+00 9.994034965833019368e-02
2.189999999999999947e+00 8.583019177118993148e-02
2.250000000000000000e+00 7.362365722656243061e-02
2.309999999999999609e+00 6.276182830333704166e-02
2.370000000000000107e+00 5.337620774904882487e-02
2.429999999999999716e+00 4.520664612452185427e-02
2.490000000000000213e+00 3.822669386863705027e-02
2.549999999999999822e+00 3.218191365400947107e-02
2.609999999999999876e+00 2.711042761802691034e-02
2.669999999999999929e+00 2.266479035218554872e-02
2.729999999999999538e+00 1.883978645006813973e-02
2.790000000000000036e+00 1.571687559286752064e-02
2.849999999999999645e+00 1.302510499954222419e-02
2.910000000000000142e+00 1.088542242844898512e-02
2.969999999999999751e+00 8.942062656084688935e-03
3.030000000000000249e+00 7.399419943491611189e-03
3.089999999999999858e+00 6.063158313433323482e-03
3.149999999999999911e+00 4.984438419342073108e-03
3.209999999999999964e+00 4.050383965174353916e-03
3.269999999999999574e+00 3.295764327049252335e-03
3.330000000000000071e+00 2.683078249295550114e-03
3.389999999999999680e+00 2.198542157808937737e-03
3.450000000000000178e+00 1.763179898262022408e-03
3.509999999999999787e+00 1.442556579907733815e-03
3.569999999999999840e+00 1.171727975209561770e-03
3.629999999999999893e+00 9.542951981226595239e-04
3.689999999999999503e+00 7.451822360356642619e-04
3.750000000000000000e+00 6.089607874552403072e-04
3.809999999999999609e+00 4.799415667851761433e-04
3.870000000000000107e+00 3.837049007415768232e-04
3.929999999999999716e+00 3.027419249216712965e-04
3.989999999999999769e+00 2.436339855194107789e-04
4.049999999999999822e+00 2.043942610422753287e-04
4.109999999999999432e+00 1.518676678339650238e-04
4.169999999999999929e+00 1.270323991775502124e-04
4.230000000000000426e+00 9.474654992421529989e-05
4.290000000000000036e+00 7.326404253641703788e-05
4.349999999999999645e+00 5.997717380523720943e-05
4.410000000000000142e+00 5.004306634267203976e-05
4.469999999999999751e+00 3.725290298461882892e-05
4.529999999999999361e+00 2.781550089518247237e-05
4.589999999999999858e+00 2.359350522359192814e-05
4.650000000000000355e+00 1.713633537292491650e-05
4.709999999999999964e+00 1.291433970133452813e-05
4.769999999999999574e+00 1.291433970133471956e-05
4.830000000000000071e+00 6.829698880513553725e-06
4.889999999999999680e+00 6.084640820821076045e-06
4.949999999999999289e+00 5.215406417846713569e-06
5.009999999999999787e+00 4.097819328308071587e-06
5.070000000000000284e+00 2.980232238769550732e-06
5.129999999999999893e+00 2.607703208923318244e-06
5.189999999999999503e+00 1.986821492513033680e-06
5.250000000000000000e+00 1.986821492513033680e-06
5.309999999999999609e+00 1.241763432820627786e-06
5.369999999999999218e+00 7.450580596923876829e-07
5.429999999999999716e+00 3.725290298461883358e-07
5.490000000000000213e+00 1.241763432820646050e-07
5.549999999999999822e+00 1.241763432820627786e-07
5.609999999999999432e+00 6.208817164103231044e-07
5.669999999999999929e+00 0.000000000000000000e+00
5.730000000000000426e+00 0.000000000000000000e+00
5.789999999999999147e+00 1.241763432820646050e-07
5.849999999999999645e+00 2.483526865641255572e-07
5.910000000000000142e+00 1.241763432820646050e-07
5.969999999999999751e+00 0.000000000000000000e+00
