2.999999999999999889e-02 9.631899495919546417e-02
8.999999999999999667e-02 1.619315395752589093e-01
1.499999999999999944e-01 2.413260440031687604e-01
2.099999999999999922e-01 3.232539941867192956e-01
2.700000000000000178e-01 4.035497705141703473e-01
3.299999999999999600e-01 4.797818760077158795e-01
3.900000000000000133e-01 5.499056229988734668e-01
4.499999999999999556e-01 6.118522336085637781e-01
5.100000000000000089e-01 6.630317618449522721e-01
5.700000000000000622e-01 7.041357457637793527e-01
6.299999999999998934e-01 7.341181238492336947e-01
6.899999999999999467e-01 7.536852111419035660e-01
7.500000000000000000e-01 7.627238829930617081e-01
8.100000000000000533e-01 7.618114352226265096e-01
8.699999999999998845e-01 7.514463116725292879e-01
9.299999999999999378e-01 7.335141301155083671e-01
9.899999999999999911e-01 7.086304326852156388e-01
1.050000000000000044e+00 6.785079836845392398e-01
1.109999999999999876e+00 6.431281566619890810e-01
1.169999999999999929e+00 6.044158091147735501e-01
1.229999999999999982e+00 5.643202612797414419e-01
1.290000000000000036e+00 5.227273950974161698e-01
1.349999999999999867e+00 4.813366880019501748e-01
1.409999999999999920e+00 4.397357503573096071e-01
1.469999999999999973e+00 4.000579317410783431e-01
1.530000000000000027e+00 3.615676114956534737e-01
1.589999999999999858e+00 3.248379876216261897e-01
1.649999999999999911e+00 2.903178334236142244e-01
1.709999999999999964e+00 2.578828483819959327e-01
1.770000000000000018e+00 2.280970414479580044e-01
1.829999999999999849e+00 2.012400577465691398e-01
1.889999999999999902e+00 1.763824373483656172e-01
1.949999999999999956e+00 1.538867751757302393e-01
2.009999999999999787e+00 1.338221132755278431e-01
2.070000000000000284e+00 1.158102105061212111e-01
2.129999999999999893e+00 9.989192088445018880e-02
2.189999999999999947e+00 8.584434787432408676e-02
2.250000000000000000e+00 7.352381944656365131e-02
2.309999999999999609e+00 6.267204880714410953e-02
2.370000000000000107e+00 5.327935020128881510e-02
2.429999999999999716e+00 4.520354171593980036e-02
2.490000000000000213e+00 3.824345767498012888e-02
2.549999999999999822e+00 3.204246362050371805e-02
2.609999999999999876e+00 2.703107893466967157e-02
2.669999999999999929e+00 2.259338895479836087e-02
2.729999999999999538e+00 1.892733077208199471e-02
2.790000000000000036e+00 1.580243309338886029e-02
2.849999999999999645e+00 1.307340959707894816e-02
2.910000000000000142e+00 1.079266270001728346e-02
2.969999999999999751e+00 8.984034260114025922e-03
3.030000000000000249e+00 7.320940494537347444e-03
3.089999999999999858e+00 6.042296687761936763e-03
3.149999999999999911e+00 4.969413081804943677e-03
3.209999999999999964e+00 4.110857844352718699e-03
3.269999999999999574e+00 3.313769896825151731e-03
3.330000000000000071e+00 2.687300244967140428e-03
3.389999999999999680e+00 2.193699280420937248e-03
3.450000000000000178e+00 1.774852474530536333e-03
3.509999999999999787e+00 1.452987392743427175e-03
3.569999999999999840e+00 1.153474052747098175e-03
3.629999999999999893e+00 9.416292111078890161e-04
3.689999999999999503e+00 7.528811693191521815e-04
3.750000000000000000e+00 5.992750326792393306e-04
3.809999999999999609e+00 4.840393861134842488e-04
3.870000000000000107e+00 3.822147846221920576e-04
3.929999999999999716e+00 3.067155679066973020e-04
3.989999999999999769e+00 2.400328715642308835e-04
4.049999999999999822e+00 1.966953277587874362e-04
4.109999999999999432e+00 1.611808935801198632e-04
4.169999999999999929e+00 1.272807518641143310e-04
4.230000000000000426e+00 9.698172410329246188e-05
4.290000000000000036e+00 8.009374141693048827e-05
4.349999999999999645e+00 5.749364693959591532e-05
4.410000000000000142e+00 4.594524701436390719e-05
4.469999999999999751e+00 3.650784492492645288e-05
4.529999999999999361e+00 2.856055895487486196e-05
4.589999999999999858e+00 2.495944499969461754e-05
4.650000000000000355e+00 2.110997835795098301e-05
4.709999999999999964e+00 1.502533753712959526e-05
4.769999999999999574e+00 1.105169455210375067e-05
4.830000000000000071e+00 9.561578432718974876e-06
4.889999999999999680e+00 6.705522537231389408e-06
4.949999999999999289e+00 5.712111790974971883e-06
5.009999999999999787e+00 4.842877388000448471e-06
5.070000000000000284e+00 3.104408582051615099e-06
5.129999999999999893e+00 2.856055895487443590e-06
5.189999999999999503e+00 2.110997835795098470e-06
5.250000000000000000e+00 1.241763432820646209e-06
5.309999999999999609e+00 1.117587089538564901e-06
5.369999999999999218e+00 6.208817164103231044e-07
5.429999999999999716e+00 4.967053731282511143e-07
5.490000000000000213e+00 1.241763432820646050e-07
5.549999999999999822e+00 3.725290298461883358e-07
5.609999999999999432e+00 6.208817164103231044e-07
5.669999999999999929e+00 1.241763432820627786e-07
5.730000000000000426e+00 1.241763432820646050e-07
5.789999999999999147e+00 1.241763432820646050e-07
5.849999999999999645e+00 0.000000000000000000e+00
5.910000000000000142e+00 0.000000000000000000e+00
5.969999999999999751e+00 2.483526865641255572e-07
