2.999999999999999889e-02 9.653655263187900515e-02
8.999999999999999667e-02 1.619605980462874018e-01
1.499999999999999944e-01 2.418063599005815245e-01
2.099999999999999922e-01 3.237745438300660417e-01
2.700000000000000178e-01 4.039165904416386899e-01
3.299999999999999600e-01 4.800375586750921242e-01
3.900000000000000133e-01 5.501707435908721466e-01
4.499999999999999556e-01 6.110663260847305489e-01
5.100000000000000089e-01 6.626111815070939715e-01
5.700000000000000622e-01 7.040011438528788190e-01
6.299999999999998934e-01 7.350279693928465363e-01
6.899999999999999467e-01 7.537398543487471292e-01
7.500000000000000000e-01 7.627615141080923422e-01
8.100000000000000533e-01 7.617015448339405914e-01
8.699999999999998845e-01 7.515367176498235491e-01
9.299999999999999378e-01 7.332141255330097973e-01
9.899999999999999911e-01 7.078827721964520148e-01
1.050000000000000044e+00 6.777130117842028456e-01
1.109999999999999876e+00 6.424701510057131415e-01
1.169999999999999929e+00 6.049356157948737600e-01
1.229999999999999982e+00 5.640335423054804176e-01
1.290000000000000036e+00 5.227353462780679472e-01
1.349999999999999867e+00 4.816218004744878267e-01
1.409999999999999920e+00 4.399159335090409573e-01
1.469999999999999973e+00 3.994549343942718211e-01
1.530000000000000027e+00 3.606778906832971976e-01
1.589999999999999858e+00 3.247914239127800973e-01
1.649999999999999911e+00 2.902337682016223885e-01
1.709999999999999964e+00 2.579460560625744248e-01
1.770000000000000018e+00 2.282289184249615133e-01
1.829999999999999849e+00 2.012342229577466779e-01
1.889999999999999902e+00 1.762939009290974413e-01
1.949999999999999956e+00 1.539525897847059399e-01
2.009999999999999787e+00 1.337482293477769701e-01
2.070000000000000284e+00 1.159721373218207813e-01
2.129999999999999893e+00 1.001961536720107626e-01
2.189999999999999947e+00 8.604253395926909909e-02
2.250000000000000000e+00 7.364737545684502118e-02
2.309999999999999609e+00 6.298249013460538448e-02
2.370000000000000107e+00 5.339346865857736574e-02
2.429999999999999716e+00 4.524911477105649643e-02
2.490000000000000213e+00 3.831212747826270859e-02
2.549999999999999822e+00 3.224524382932911215e-02
2.609999999999999876e+00 2.706982215545956569e-02
2.669999999999999929e+00 2.265088277050018167e-02
2.729999999999999538e+00 1.888237907649857258e-02
2.790000000000000036e+00 1.577784629497312741e-02
2.849999999999999645e+00 1.304534584069260220e-02
2.910000000000000142e+00 1.081886398905661760e-02
2.969999999999999751e+00 8.936847316251543549e-03
3.030000000000000249e+00 7.309143796382915927e-03
3.089999999999999858e+00 6.091098036054004919e-03
3.149999999999999911e+00 4.984935161855863148e-03
3.209999999999999964e+00 4.052122464170967303e-03
3.269999999999999574e+00 3.287072007510103040e-03
3.330000000000000071e+00 2.721572935990288541e-03
3.389999999999999680e+00 2.221018092490865178e-03
3.450000000000000178e+00 1.774976664098425064e-03
3.509999999999999787e+00 1.450007171308052931e-03
3.569999999999999840e+00 1.175577450610040299e-03
3.629999999999999893e+00 9.388973385510138896e-04
3.689999999999999503e+00 7.341305469532593154e-04
3.750000000000000000e+00 5.969156866042486624e-04
3.809999999999999609e+00 5.001823144668011804e-04
3.870000000000000107e+00 3.863126068287533544e-04
3.929999999999999716e+00 3.113100949275746706e-04
3.989999999999999769e+00 2.502153335776097372e-04
4.049999999999999822e+00 1.988063270758050729e-04
4.109999999999999432e+00 1.518676689654673321e-04
4.169999999999999929e+00 1.188367614063369314e-04
4.230000000000000426e+00 1.014520732173236330e-04
4.290000000000000036e+00 7.872780222739563134e-05
4.349999999999999645e+00 6.010135059630922650e-05
4.410000000000000142e+00 4.693865811034067488e-05
4.469999999999999751e+00 3.688037422955284288e-05
4.529999999999999361e+00 2.942979357711836158e-05
4.589999999999999858e+00 2.272427098992649730e-05
4.650000000000000355e+00 1.825392259846581801e-05
4.709999999999999964e+00 1.353522151859010069e-05
4.769999999999999574e+00 1.043081291340903886e-05
4.830000000000000071e+00 9.064873127129285870e-06
4.889999999999999680e+00 7.823109685056663950e-06
4.949999999999999289e+00 5.215406456704519431e-06
5.009999999999999787e+00 2.235174195730475172e-06
5.070000000000000284e+00 3.228584949388512230e-06
5.129999999999999893e+00 1.614292474694232186e-06
5.189999999999999503e+00 1.614292474694256115e-06
5.250000000000000000e+00 2.110997851523258127e-06
5.309999999999999609e+00 1.117587097865237586e-06
5.369999999999999218e+00 6.208817210362524090e-07
5.429999999999999716e+00 7.450580652434917946e-07
5.490000000000000213e+00 4.967053768290019060e-07
5.549999999999999822e+00 2.483526884144973002e-07
5.609999999999999432e+00 2.483526884145009530e-07
5.669999999999999929e+00 1.241763442072486501e-07
5.730000000000000426e+00 1.241763442072504765e-07
5.789999999999999147e+00 1.241763442072504765e-07
5.849999999999999645e+00 1.241763442072486501e-07
5.910000000000000142e+00 2.483526884145009530e-07
5.969999999999999751e+00 0.000000000000000000e+00
