2.999999999999999889e-02 9.623281801093844234e-02
8.999999999999999667e-02 1.619967345694214578e-01
1.499999999999999944e-01 2.414479887701271310e-01
2.099999999999999922e-01 3.234251140071717212e-01
2.700000000000000178e-01 4.037547916733442710e-01
3.299999999999999600e-01 4.796036901017580178e-01
3.900000000000000133e-01 5.496567817974604697e-01
4.499999999999999556e-01 6.117759984499614445e-01
5.100000000000000089e-01 6.629581351522321198e-01
5.700000000000000622e-01 7.038128977588754553e-01
6.299999999999998934e-01 7.343267510482688332e-01
6.899999999999999467e-01 7.542036586136164900e-01
7.500000000000000000e-01 7.628371431852941642e-01
8.100000000000000533e-01 7.615192596344050324e-01
8.699999999999998845e-01 7.521378609359946621e-01
9.299999999999999378e-01 7.336676230083044592e-01
9.899999999999999911e-01 7.083865609027920618e-01
1.050000000000000044e+00 6.776203812800895010e-01
1.109999999999999876e+00 6.429990228464078639e-01
1.169999999999999929e+00 6.047728251135268129e-01
1.229999999999999982e+00 5.642827684325386617e-01
1.290000000000000036e+00 5.226990906799712233e-01
1.349999999999999867e+00 4.810548148709752336e-01
1.409999999999999920e+00 4.399554248644222398e-01
1.469999999999999973e+00 3.999866604803001824e-01
1.530000000000000027e+00 3.616900547597314275e-01
1.589999999999999858e+00 3.247944065649480128e-01
1.649999999999999911e+00 2.903184586314128124e-01
1.709999999999999964e+00 2.576410808807770292e-01
1.770000000000000018e+00 2.279931092459929753e-01
1.829999999999999849e+00 2.010278433714484114e-01
1.889999999999999902e+00 1.764364566868013851e-01
1.949999999999999956e+00 1.539543294005739638e-01
2.009999999999999787e+00 1.339883873957650740e-01
2.070000000000000284e+00 1.159212258843762555e-01
2.129999999999999893e+00 9.986745963296472794e-02
2.189999999999999947e+00 8.594207593712378801e-02
2.250000000000000000e+00 7.348532587516290460e-02
2.309999999999999609e+00 6.276754135043725868e-02
2.370000000000000107e+00 5.334404687102700660e-02
2.429999999999999716e+00 4.522552160261351234e-02
2.490000000000000213e+00 3.813877758590542011e-02
2.549999999999999822e+00 3.226387052134476602e-02
2.609999999999999876e+00 2.702040017178275119e-02
2.669999999999999929e+00 2.253750993615650025e-02
2.729999999999999538e+00 1.889765290763455174e-02
2.790000000000000036e+00 1.577623212004052380e-02
2.849999999999999645e+00 1.304621517230393143e-02
2.910000000000000142e+00 1.085611697320316808e-02
2.969999999999999751e+00 8.892640603969097224e-03
3.030000000000000249e+00 7.411092630194010891e-03
3.089999999999999858e+00 6.036957194958480696e-03
3.149999999999999911e+00 5.001202300208873984e-03
3.209999999999999964e+00 4.079689642981033058e-03
3.269999999999999574e+00 3.296881963266160617e-03
3.330000000000000071e+00 2.681091467754413357e-03
3.389999999999999680e+00 2.187863024888379946e-03
3.450000000000000178e+00 1.784910784933626789e-03
3.509999999999999787e+00 1.429269732474331778e-03
3.569999999999999840e+00 1.185263214289104892e-03
3.629999999999999893e+00 9.380281111304171904e-04
3.689999999999999503e+00 7.557372364760020066e-04
3.750000000000000000e+00 6.018827448569145184e-04
3.809999999999999609e+00 4.811833373881873113e-04
3.870000000000000107e+00 3.699213321495251668e-04
3.929999999999999716e+00 2.995133444594342328e-04
3.989999999999999769e+00 2.514570988931835878e-04
4.049999999999999822e+00 1.878788101853733994e-04
4.109999999999999432e+00 1.578281346633265991e-04
4.169999999999999929e+00 1.168499407696208751e-04
4.230000000000000426e+00 1.046806589466438395e-04
4.290000000000000036e+00 7.785856839803642767e-05
4.349999999999999645e+00 6.295740698214522359e-05
4.410000000000000142e+00 4.967053805297453369e-05
4.469999999999999751e+00 3.886719602645200060e-05
4.529999999999999361e+00 2.918144110612253905e-05
4.589999999999999858e+00 2.359350557516255825e-05
4.650000000000000355e+00 1.924733349552763503e-05
4.709999999999999964e+00 1.539786679642187898e-05
4.769999999999999574e+00 1.080334202652196220e-05
4.830000000000000071e+00 8.443991469005671135e-06
4.889999999999999680e+00 7.326404362813636350e-06
4.949999999999999289e+00 5.215406495562326140e-06
5.009999999999999787e+00 3.849466699105469746e-06
5.070000000000000284e+00 3.352761318575781634e-06
5.129999999999999893e+00 1.986821522118952345e-06
5.189999999999999503e+00 2.359350557516290639e-06
5.250000000000000000e+00 4.967053805297453920e-07
5.309999999999999609e+00 9.934107610594761727e-07
5.369999999999999218e+00 6.208817256621818194e-07
5.429999999999999716e+00 9.934107610594761727e-07
5.490000000000000213e+00 8.692344159270543566e-07
5.549999999999999822e+00 6.208817256621726079e-07
5.609999999999999432e+00 3.725290353973090705e-07
5.669999999999999929e+00 1.241763451324345216e-07
5.730000000000000426e+00 2.483526902648726960e-07
5.789999999999999147e+00 2.483526902648726960e-07
5.849999999999999645e+00 2.483526902648690432e-07
5.910000000000000142e+00 0.000000000000000000e+00
5.969999999999999751e+00 0.000000000000000000e+00
