2.999999999999999889e-02 9.640331141454462627e-02
8.999999999999999667e-02 1.620280258011919383e-01
1.499999999999999944e-01 2.414337066916155961e-01
2.099999999999999922e-01 3.234511886297503636e-01
2.700000000000000178e-01 4.033359418561255905e-01
3.299999999999999600e-01 4.804617450669041445e-01
3.900000000000000133e-01 5.494198492374509080e-01
4.499999999999999556e-01 6.108840352114343064e-01
5.100000000000000089e-01 6.628815134084331540e-01
5.700000000000000622e-01 7.044187488984477996e-01
6.299999999999998934e-01 7.351624523736229877e-01
6.899999999999999467e-01 7.537677940261937604e-01
7.500000000000000000e-01 7.631075935793979470e-01
8.100000000000000533e-01 7.617858605716573139e-01
8.699999999999998845e-01 7.514197435335803199e-01
9.299999999999999378e-01 7.331649517007037264e-01
9.899999999999999911e-01 7.089602503351383200e-01
1.050000000000000044e+00 6.774091522699277057e-01
1.109999999999999876e+00 6.428036886662537031e-01
1.169999999999999929e+00 6.044828688438942388e-01
1.229999999999999982e+00 5.642457596777307183e-01
1.290000000000000036e+00 5.234470009067198060e-01
1.349999999999999867e+00 4.811557666546780188e-01
1.409999999999999920e+00 4.399016532294571236e-01
1.469999999999999973e+00 3.998104512677371769e-01
1.530000000000000027e+00 3.613092032172467993e-01
1.589999999999999858e+00 3.247542951858621296e-01
1.649999999999999911e+00 2.897725772592366633e-01
1.709999999999999964e+00 2.581000347293913588e-01
1.770000000000000018e+00 2.279960877795729202e-01
1.829999999999999849e+00 2.009640152327517026e-01
1.889999999999999902e+00 1.762524260301321921e-01
1.949999999999999956e+00 1.542182029849652469e-01
2.009999999999999787e+00 1.339080443027717005e-01
2.070000000000000284e+00 1.158311971711455529e-01
2.129999999999999893e+00 1.000210650266785406e-01
2.189999999999999947e+00 8.592518731399324816e-02
2.250000000000000000e+00 7.362142260090569212e-02
2.309999999999999609e+00 6.274047043974546878e-02
2.370000000000000107e+00 5.336441139403286932e-02
2.429999999999999716e+00 4.524973565277753268e-02
2.490000000000000213e+00 3.814573117702498711e-02
2.549999999999999822e+00 3.227852308957665506e-02
2.609999999999999876e+00 2.709217389741687063e-02
2.669999999999999929e+00 2.260729687368343704e-02
2.729999999999999538e+00 1.894446724860220088e-02
2.790000000000000036e+00 1.572209111642407578e-02
2.849999999999999645e+00 1.309787243429226880e-02
2.910000000000000142e+00 1.081302770087887513e-02
2.969999999999999751e+00 8.916730748489969105e-03
3.030000000000000249e+00 7.332985654470707861e-03
3.089999999999999858e+00 6.082778220992119192e-03
3.149999999999999911e+00 4.991143979066224763e-03
3.209999999999999964e+00 4.055599401808771161e-03
3.269999999999999574e+00 3.301973168814972999e-03
3.330000000000000071e+00 2.694378316608900866e-03
3.389999999999999680e+00 2.182275073098203719e-03
3.450000000000000178e+00 1.759082092039897108e-03
3.509999999999999787e+00 1.450007171308052931e-03
3.569999999999999840e+00 1.163656521566144332e-03
3.629999999999999893e+00 9.310742288659571613e-04
3.689999999999999503e+00 7.631878114977557349e-04
3.750000000000000000e+00 6.058563833871706376e-04
3.809999999999999609e+00 4.873921510134544659e-04
3.870000000000000107e+00 3.886719573686910978e-04
3.929999999999999716e+00 3.049771013730049381e-04
3.989999999999999769e+00 2.452482798093196968e-04
4.049999999999999822e+00 1.909832173907483987e-04
4.109999999999999432e+00 1.618017765020473859e-04
4.169999999999999929e+00 1.250455786166993735e-04
4.230000000000000426e+00 9.586413772799735780e-05
4.290000000000000036e+00 8.071462373471161229e-05
4.349999999999999645e+00 6.146729038258898626e-05
4.410000000000000142e+00 4.606942370088992728e-05
4.469999999999999751e+00 3.501772906644411160e-05
4.529999999999999361e+00 2.930561723291111192e-05
4.589999999999999858e+00 2.644956131614395649e-05
4.650000000000000355e+00 1.862645163108757036e-05
4.709999999999999964e+00 1.303851614176110545e-05
4.769999999999999574e+00 1.067916560182353987e-05
4.830000000000000071e+00 9.934107536580038544e-06
4.889999999999999680e+00 7.574756996642166332e-06
4.949999999999999289e+00 7.947286029264030496e-06
5.009999999999999787e+00 2.731879572559469984e-06
5.070000000000000284e+00 2.235174195730508206e-06
5.129999999999999893e+00 3.104408605181215987e-06
5.189999999999999503e+00 1.862645163108756909e-06
5.250000000000000000e+00 1.738468818901506618e-06
5.309999999999999609e+00 1.241763442072486395e-06
5.369999999999999218e+00 3.725290326217514030e-07
5.429999999999999716e+00 3.725290326217458973e-07
5.490000000000000213e+00 1.241763442072504818e-06
5.549999999999999822e+00 2.483526884144973002e-07
5.609999999999999432e+00 4.967053768290019060e-07
5.669999999999999929e+00 4.967053768289946003e-07
5.730000000000000426e+00 3.725290326217514030e-07
5.789999999999999147e+00 0.000000000000000000e+00
5.849999999999999645e+00 0.000000000000000000e+00
5.910000000000000142e+00 0.000000000000000000e+00
5.969999999999999751e+00 0.000000000000000000e+00
