2.999999999999999889e-02 9.608467563119545141e-02
8.999999999999999667e-02 1.618437493122182602e-01
1.499999999999999944e-01 2.417867418396484336e-01
2.099999999999999922e-01 3.232318956141456145e-01
2.700000000000000178e-01 4.033217887578674499e-01
3.299999999999999600e-01 4.794422608530858332e-01
3.900000000000000133e-01 5.497974735964955562e-01
4.499999999999999556e-01 6.105553449773094554e-01
5.100000000000000089e-01 6.629309405326481164e-01
5.700000000000000622e-01 7.045437997263249708e-01
6.299999999999998934e-01 7.344324251179764618e-01
6.899999999999999467e-01 7.542532049753243317e-01
7.500000000000000000e-01 7.633155946430894012e-01
8.100000000000000533e-01 7.619404657970941797e-01
8.699999999999998845e-01 7.520326835716674152e-01
9.299999999999999378e-01 7.336276382251718520e-01
9.899999999999999911e-01 7.085785375323666591e-01
1.050000000000000044e+00 6.776828419816911531e-01
1.109999999999999876e+00 6.431251860130623443e-01
1.169999999999999929e+00 6.045546472751290867e-01
1.229999999999999982e+00 5.642723376195475371e-01
1.290000000000000036e+00 5.230290272289881415e-01
1.349999999999999867e+00 4.812040748378244026e-01
1.409999999999999920e+00 4.399807568388292567e-01
1.469999999999999973e+00 4.000254034999815023e-01
1.530000000000000027e+00 3.616785063596341110e-01
1.589999999999999858e+00 3.246977973684349039e-01
1.649999999999999911e+00 2.899931166071658128e-01
1.709999999999999964e+00 2.581182905751209788e-01
1.770000000000000018e+00 2.284543001918148408e-01
1.829999999999999849e+00 2.008805702261213244e-01
1.889999999999999902e+00 1.761298652906694018e-01
1.949999999999999956e+00 1.539580546909279368e-01
2.009999999999999787e+00 1.336881289932348449e-01
2.070000000000000284e+00 1.158191529286773935e-01
2.129999999999999893e+00 9.990881035589382897e-02
2.189999999999999947e+00 8.602726090988464802e-02
2.250000000000000000e+00 7.359907140730420627e-02
2.309999999999999609e+00 6.267453326793308299e-02
2.370000000000000107e+00 5.329623897815102124e-02
2.429999999999999716e+00 4.519013134425076822e-02
2.490000000000000213e+00 3.818360524649823395e-02
2.549999999999999822e+00 3.226262875789345091e-02
2.609999999999999876e+00 2.699283302316335051e-02
2.669999999999999929e+00 2.259475523126255533e-02
2.729999999999999538e+00 1.890460678296197045e-02
2.790000000000000036e+00 1.572035276473092782e-02
2.849999999999999645e+00 1.303218324530396564e-02
2.910000000000000142e+00 1.075627919171668993e-02
2.969999999999999751e+00 8.936723206491112986e-03
3.030000000000000249e+00 7.350867102804779958e-03
3.089999999999999858e+00 6.025160442170898745e-03
3.149999999999999911e+00 4.950289998704575714e-03
3.209999999999999964e+00 4.095584215157985382e-03
3.269999999999999574e+00 3.286823679310433340e-03
3.330000000000000071e+00 2.691522280745537506e-03
3.389999999999999680e+00 2.177680564587519945e-03
3.450000000000000178e+00 1.772368974075250658e-03
3.509999999999999787e+00 1.415734510854896452e-03
3.569999999999999840e+00 1.150618013997155168e-03
3.629999999999999893e+00 9.544193886878986777e-04
3.689999999999999503e+00 7.487833611485856904e-04
3.750000000000000000e+00 5.970398673967495335e-04
3.809999999999999609e+00 4.800657502819953917e-04
3.870000000000000107e+00 4.019588291936934741e-04
3.929999999999999716e+00 3.063430434417182039e-04
3.989999999999999769e+00 2.467383977781510023e-04
4.049999999999999822e+00 2.042700877428547512e-04
4.109999999999999432e+00 1.559654894863400664e-04
4.169999999999999929e+00 1.224378763005804188e-04
4.230000000000000426e+00 9.002785022101634995e-05
4.290000000000000036e+00 7.736186301750669467e-05
4.349999999999999645e+00 5.736947145118559177e-05
4.410000000000000142e+00 4.793206922112042752e-05
4.469999999999999751e+00 3.861884333618713410e-05
4.529999999999999361e+00 2.831220669019548597e-05
4.589999999999999858e+00 2.173086039817603916e-05
4.650000000000000355e+00 1.713633562827621555e-05
4.709999999999999964e+00 1.105169471678667115e-05
4.769999999999999574e+00 1.341104527430312654e-05
4.830000000000000071e+00 8.692344159270544413e-06
4.889999999999999680e+00 5.091230150429814962e-06
4.949999999999999289e+00 6.332993601754254198e-06
5.009999999999999787e+00 3.228584973443297138e-06
5.070000000000000284e+00 3.725290353973090281e-06
5.129999999999999893e+00 2.607703247781124530e-06
5.189999999999999503e+00 2.359350557516290639e-06
5.250000000000000000e+00 1.241763451324363639e-06
5.309999999999999609e+00 9.934107610594761727e-07
5.369999999999999218e+00 6.208817256621818194e-07
5.429999999999999716e+00 1.241763451324345216e-06
5.490000000000000213e+00 3.725290353973090705e-07
5.549999999999999822e+00 1.241763451324345216e-07
5.609999999999999432e+00 3.725290353973090705e-07
5.669999999999999929e+00 2.483526902648690432e-07
5.730000000000000426e+00 3.725290353973090705e-07
5.789999999999999147e+00 1.241763451324363480e-07
5.849999999999999645e+00 0.000000000000000000e+00
5.910000000000000142e+00 0.000000000000000000e+00
5.969999999999999751e+00 0.000000000000000000e+00
