2.999999999999999889e-02 9.639424725961061313e-02
8.999999999999999667e-02 1.618397756691740408e-01
1.499999999999999944e-01 2.415020054802597405e-01
2.099999999999999922e-01 3.233516016108533564e-01
2.700000000000000178e-01 4.032841633252923219e-01
3.299999999999999600e-01 4.800063939890225062e-01
3.900000000000000133e-01 5.490824662012229185e-01
4.499999999999999556e-01 6.110288293812994320e-01
5.100000000000000089e-01 6.628831326397720547e-01
5.700000000000000622e-01 7.043961540519624309e-01
6.299999999999998934e-01 7.347309450516749108e-01
6.899999999999999467e-01 7.537259522138919365e-01
7.500000000000000000e-01 7.628752653232497849e-01
8.100000000000000533e-01 7.620316112344215354e-01
8.699999999999998845e-01 7.522240393195166464e-01
9.299999999999999378e-01 7.338320324892598778e-01
9.899999999999999911e-01 7.089729216045074223e-01
1.050000000000000044e+00 6.779412529559117884e-01
1.109999999999999876e+00 6.426135794711168581e-01
1.169999999999999929e+00 6.047636360639869757e-01
1.229999999999999982e+00 5.640999808525037906e-01
1.290000000000000036e+00 5.228149472099797856e-01
1.349999999999999867e+00 4.814571462292043247e-01
1.409999999999999920e+00 4.401465322595810581e-01
1.469999999999999973e+00 3.996708800346283619e-01
1.530000000000000027e+00 3.611547305358654980e-01
1.589999999999999858e+00 3.248489199804611149e-01
1.649999999999999911e+00 2.904061271310762748e-01
1.709999999999999964e+00 2.579840559460328531e-01
1.770000000000000018e+00 2.282373641168684852e-01
1.829999999999999849e+00 2.010752787352889648e-01
1.889999999999999902e+00 1.761411653380764719e-01
1.949999999999999956e+00 1.537876847454062446e-01
2.009999999999999787e+00 1.336768289458278025e-01
2.070000000000000284e+00 1.159029719616417875e-01
2.129999999999999893e+00 1.000285163526015153e-01
2.189999999999999947e+00 8.589861421632745409e-02
2.250000000000000000e+00 7.344385097588868039e-02
2.309999999999999609e+00 6.276108418049038129e-02
2.370000000000000107e+00 5.330108185561118622e-02
2.429999999999999716e+00 4.526277450615324299e-02
2.490000000000000213e+00 3.810065544794976472e-02
2.549999999999999822e+00 3.210256544901773229e-02
2.609999999999999876e+00 2.703331451167652680e-02
2.669999999999999929e+00 2.264988952850135670e-02
2.729999999999999538e+00 1.894546080051054057e-02
2.790000000000000036e+00 1.578231676095201083e-02
2.849999999999999645e+00 1.307092626498528552e-02
2.910000000000000142e+00 1.084320263330939248e-02
2.969999999999999751e+00 8.960068359376009706e-03
3.030000000000000249e+00 7.330378005857928099e-03
3.089999999999999858e+00 6.041179190692982925e-03
3.149999999999999911e+00 4.958485637483316458e-03
3.209999999999999964e+00 4.071618180547425039e-03
3.269999999999999574e+00 3.337735980814731610e-03
3.330000000000000071e+00 2.695495923789776021e-03
3.389999999999999680e+00 2.140676013738054308e-03
3.450000000000000178e+00 1.797080066756605614e-03
3.509999999999999787e+00 1.434360962624761562e-03
3.569999999999999840e+00 1.157199360289174394e-03
3.629999999999999893e+00 9.253621239269087684e-04
3.689999999999999503e+00 7.604559375910344837e-04
3.750000000000000000e+00 5.943079878038359885e-04
3.809999999999999609e+00 4.870196256094117080e-04
3.870000000000000107e+00 3.866851387424039607e-04
3.929999999999999716e+00 3.098199811054264162e-04
3.989999999999999769e+00 2.418955203179860174e-04
4.049999999999999822e+00 1.944601564773924633e-04
4.109999999999999432e+00 1.547237260350156933e-04
4.169999999999999929e+00 1.303851623890562282e-04
4.230000000000000426e+00 9.921689976081664092e-05
4.290000000000000036e+00 7.574757053078505563e-05
4.349999999999999645e+00 5.799035317684777158e-05
4.410000000000000142e+00 5.091230150429890009e-05
4.469999999999999751e+00 3.725290353973034801e-05
4.529999999999999361e+00 2.831220669019548597e-05
4.589999999999999858e+00 2.545615075214907396e-05
4.650000000000000355e+00 1.899898080526276175e-05
4.709999999999999964e+00 1.117587106191910440e-05
4.769999999999999574e+00 8.692344159270544413e-06
4.830000000000000071e+00 8.319815123873236190e-06
4.889999999999999680e+00 5.712111876091987146e-06
4.949999999999999289e+00 4.967053805297454555e-06
5.009999999999999787e+00 3.849466699105469746e-06
5.070000000000000284e+00 1.738468831854108713e-06
5.129999999999999893e+00 1.986821522118952345e-06
5.189999999999999503e+00 2.110997867251417784e-06
5.250000000000000000e+00 1.241763451324363639e-06
5.309999999999999609e+00 1.117587106191910483e-06
5.369999999999999218e+00 1.490116141589236282e-06
5.429999999999999716e+00 4.967053805297380863e-07
5.490000000000000213e+00 3.725290353973090705e-07
5.549999999999999822e+00 3.725290353973035648e-07
5.609999999999999432e+00 1.241763451324363480e-07
5.669999999999999929e+00 1.241763451324345216e-07
5.730000000000000426e+00 2.483526902648726960e-07
5.789999999999999147e+00 2.483526902648726960e-07
5.849999999999999645e+00 1.241763451324345216e-07
5.910000000000000142e+00 0.000000000000000000e+00
5.969999999999999751e+00 0.000000000000000000e+00
