2.999999999999999889e-02 9.625007852291185551e-02
8.999999999999999667e-02 1.620567117441204241e-01
1.499999999999999944e-01 2.417923297751793932e-01
2.099999999999999922e-01 3.237637429003478728e-01
2.700000000000000178e-01 4.034660816709113584e-01
3.299999999999999600e-01 4.797878436215894382e-01
3.900000000000000133e-01 5.498500001904865764e-01
4.499999999999999556e-01 6.112225444797060314e-01
5.100000000000000089e-01 6.625071266667110770e-01
5.700000000000000622e-01 7.041131561614056844e-01
6.299999999999998934e-01 7.343830029326138265e-01
6.899999999999999467e-01 7.535352173477685156e-01
7.500000000000000000e-01 7.631704324956296581e-01
8.100000000000000533e-01 7.622607165911908789e-01
8.699999999999998845e-01 7.515619310472704262e-01
9.299999999999999378e-01 7.334727903227916679e-01
9.899999999999999911e-01 7.086295740102160901e-01
1.050000000000000044e+00 6.779773882723453271e-01
1.109999999999999876e+00 6.428772058518329446e-01
1.169999999999999929e+00 6.045002580359610800e-01
1.229999999999999982e+00 5.643136883424766381e-01
1.290000000000000036e+00 5.227165995446348967e-01
1.349999999999999867e+00 4.813708436693372450e-01
1.409999999999999920e+00 4.399427588772187314e-01
1.469999999999999973e+00 3.996380974795133989e-01
1.530000000000000027e+00 3.611642921144406215e-01
1.589999999999999858e+00 3.245489099306211878e-01
1.649999999999999911e+00 2.902278098994661160e-01
1.709999999999999964e+00 2.580257791979973514e-01
1.770000000000000018e+00 2.279734893834620413e-01
1.829999999999999849e+00 2.011078129377136814e-01
1.889999999999999902e+00 1.764565732547128396e-01
1.949999999999999956e+00 1.538964632237422581e-01
2.009999999999999787e+00 1.339543630771987959e-01
2.070000000000000284e+00 1.159099258369691993e-01
2.129999999999999893e+00 9.981071104323921417e-02
2.189999999999999947e+00 8.585937449126558596e-02
2.250000000000000000e+00 7.379328321109135391e-02
2.309999999999999609e+00 6.267850691097730242e-02
2.370000000000000107e+00 5.350050906589387534e-02
2.429999999999999716e+00 4.537850685981666826e-02
2.490000000000000213e+00 3.839495338591363688e-02
2.549999999999999822e+00 3.215807227529193096e-02
2.609999999999999876e+00 2.699953854580050203e-02
2.669999999999999929e+00 2.261611356262533193e-02
2.729999999999999538e+00 1.895837514040431271e-02
2.790000000000000036e+00 1.568223062677527244e-02
2.849999999999999645e+00 1.307142297036581469e-02
2.910000000000000142e+00 1.081551130834486167e-02
2.969999999999999751e+00 8.868302040323140442e-03
3.030000000000000249e+00 7.386754066548054110e-03
3.089999999999999858e+00 6.059681466117716395e-03
3.149999999999999911e+00 4.898384286439216515e-03
3.209999999999999964e+00 4.061684072936830488e-03
3.269999999999999574e+00 3.318861176354601702e-03
3.330000000000000071e+00 2.709776203480005526e-03
3.389999999999999680e+00 2.206116947622847532e-03
3.450000000000000178e+00 1.784289903207964467e-03
3.509999999999999787e+00 1.435354373385820973e-03
3.569999999999999840e+00 1.146520194607784796e-03
3.629999999999999893e+00 9.354204078826360447e-04
3.689999999999999503e+00 7.621944064228887254e-04
3.750000000000000000e+00 5.965431620162198276e-04
3.809999999999999609e+00 4.837910406359684570e-04
3.870000000000000107e+00 3.848224935654174280e-04
3.929999999999999716e+00 3.154079166363859600e-04
3.989999999999999769e+00 2.368042901675560983e-04
4.049999999999999822e+00 1.966953306897762754e-04
4.109999999999999432e+00 1.646578336456105973e-04
4.169999999999999929e+00 1.225620526457128724e-04
4.230000000000000426e+00 9.238720077853264270e-05
4.290000000000000036e+00 7.661680494671209516e-05
4.349999999999999645e+00 6.183981987595330400e-05
4.410000000000000142e+00 4.520018962820682824e-05
4.469999999999999751e+00 3.837049064592226082e-05
4.529999999999999361e+00 3.129243897337395853e-05
4.589999999999999858e+00 2.011656791145438996e-05
4.650000000000000355e+00 1.663963024774647238e-05
4.709999999999999964e+00 1.477698507075970595e-05
4.769999999999999574e+00 1.378357430970043476e-05
4.830000000000000071e+00 9.934107610594909111e-06
4.889999999999999680e+00 6.332993601754160177e-06
4.949999999999999289e+00 6.332993601754254198e-06
5.009999999999999787e+00 4.470348424767641930e-06
5.070000000000000284e+00 2.359350557516290639e-06
5.129999999999999893e+00 2.483526902648690432e-06
5.189999999999999503e+00 8.692344159270543566e-07
5.250000000000000000e+00 1.986821522118981568e-06
5.309999999999999609e+00 9.934107610594761727e-07
5.369999999999999218e+00 3.725290353973090705e-07
5.429999999999999716e+00 3.725290353973035648e-07
5.490000000000000213e+00 3.725290353973090705e-07
5.549999999999999822e+00 4.967053805297380863e-07
5.609999999999999432e+00 3.725290353973090705e-07
5.669999999999999929e+00 1.241763451324345216e-07
5.730000000000000426e+00 0.000000000000000000e+00
5.789999999999999147e+00 1.241763451324363480e-07
5.849999999999999645e+00 1.241763451324345216e-07
5.910000000000000142e+00 0.000000000000000000e+00
5.969999999999999751e+00 2.483526902648690432e-07
