2.999999999999999889e-02 9.624883747657024535e-02
8.999999999999999667e-02 1.617400632690901008e-01
1.499999999999999944e-01 2.414029145554359435e-01
2.099999999999999922e-01 3.225228510864219800e-01
2.700000000000000178e-01 4.036488722583648214e-01
3.299999999999999600e-01 4.797263799049889532e-01
3.900000000000000133e-01 5.498883747781201370e-01
4.499999999999999556e-01 6.110071030732591169e-01
5.100000000000000089e-01 6.624158619884216170e-01
5.700000000000000622e-01 7.048176138186424966e-01
6.299999999999998934e-01 7.347449824529516116e-01
6.899999999999999467e-01 7.543813605840801184e-01
7.500000000000000000e-01 7.632926277062132003e-01
8.100000000000000533e-01 7.623670172227010600e-01
8.699999999999998845e-01 7.516075093658464157e-01
9.299999999999999378e-01 7.337515716844893454e-01
9.899999999999999911e-01 7.082101115929353430e-01
1.050000000000000044e+00 6.778573147970328172e-01
1.109999999999999876e+00 6.431887690939001034e-01
1.169999999999999929e+00 6.043459113416894679e-01
1.229999999999999982e+00 5.644943691304552535e-01
1.290000000000000036e+00 5.233002322656479244e-01
1.349999999999999867e+00 4.811041164644977997e-01
1.409999999999999920e+00 4.398811706874032335e-01
1.469999999999999973e+00 4.000449021667341065e-01
1.530000000000000027e+00 3.612194291029739435e-01
1.589999999999999858e+00 3.246610435891890689e-01
1.649999999999999911e+00 2.903450345325102600e-01
1.709999999999999964e+00 2.580200690085205362e-01
1.770000000000000018e+00 2.282235822429569960e-01
1.829999999999999849e+00 2.008163725518864462e-01
1.889999999999999902e+00 1.763890226371614689e-01
1.949999999999999956e+00 1.538736159226856970e-01
2.009999999999999787e+00 1.339259276919893826e-01
2.070000000000000284e+00 1.156928664476567364e-01
2.129999999999999893e+00 9.990533416258289001e-02
2.189999999999999947e+00 8.573942078067613159e-02
2.250000000000000000e+00 7.343776688213118908e-02
2.309999999999999609e+00 6.267503044027897263e-02
2.370000000000000107e+00 5.333734174578402820e-02
2.429999999999999716e+00 4.524501762590096149e-02
2.490000000000000213e+00 3.815777685100828209e-02
2.549999999999999822e+00 3.219743641658851657e-02
2.609999999999999876e+00 2.702685754309542068e-02
2.669999999999999929e+00 2.256967177770296054e-02
2.729999999999999538e+00 1.893937630070840344e-02
2.790000000000000036e+00 1.580367521006134993e-02
2.849999999999999645e+00 1.303019652086437850e-02
2.910000000000000142e+00 1.081563556527275795e-02
2.969999999999999751e+00 8.969754181126218112e-03
3.030000000000000249e+00 7.354095742570506550e-03
3.089999999999999858e+00 6.063034272609417810e-03
3.149999999999999911e+00 4.906704138120884968e-03
3.209999999999999964e+00 4.107132645855824868e-03
3.269999999999999574e+00 3.333638186262902117e-03
3.330000000000000071e+00 2.670288145623088936e-03
3.389999999999999680e+00 2.202267497331914306e-03
3.450000000000000178e+00 1.787766854191574122e-03
3.509999999999999787e+00 1.451745661759650712e-03
3.569999999999999840e+00 1.151238904300215830e-03
3.629999999999999893e+00 9.437402300379219662e-04
3.689999999999999503e+00 7.408360805797686941e-04
3.750000000000000000e+00 6.176531452906084459e-04
3.809999999999999609e+00 4.647920632936765654e-04
3.870000000000000107e+00 3.820906168193007914e-04
3.929999999999999716e+00 2.982715832304064251e-04
3.989999999999999769e+00 2.462416942322648988e-04
4.049999999999999822e+00 1.957019213868097603e-04
4.109999999999999432e+00 1.627951896815427462e-04
4.169999999999999929e+00 1.266598729787727880e-04
4.230000000000000426e+00 9.139379069840995609e-05
4.290000000000000036e+00 7.624427647937892549e-05
4.349999999999999645e+00 5.972882245371629152e-05
4.410000000000000142e+00 4.818042227035743017e-05
4.469999999999999751e+00 3.812213823968946274e-05
4.529999999999999361e+00 3.104408651440556001e-05
4.589999999999999858e+00 2.595285632604266284e-05
4.650000000000000355e+00 1.800557017835522535e-05
4.709999999999999964e+00 1.403192710451110511e-05
4.769999999999999574e+00 1.179675287547411199e-05
4.830000000000000071e+00 9.189049608264046414e-06
4.889999999999999680e+00 6.457169994996260652e-06
4.949999999999999289e+00 4.967053842304889839e-06
5.009999999999999787e+00 3.352761343555750560e-06
5.070000000000000284e+00 2.359350575094822568e-06
5.129999999999999893e+00 2.607703267210028308e-06
5.189999999999999503e+00 1.986821536921955512e-06
5.250000000000000000e+00 2.359350575094822568e-06
5.309999999999999609e+00 1.365939806633824271e-06
5.369999999999999218e+00 1.490116152691466952e-06
5.429999999999999716e+00 4.967053842304815724e-07
5.490000000000000213e+00 1.241763460576222195e-07
5.549999999999999822e+00 1.241763460576203931e-07
5.609999999999999432e+00 2.483526921152444390e-07
5.669999999999999929e+00 1.241763460576203931e-07
5.730000000000000426e+00 0.000000000000000000e+00
5.789999999999999147e+00 1.241763460576222195e-07
5.849999999999999645e+00 0.000000000000000000e+00
5.910000000000000142e+00 0.000000000000000000e+00
5.969999999999999751e+00 0.000000000000000000e+00
