2.999999999999999889e-02 9.640231800379095439e-02
8.999999999999999667e-02 1.621903242830708136e-01
1.499999999999999944e-01 2.415083366744841253e-01
2.099999999999999922e-01 3.233607882511674303e-01
2.700000000000000178e-01 4.038556198566329303e-01
3.299999999999999600e-01 4.798242237157441248e-01
3.900000000000000133e-01 5.499277304852584480e-01
4.499999999999999556e-01 6.110655810266653054e-01
5.100000000000000089e-01 6.631581783033269062e-01
5.700000000000000622e-01 7.044582369759057050e-01
6.299999999999998934e-01 7.343576654868158027e-01
6.899999999999999467e-01 7.541246768394453959e-01
7.500000000000000000e-01 7.630031612739195390e-01
8.100000000000000533e-01 7.620144692213428605e-01
8.699999999999998845e-01 7.515141175551778296e-01
9.299999999999999378e-01 7.334468320020542942e-01
9.899999999999999911e-01 7.082422627129320025e-01
1.050000000000000044e+00 6.775803914485895030e-01
1.109999999999999876e+00 6.423099635216857894e-01
1.169999999999999929e+00 6.046738520612848777e-01
1.229999999999999982e+00 5.640979898281239802e-01
1.290000000000000036e+00 5.231084961924108434e-01
1.349999999999999867e+00 4.812801913515736829e-01
1.409999999999999920e+00 4.398300034788495960e-01
1.469999999999999973e+00 3.997723291300655513e-01
1.530000000000000027e+00 3.611149914149067164e-01
1.589999999999999858e+00 3.245639328501924159e-01
1.649999999999999911e+00 2.899287911002493834e-01
1.709999999999999964e+00 2.578480809269949048e-01
1.770000000000000018e+00 2.284259862832184185e-01
1.829999999999999849e+00 2.011297906522683809e-01
1.889999999999999902e+00 1.764206849765330432e-01
1.949999999999999956e+00 1.539174478792952605e-01
2.009999999999999787e+00 1.337236424316239347e-01
2.070000000000000284e+00 1.159532625175012793e-01
2.129999999999999893e+00 1.000831531987821654e-01
2.189999999999999947e+00 8.600441182159747344e-02
2.250000000000000000e+00 7.338461831250248091e-02
2.309999999999999609e+00 6.274568584620217326e-02
2.370000000000000107e+00 5.338229278759871327e-02
2.429999999999999716e+00 4.532548322274395497e-02
2.490000000000000213e+00 3.818906872115331724e-02
2.549999999999999822e+00 3.219731176046511378e-02
2.609999999999999876e+00 2.706646939416596995e-02
2.669999999999999929e+00 2.276773271039920707e-02
2.729999999999999538e+00 1.890609675824216074e-02
2.790000000000000036e+00 1.578157158529934490e-02
2.849999999999999645e+00 1.301740616324597102e-02
2.910000000000000142e+00 1.082345851379228410e-02
2.969999999999999751e+00 8.964414464665552973e-03
3.030000000000000249e+00 7.422020093267305864e-03
3.089999999999999858e+00 6.078804577977487203e-03
3.149999999999999911e+00 4.962831772586971842e-03
3.209999999999999964e+00 4.055599401808771161e-03
3.269999999999999574e+00 3.331899667768919732e-03
3.330000000000000071e+00 2.732500454280526077e-03
3.389999999999999680e+00 2.223377443030803355e-03
3.450000000000000178e+00 1.807510866280724474e-03
3.509999999999999787e+00 1.421694964828800227e-03
3.569999999999999840e+00 1.178060977494185292e-03
3.629999999999999893e+00 9.488314460875937537e-04
3.689999999999999503e+00 7.649262803166572301e-04
3.750000000000000000e+00 6.062289124197923866e-04
3.809999999999999609e+00 4.659096434656003296e-04
3.870000000000000107e+00 3.943840692022245820e-04
3.929999999999999716e+00 3.141661508443413585e-04
3.989999999999999769e+00 2.449999271209051975e-04
4.049999999999999822e+00 2.005447958947065409e-04
4.109999999999999432e+00 1.578281334874153427e-04
4.169999999999999929e+00 1.265356947471863694e-04
4.230000000000000426e+00 9.176631836915809205e-05
4.290000000000000036e+00 7.587174631062891636e-05
4.349999999999999645e+00 6.072223231734547478e-05
4.410000000000000142e+00 4.917383230607118224e-05
4.469999999999999751e+00 3.750125595058908439e-05
4.529999999999999361e+00 3.241002583809237026e-05
4.589999999999999858e+00 2.297262367834099661e-05
4.650000000000000355e+00 1.924733335212382542e-05
4.709999999999999964e+00 1.428027958383359354e-05
4.769999999999999574e+00 1.117587097865254188e-05
4.830000000000000071e+00 9.437402159751036532e-06
4.889999999999999680e+00 9.189049471336398306e-06
4.949999999999999289e+00 5.587935489326270940e-06
5.009999999999999787e+00 3.476937637802961991e-06
5.070000000000000284e+00 2.731879572559510642e-06
5.129999999999999893e+00 2.110997851523226787e-06
5.189999999999999503e+00 1.117587097865254103e-06
5.250000000000000000e+00 1.117587097865254103e-06
5.309999999999999609e+00 8.692344094507404977e-07
5.369999999999999218e+00 8.692344094507533090e-07
5.429999999999999716e+00 6.208817210362431975e-07
5.490000000000000213e+00 4.967053768290019060e-07
5.549999999999999822e+00 3.725290326217458973e-07
5.609999999999999432e+00 3.725290326217514030e-07
5.669999999999999929e+00 1.241763442072486501e-07
5.730000000000000426e+00 2.483526884145009530e-07
5.789999999999999147e+00 1.241763442072504765e-07
5.849999999999999645e+00 1.241763442072486501e-07
5.910000000000000142e+00 1.241763442072504765e-07
5.969999999999999751e+00 2.483526884144973002e-07
