2.999999999999999889e-02 9.644230422372802869e-02
8.999999999999999667e-02 1.618192877778748540e-01
1.499999999999999944e-01 2.419305398498347859e-01
2.099999999999999922e-01 3.235238366119924658e-01
2.700000000000000178e-01 4.039585680654325106e-01
3.299999999999999600e-01 4.801675784625316634e-01
3.900000000000000133e-01 5.496952805600004988e-01
4.499999999999999556e-01 6.113341835687748915e-01
5.100000000000000089e-01 6.632957755765859220e-01
5.700000000000000622e-01 7.041281867453305088e-01
6.299999999999998934e-01 7.344284569468507717e-01
6.899999999999999467e-01 7.539072552948321571e-01
7.500000000000000000e-01 7.631038796602056529e-01
8.100000000000000533e-01 7.620152256343198927e-01
8.699999999999998845e-01 7.516512194396586244e-01
9.299999999999999378e-01 7.327250058316309156e-01
9.899999999999999911e-01 7.088220526263073751e-01
1.050000000000000044e+00 6.775216661336390667e-01
1.109999999999999876e+00 6.426047677383910361e-01
1.169999999999999929e+00 6.040781871395892733e-01
1.229999999999999982e+00 5.638989435511090331e-01
1.290000000000000036e+00 5.225449917289254342e-01
1.349999999999999867e+00 4.809929786347762470e-01
1.409999999999999920e+00 4.401806840340942162e-01
1.469999999999999973e+00 3.999393522725851469e-01
1.530000000000000027e+00 3.612944316159927838e-01
1.589999999999999858e+00 3.243003113038916418e-01
1.649999999999999911e+00 2.902276878854858078e-01
1.709999999999999964e+00 2.579099245895674630e-01
1.770000000000000018e+00 2.283070287475077176e-01
1.829999999999999849e+00 2.010977561520530255e-01
1.889999999999999902e+00 1.762710551084067101e-01
1.949999999999999956e+00 1.539669965349210190e-01
2.009999999999999787e+00 1.336601903114260637e-01
2.070000000000000284e+00 1.160527294985317232e-01
2.129999999999999893e+00 1.000569534811192457e-01
2.189999999999999947e+00 8.580498589139455567e-02
2.250000000000000000e+00 7.369617785827710377e-02
2.309999999999999609e+00 6.277288140097238289e-02
2.370000000000000107e+00 5.331697682503058061e-02
2.429999999999999716e+00 4.545711082496737415e-02
2.490000000000000213e+00 3.828406419494888302e-02
2.549999999999999822e+00 3.228125545017741099e-02
2.609999999999999876e+00 2.710620622822624420e-02
2.669999999999999929e+00 2.263821712072676753e-02
2.729999999999999538e+00 1.893006307475408184e-02
2.790000000000000036e+00 1.581410602313019012e-02
2.849999999999999645e+00 1.303913721778052724e-02
2.910000000000000142e+00 1.085897311004686838e-02
2.969999999999999751e+00 8.954480490561130684e-03
3.030000000000000249e+00 7.362291381410309560e-03
3.089999999999999858e+00 6.083399193362868870e-03
3.149999999999999911e+00 4.982327532869977246e-03
3.209999999999999964e+00 4.060566516084216857e-03
3.269999999999999574e+00 3.342330530486935323e-03
3.330000000000000071e+00 2.704809169827107531e-03
3.389999999999999680e+00 2.223129123469594695e-03
3.450000000000000178e+00 1.773983279779178151e-03
3.509999999999999787e+00 1.451124780029362533e-03
3.569999999999999840e+00 1.167009300249533888e-03
3.629999999999999893e+00 9.451061698445557650e-04
3.689999999999999503e+00 7.639328809464863762e-04
3.750000000000000000e+00 6.136795022167645984e-04
3.809999999999999609e+00 5.041559649939425557e-04
3.870000000000000107e+00 3.838290856641075085e-04
3.929999999999999716e+00 3.110617468743414075e-04
3.989999999999999769e+00 2.497186319218782789e-04
4.049999999999999822e+00 1.973162138855588199e-04
4.109999999999999432e+00 1.627951896815427462e-04
4.169999999999999929e+00 1.226862299049289405e-04
4.230000000000000426e+00 9.921690050004016977e-05
4.290000000000000036e+00 7.624427647937892549e-05
4.349999999999999645e+00 5.823870630102482838e-05
4.410000000000000142e+00 4.544854265708973758e-05
4.469999999999999751e+00 3.737708016334374134e-05
4.529999999999999361e+00 2.831220690113786742e-05
4.589999999999999858e+00 2.409021113517835933e-05
4.650000000000000355e+00 1.763304114018235787e-05
4.709999999999999964e+00 1.316269268210776177e-05
4.769999999999999574e+00 1.266598729787746888e-05
4.830000000000000071e+00 8.940696916148800863e-06
4.889999999999999680e+00 6.208817302881020184e-06
4.949999999999999289e+00 4.842877496247267064e-06
5.009999999999999787e+00 3.849466727786232345e-06
5.070000000000000284e+00 3.973643073843911024e-06
5.129999999999999893e+00 3.104408651440510092e-06
5.189999999999999503e+00 1.614292498749089092e-06
5.250000000000000000e+00 2.110997882979577864e-06
5.309999999999999609e+00 6.208817302881020184e-07
5.369999999999999218e+00 1.241763460576222460e-06
5.429999999999999716e+00 9.934107684609631447e-07
5.490000000000000213e+00 3.725290381728667379e-07
5.549999999999999822e+00 3.725290381728612322e-07
5.609999999999999432e+00 3.725290381728667379e-07
5.669999999999999929e+00 0.000000000000000000e+00
5.730000000000000426e+00 1.241763460576222195e-07
5.789999999999999147e+00 0.000000000000000000e+00
5.849999999999999645e+00 0.000000000000000000e+00
5.910000000000000142e+00 2.483526921152444390e-07
5.969999999999999751e+00 1.241763460576203931e-07
