2.999999999999999889e-02 9.654425228453059060e-02
8.999999999999999667e-02 1.620916052971026200e-01
1.499999999999999944e-01 2.419600920174533043e-01
2.099999999999999922e-01 3.236076532345164014e-01
2.700000000000000178e-01 4.039396902512464860e-01
3.299999999999999600e-01 4.798438471532441296e-01
3.900000000000000133e-01 5.495184493489829736e-01
4.499999999999999556e-01 6.110601218202728058e-01
5.100000000000000089e-01 6.627654134645865058e-01
5.700000000000000622e-01 7.036206727766104452e-01
6.299999999999998934e-01 7.345933576612680982e-01
6.899999999999999467e-01 7.540228578551035898e-01
7.500000000000000000e-01 7.627688461954713617e-01
8.100000000000000533e-01 7.620544596819257555e-01
8.699999999999998845e-01 7.519689811066144758e-01
9.299999999999999378e-01 7.334565232215793928e-01
9.899999999999999911e-01 7.083285705496150664e-01
1.050000000000000044e+00 6.776673199385495616e-01
1.109999999999999876e+00 6.425456550103293418e-01
1.169999999999999929e+00 6.045429746986866748e-01
1.229999999999999982e+00 5.643001531208572397e-01
1.290000000000000036e+00 5.225200283902902143e-01
1.349999999999999867e+00 4.809745969520196618e-01
1.409999999999999920e+00 4.400716539234661995e-01
1.469999999999999973e+00 3.998636017222738648e-01
1.530000000000000027e+00 3.610223585519542477e-01
1.589999999999999858e+00 3.246878632608243831e-01
1.649999999999999911e+00 2.902439528243333511e-01
1.709999999999999964e+00 2.580187011463248026e-01
1.770000000000000018e+00 2.282983347023284926e-01
1.829999999999999849e+00 2.010695666234129098e-01
1.889999999999999902e+00 1.763305342644034546e-01
1.949999999999999956e+00 1.541584753119716877e-01
2.009999999999999787e+00 1.338639626979423736e-01
2.070000000000000284e+00 1.159771052396858515e-01
2.129999999999999893e+00 9.994308302715038117e-02
2.189999999999999947e+00 8.587179212577884801e-02
2.250000000000000000e+00 7.374212255689677198e-02
2.309999999999999609e+00 6.277114246444610857e-02
2.370000000000000107e+00 5.338477671223045007e-02
2.429999999999999716e+00 4.529568123761334303e-02
2.490000000000000213e+00 3.834702131669251446e-02
2.549999999999999822e+00 3.220910875314136196e-02
2.609999999999999876e+00 2.699991107483589933e-02
2.669999999999999929e+00 2.265113129195267874e-02
2.729999999999999538e+00 1.887492863647531605e-02
2.790000000000000036e+00 1.573314292827956637e-02
2.849999999999999645e+00 1.309861758994981806e-02
2.910000000000000142e+00 1.080197608672542504e-02
2.969999999999999751e+00 8.941193554915880665e-03
3.030000000000000249e+00 7.327894478955279678e-03
3.089999999999999858e+00 6.076072743675197882e-03
3.149999999999999911e+00 4.963701043978878749e-03
3.209999999999999964e+00 4.058455487963386586e-03
3.269999999999999574e+00 3.327801873204137059e-03
3.330000000000000071e+00 2.730637829462254692e-03
3.389999999999999680e+00 2.195313605596326077e-03
3.450000000000000178e+00 1.774479971942502206e-03
3.509999999999999787e+00 1.431008201306185803e-03
3.569999999999999840e+00 1.176198341094437244e-03
3.629999999999999893e+00 9.462237499091579341e-04
3.689999999999999503e+00 7.393459589185205193e-04
3.750000000000000000e+00 5.858639963348304461e-04
3.809999999999999609e+00 4.831701589103062433e-04
3.870000000000000107e+00 3.808488505211794556e-04
3.929999999999999716e+00 3.188848543000941723e-04
3.989999999999999769e+00 2.425164020436481769e-04
4.049999999999999822e+00 2.038975587074574446e-04
4.109999999999999432e+00 1.611808959819023849e-04
4.169999999999999929e+00 1.204510547784614732e-04
4.230000000000000426e+00 1.019487793537302402e-04
4.290000000000000036e+00 7.413327804406340303e-05
4.349999999999999645e+00 6.121893815029111742e-05
4.410000000000000142e+00 4.954636170784210722e-05
4.469999999999999751e+00 3.688037450433304825e-05
4.529999999999999361e+00 2.682209054860625307e-05
4.589999999999999858e+00 2.260009481410307869e-05
4.650000000000000355e+00 1.688798293801134227e-05
4.709999999999999964e+00 1.440445603536240281e-05
4.769999999999999574e+00 1.254181085837607176e-05
4.830000000000000071e+00 9.189049539800290970e-06
4.889999999999999680e+00 6.953875327416332362e-06
4.949999999999999289e+00 5.587935530959635210e-06
5.009999999999999787e+00 3.476937663708166181e-06
5.070000000000000284e+00 3.104408628310908356e-06
5.129999999999999893e+00 1.862645176986517612e-06
5.189999999999999503e+00 2.359350557516290639e-06
5.250000000000000000e+00 1.117587106191927000e-06
5.309999999999999609e+00 8.692344159270415452e-07
5.369999999999999218e+00 6.208817256621818194e-07
5.429999999999999716e+00 4.967053805297380863e-07
5.490000000000000213e+00 6.208817256621818194e-07
5.549999999999999822e+00 2.483526902648690432e-07
5.609999999999999432e+00 3.725290353973090705e-07
5.669999999999999929e+00 2.483526902648690432e-07
5.730000000000000426e+00 3.725290353973090705e-07
5.789999999999999147e+00 0.000000000000000000e+00
5.849999999999999645e+00 0.000000000000000000e+00
5.910000000000000142e+00 3.725290353973090705e-07
5.969999999999999751e+00 0.000000000000000000e+00
