2.999999999999999889e-02 9.604282677173614502e-02
8.999999999999999667e-02 1.619601001342137747e-01
1.499999999999999944e-01 2.413671463727951050e-01
2.099999999999999922e-01 3.232832998037338257e-01
2.700000000000000178e-01 4.034919043382009241e-01
3.299999999999999600e-01 4.798635840415954590e-01
3.900000000000000133e-01 5.498893558979034424e-01
4.499999999999999556e-01 6.113771349191665649e-01
5.100000000000000089e-01 6.627218176921202408e-01
5.700000000000000622e-01 7.038944711287823397e-01
6.299999999999998934e-01 7.343607644240068844e-01
6.899999999999999467e-01 7.543611029783877653e-01
7.500000000000000000e-01 7.631978640953692716e-01
8.100000000000000533e-01 7.617277403672543246e-01
8.699999999999998845e-01 7.518290231625246456e-01
9.299999999999999378e-01 7.335895051558806168e-01
9.899999999999999911e-01 7.085112233956648575e-01
1.050000000000000044e+00 6.783008575439447574e-01
1.109999999999999876e+00 6.429890791575132436e-01
1.169999999999999929e+00 6.046414375305170230e-01
1.229999999999999982e+00 5.642044047514592764e-01
1.290000000000000036e+00 5.227642754713709428e-01
1.349999999999999867e+00 4.814275850852326455e-01
1.409999999999999920e+00 4.403591156005855489e-01
1.469999999999999973e+00 3.997394194205598494e-01
1.530000000000000027e+00 3.614300241072969655e-01
1.589999999999999858e+00 3.247944017251341853e-01
1.649999999999999911e+00 2.899412065744397249e-01
1.709999999999999964e+00 2.579377343257265864e-01
1.770000000000000018e+00 2.284850925207144445e-01
1.829999999999999849e+00 2.008517583211261170e-01
1.889999999999999902e+00 1.762639731168745283e-01
1.949999999999999956e+00 1.537272085746128059e-01
2.009999999999999787e+00 1.337971538305281483e-01
2.070000000000000284e+00 1.158056159814197794e-01
2.129999999999999893e+00 9.993736942609142415e-02
2.189999999999999947e+00 8.587241172790582855e-02
2.250000000000000000e+00 7.336859901746108081e-02
2.309999999999999609e+00 6.269067525863641910e-02
2.370000000000000107e+00 5.328617990016932399e-02
2.429999999999999716e+00 4.527469476064042292e-02
2.490000000000000213e+00 3.817218045393622194e-02
2.549999999999999822e+00 3.216229379177090730e-02
2.609999999999999876e+00 2.713426947593706659e-02
2.669999999999999929e+00 2.260146041711169618e-02
2.729999999999999538e+00 1.894620557626086610e-02
2.790000000000000036e+00 1.572395364443459828e-02
2.849999999999999645e+00 1.311724384625751610e-02
2.910000000000000142e+00 1.084084312121072480e-02
2.969999999999999751e+00 8.953486879666638226e-03
3.030000000000000249e+00 7.330626249313347553e-03
3.089999999999999858e+00 6.051113208134963582e-03
3.149999999999999911e+00 4.907945791880322095e-03
3.209999999999999964e+00 4.074474175771073715e-03
3.269999999999999574e+00 3.299241264661150266e-03
3.330000000000000071e+00 2.715115745862322575e-03
3.389999999999999680e+00 2.239271998405454375e-03
3.450000000000000178e+00 1.793851455052692095e-03
3.509999999999999787e+00 1.463790734608966726e-03
3.569999999999999840e+00 1.181289553642280539e-03
3.629999999999999893e+00 9.259829918543489771e-04
3.689999999999999503e+00 7.535020510355624644e-04
3.750000000000000000e+00 5.991508563359573391e-04
3.809999999999999609e+00 4.815558592478430089e-04
3.870000000000000107e+00 3.858158985773718717e-04
3.929999999999999716e+00 3.008792797724403395e-04
3.989999999999999769e+00 2.410262823104874119e-04
4.049999999999999822e+00 1.883755127588892337e-04
4.109999999999999432e+00 1.542270183563242451e-04
4.169999999999999929e+00 1.206994056701650127e-04
4.230000000000000426e+00 9.909272193908756458e-05
4.290000000000000036e+00 7.363657156626322929e-05
4.349999999999999645e+00 5.972882111867307731e-05
4.410000000000000142e+00 4.954636096954378229e-05
4.469999999999999751e+00 3.203749656677219666e-05
4.529999999999999361e+00 2.967814604441344295e-05
4.589999999999999858e+00 2.123415470123273397e-05
4.650000000000000355e+00 1.949568589528414455e-05
4.709999999999999964e+00 1.564621925353991031e-05
4.769999999999999574e+00 1.005828380584723404e-05
4.830000000000000071e+00 8.940696716308651348e-06
4.889999999999999680e+00 7.698933283487892484e-06
4.949999999999999289e+00 4.346172014872261307e-06
5.009999999999999787e+00 3.228584925333632031e-06
5.070000000000000284e+00 2.483526865641292418e-06
5.129999999999999893e+00 2.607703208923318244e-06
5.189999999999999503e+00 1.614292462666839944e-06
5.250000000000000000e+00 1.490116119384775366e-06
5.309999999999999609e+00 1.241763432820627786e-06
5.369999999999999218e+00 4.967053731282584200e-07
5.429999999999999716e+00 6.208817164103138929e-07
5.490000000000000213e+00 6.208817164103231044e-07
5.549999999999999822e+00 6.208817164103138929e-07
5.609999999999999432e+00 3.725290298461938415e-07
5.669999999999999929e+00 6.208817164103138929e-07
5.730000000000000426e+00 0.000000000000000000e+00
5.789999999999999147e+00 0.000000000000000000e+00
5.849999999999999645e+00 1.241763432820627786e-07
5.910000000000000142e+00 2.483526865641292100e-07
5.969999999999999751e+00 1.241763432820627786e-07
