2.999999999999999889e-02 9.601526105426641533e-02
8.999999999999999667e-02 1.616342638179798785e-01
1.499999999999999944e-01 2.416130191328081378e-01
2.099999999999999922e-01 3.231791206674644035e-01
2.700000000000000178e-01 4.034207573049380380e-01
3.299999999999999600e-01 4.794597697177495066e-01
3.900000000000000133e-01 5.498903575026545809e-01
4.499999999999999556e-01 6.108911178145476351e-01
5.100000000000000089e-01 6.627891311465068380e-01
5.700000000000000622e-01 7.042853887521043355e-01
6.299999999999998934e-01 7.345177342670824450e-01
6.899999999999999467e-01 7.541597001874396078e-01
7.500000000000000000e-01 7.632243250294170611e-01
8.100000000000000533e-01 7.617720826730945971e-01
8.699999999999998845e-01 7.520000251928976587e-01
9.299999999999999378e-01 7.342451671895154908e-01
9.899999999999999911e-01 7.090800857903566401e-01
1.050000000000000044e+00 6.776400011426204628e-01
1.109999999999999876e+00 6.432343370204337551e-01
1.169999999999999929e+00 6.046521257060580856e-01
1.229999999999999982e+00 5.647638275935817909e-01
1.290000000000000036e+00 5.225785154488475914e-01
1.349999999999999867e+00 4.807376684855069748e-01
1.409999999999999920e+00 4.402580426175100037e-01
1.469999999999999973e+00 3.998422433909111229e-01
1.530000000000000027e+00 3.616470897443155308e-01
1.589999999999999858e+00 3.247998703241337659e-01
1.649999999999999911e+00 2.900414212054223118e-01
1.709999999999999964e+00 2.580083945096787734e-01
1.770000000000000018e+00 2.282017255058154670e-01
1.829999999999999849e+00 2.010916700128464463e-01
1.889999999999999902e+00 1.762275920742886470e-01
1.949999999999999956e+00 1.537530395451142951e-01
2.009999999999999787e+00 1.337034026836861345e-01
2.070000000000000284e+00 1.158874499185002377e-01
2.129999999999999893e+00 9.981133192496488560e-02
2.189999999999999947e+00 8.583366998782317181e-02
2.250000000000000000e+00 7.344124327264089924e-02
2.309999999999999609e+00 6.271874004680021153e-02
2.370000000000000107e+00 5.337235907771720189e-02
2.429999999999999716e+00 4.520888197236577061e-02
2.490000000000000213e+00 3.821129657146276476e-02
2.549999999999999822e+00 3.209263134140714208e-02
2.609999999999999876e+00 2.703517715685351333e-02
2.669999999999999929e+00 2.264057630261642404e-02
2.729999999999999538e+00 1.891615518305928695e-02
2.790000000000000036e+00 1.566844705246557209e-02
2.849999999999999645e+00 1.304087558946323555e-02
2.910000000000000142e+00 1.079539474043340712e-02
2.969999999999999751e+00 8.944297963544190974e-03
3.030000000000000249e+00 7.368748496503850672e-03
3.089999999999999858e+00 6.047388007949605279e-03
3.149999999999999911e+00 4.926075611403749922e-03
3.209999999999999964e+00 4.090492985007554948e-03
3.269999999999999574e+00 3.350029438982842726e-03
3.330000000000000071e+00 2.694129983993318652e-03
3.389999999999999680e+00 2.191836667932617593e-03
3.450000000000000178e+00 1.769388741792072206e-03
3.509999999999999787e+00 1.426165323846020818e-03
3.569999999999999840e+00 1.154964186076790555e-03
3.629999999999999893e+00 9.365379949888279643e-04
3.689999999999999503e+00 7.578482343432533380e-04
3.750000000000000000e+00 6.075948567330065157e-04
3.809999999999999609e+00 4.903723869279875752e-04
3.870000000000000107e+00 3.966192463529987292e-04
3.929999999999999716e+00 3.094474520700291097e-04
3.989999999999999769e+00 2.522021569639782009e-04
4.049999999999999822e+00 2.007931500791466201e-04
4.109999999999999432e+00 1.609325432916375049e-04
4.169999999999999929e+00 1.277774591412751096e-04
4.230000000000000426e+00 9.151796636260558962e-05
4.290000000000000036e+00 7.214645652194445747e-05
4.349999999999999645e+00 6.034970373436406433e-05
4.410000000000000142e+00 4.569689500873657479e-05
4.469999999999999751e+00 3.526608201761139566e-05
4.529999999999999361e+00 2.831220669019548597e-05
4.589999999999999858e+00 2.185503674330847241e-05
4.650000000000000355e+00 1.390775065483286971e-05
4.709999999999999964e+00 1.415610334509753461e-05
4.769999999999999574e+00 1.117587106191927042e-05
4.830000000000000071e+00 8.319815123873236190e-06
4.889999999999999680e+00 4.842877460164945918e-06
4.949999999999999289e+00 4.842877460165017069e-06
5.009999999999999787e+00 5.712111876091987146e-06
5.070000000000000284e+00 2.856055938046035925e-06
5.129999999999999893e+00 1.986821522118952345e-06
5.189999999999999503e+00 2.235174212383853999e-06
5.250000000000000000e+00 1.365939796456799854e-06
5.309999999999999609e+00 4.967053805297380863e-07
5.369999999999999218e+00 9.934107610594907840e-07
5.429999999999999716e+00 4.967053805297380863e-07
5.490000000000000213e+00 0.000000000000000000e+00
5.549999999999999822e+00 4.967053805297380863e-07
5.609999999999999432e+00 2.483526902648726960e-07
5.669999999999999929e+00 2.483526902648690432e-07
5.730000000000000426e+00 3.725290353973090705e-07
5.789999999999999147e+00 4.967053805297453920e-07
5.849999999999999645e+00 0.000000000000000000e+00
5.910000000000000142e+00 0.000000000000000000e+00
5.969999999999999751e+00 1.241763451324345216e-07
