2.999999999999999889e-02 9.610069437971753559e-02
8.999999999999999667e-02 1.617658907438202232e-01
1.499999999999999944e-01 2.413188453711894166e-01
2.099999999999999922e-01 3.230499772685266335e-01
2.700000000000000178e-01 4.036512286015038198e-01
3.299999999999999600e-01 4.803268931358093408e-01
3.900000000000000133e-01 5.496047519088499422e-01
4.499999999999999556e-01 6.109878511874057283e-01
5.100000000000000089e-01 6.626458316442239704e-01
5.700000000000000622e-01 7.040926670644588325e-01
6.299999999999998934e-01 7.347246120580731565e-01
6.899999999999999467e-01 7.543929033635983217e-01
7.500000000000000000e-01 7.628669455081259487e-01
8.100000000000000533e-01 7.616724932442985319e-01
8.699999999999998845e-01 7.517715407178539033e-01
9.299999999999999378e-01 7.337449848713220035e-01
9.899999999999999911e-01 7.087787098007202191e-01
1.050000000000000044e+00 6.781067800239732879e-01
1.109999999999999876e+00 6.431393421164074420e-01
1.169999999999999929e+00 6.045144141393061776e-01
1.229999999999999982e+00 5.645825301296883980e-01
1.290000000000000036e+00 5.229042300021300438e-01
1.349999999999999867e+00 4.813082587913904975e-01
1.409999999999999920e+00 4.397747482822545462e-01
1.469999999999999973e+00 3.997945596743802676e-01
1.530000000000000027e+00 3.611184710430867528e-01
1.589999999999999858e+00 3.248356331115319073e-01
1.649999999999999911e+00 2.901987526347051261e-01
1.709999999999999964e+00 2.582676747183152988e-01
1.770000000000000018e+00 2.283642723415938158e-01
1.829999999999999849e+00 2.011875341512887050e-01
1.889999999999999902e+00 1.761830127663861212e-01
1.949999999999999956e+00 1.538346234038663052e-01
2.009999999999999787e+00 1.338683088700220181e-01
2.070000000000000284e+00 1.156813171855803901e-01
2.129999999999999893e+00 9.974055140823939736e-02
2.189999999999999947e+00 8.588172623338942435e-02
2.250000000000000000e+00 7.359323511908300031e-02
2.309999999999999609e+00 6.267763767656138463e-02
2.370000000000000107e+00 5.326271136496526365e-02
2.429999999999999716e+00 4.532896049810882649e-02
2.490000000000000213e+00 3.820372181440968851e-02
2.549999999999999822e+00 3.215000081285832728e-02
2.609999999999999876e+00 2.701791664488010017e-02
2.669999999999999929e+00 2.263784442302350583e-02
2.729999999999999538e+00 1.888722209464342716e-02
2.790000000000000036e+00 1.574332538858043071e-02
2.849999999999999645e+00 1.301839967099426530e-02
2.910000000000000142e+00 1.080806072763691554e-02
2.969999999999999751e+00 8.904189004066413726e-03
3.030000000000000249e+00 7.393335412840072902e-03
3.089999999999999858e+00 6.061792463984968377e-03
3.149999999999999911e+00 4.962707633217818687e-03
3.209999999999999964e+00 4.069879711715571231e-03
3.269999999999999574e+00 3.290921498699803712e-03
3.330000000000000071e+00 2.693881631303054070e-03
3.389999999999999680e+00 2.186248732401657995e-03
3.450000000000000178e+00 1.763800806261112608e-03
3.509999999999999787e+00 1.427779616332742552e-03
3.569999999999999840e+00 1.163780706581193404e-03
3.629999999999999893e+00 9.304533540773386605e-04
3.689999999999999503e+00 7.523844751574262479e-04
3.750000000000000000e+00 6.066014459719471039e-04
3.809999999999999609e+00 4.847844513970278688e-04
3.870000000000000107e+00 3.848224935654174280e-04
3.929999999999999716e+00 3.166496800877103331e-04
3.989999999999999769e+00 2.520779806188458015e-04
4.049999999999999822e+00 1.954535672384519294e-04
4.109999999999999432e+00 1.557171367960751593e-04
4.169999999999999929e+00 1.164774117342235685e-04
4.230000000000000426e+00 9.288390615906238926e-05
4.290000000000000036e+00 7.065634038035523135e-05
4.349999999999999645e+00 5.948046931843701125e-05
4.410000000000000142e+00 4.880130363704748739e-05
4.469999999999999751e+00 3.874301968131956735e-05
4.529999999999999361e+00 2.942979379638741572e-05
4.589999999999999858e+00 2.210338943357334230e-05
4.650000000000000355e+00 1.775721735393839874e-05
4.709999999999999964e+00 1.179675278758127913e-05
4.769999999999999574e+00 9.934107610594909111e-06
4.830000000000000071e+00 7.947286088475926272e-06
4.889999999999999680e+00 6.953875327416332362e-06
4.949999999999999289e+00 5.960464566356945128e-06
5.009999999999999787e+00 3.601114008840600703e-06
5.070000000000000284e+00 3.476937663708217426e-06
5.129999999999999893e+00 2.607703247781124530e-06
5.189999999999999503e+00 1.738468831854108713e-06
5.250000000000000000e+00 2.235174212383853999e-06
5.309999999999999609e+00 1.614292486721648569e-06
5.369999999999999218e+00 7.450580707946181409e-07
5.429999999999999716e+00 6.208817256621726079e-07
5.490000000000000213e+00 4.967053805297453920e-07
5.549999999999999822e+00 1.241763451324345216e-07
5.609999999999999432e+00 1.241763451324363480e-07
5.669999999999999929e+00 0.000000000000000000e+00
5.730000000000000426e+00 3.725290353973090705e-07
5.789999999999999147e+00 0.000000000000000000e+00
5.849999999999999645e+00 1.241763451324345216e-07
5.910000000000000142e+00 0.000000000000000000e+00
5.969999999999999751e+00 0.000000000000000000e+00
