2.999999999999999889e-02 9.648303190867106582e-02
8.999999999999999667e-02 1.619011163711547852e-01
1.499999999999999944e-01 2.415192623933156424e-01
2.099999999999999922e-01 3.236439079046249390e-01
2.700000000000000178e-01 4.035733640193939209e-01
3.299999999999999600e-01 4.798409839471181604e-01
3.900000000000000133e-01 5.498256534337997437e-01
4.499999999999999556e-01 6.109640002250671387e-01
5.100000000000000089e-01 6.626773625612253360e-01
5.700000000000000622e-01 7.037486881017691598e-01
6.299999999999998934e-01 7.346048951148993478e-01
6.899999999999999467e-01 7.539076109727217423e-01
7.500000000000000000e-01 7.631850739320112931e-01
8.100000000000000533e-01 7.622388501962032992e-01
8.699999999999998845e-01 7.517953713734951693e-01
9.299999999999999378e-01 7.336103667815520035e-01
9.899999999999999911e-01 7.088015476862583597e-01
1.050000000000000044e+00 6.775885820388788394e-01
1.109999999999999876e+00 6.423046191533424709e-01
1.169999999999999929e+00 6.048462043205891092e-01
1.229999999999999982e+00 5.644244452317550564e-01
1.290000000000000036e+00 5.230081578095768791e-01
1.349999999999999867e+00 4.811937610308325008e-01
1.409999999999999920e+00 4.397148887316382204e-01
1.469999999999999973e+00 4.001834740241365096e-01
1.530000000000000027e+00 3.613680601119991787e-01
1.589999999999999858e+00 3.245397160450626539e-01
1.649999999999999911e+00 2.898662040630973769e-01
1.709999999999999964e+00 2.577327191829679176e-01
1.770000000000000018e+00 2.283023049434032559e-01
1.829999999999999849e+00 2.012141048908231977e-01
1.889999999999999902e+00 1.762930303812025312e-01
1.949999999999999956e+00 1.539438962936399979e-01
2.009999999999999787e+00 1.339173565308251768e-01
2.070000000000000284e+00 1.158035049835839797e-01
2.129999999999999893e+00 9.978661934534699407e-02
2.189999999999999947e+00 8.602403104305322845e-02
2.250000000000000000e+00 7.348048190275821567e-02
2.309999999999999609e+00 6.275177001953119449e-02
2.370000000000000107e+00 5.354185899098709567e-02
2.429999999999999716e+00 4.531641801198319636e-02
2.490000000000000213e+00 3.827549517154690134e-02
2.549999999999999822e+00 3.214590251445767488e-02
2.609999999999999876e+00 2.697668969631212763e-02
2.669999999999999929e+00 2.260307470957436185e-02
2.729999999999999538e+00 1.892310877641040223e-02
2.790000000000000036e+00 1.576393842697142167e-02
2.849999999999999645e+00 1.297481358051298835e-02
2.910000000000000142e+00 1.078185935815174391e-02
2.969999999999999751e+00 8.910894393920889764e-03
3.030000000000000249e+00 7.370238502820326484e-03
3.089999999999999858e+00 6.066511074701939205e-03
3.149999999999999911e+00 5.015358328819307862e-03
3.209999999999999964e+00 4.056592782338456528e-03
3.269999999999999574e+00 3.318116068840023820e-03
3.330000000000000071e+00 2.717599272727963707e-03
3.389999999999999680e+00 2.237161000569659434e-03
3.450000000000000178e+00 1.804654796918231646e-03
3.509999999999999787e+00 1.437713702519733327e-03
3.569999999999999840e+00 1.161297162373868194e-03
3.629999999999999893e+00 9.459753831227612130e-04
3.689999999999999503e+00 7.410844167073561565e-04
3.750000000000000000e+00 6.125619014104202297e-04
3.809999999999999609e+00 4.830459753672277745e-04
3.870000000000000107e+00 3.860642512639360173e-04
3.929999999999999716e+00 3.181397914886471899e-04
3.989999999999999769e+00 2.437581618626928246e-04
4.049999999999999822e+00 2.010414997736596331e-04
4.109999999999999432e+00 1.534819602966318623e-04
4.169999999999999929e+00 1.240521669387807083e-04
4.230000000000000426e+00 1.043081283569342714e-04
4.290000000000000036e+00 7.400910059610940714e-05
4.349999999999999645e+00 5.861123402913449631e-05
4.410000000000000142e+00 4.172325134277370855e-05
4.469999999999999751e+00 3.663202126820851894e-05
4.529999999999999361e+00 3.005067507425963436e-05
4.589999999999999858e+00 2.371768156687399082e-05
4.650000000000000355e+00 1.564621925354014071e-05
4.709999999999999964e+00 1.316269238789865347e-05
4.769999999999999574e+00 1.241763432820646039e-05
4.830000000000000071e+00 9.934107462565169671e-06
4.889999999999999680e+00 6.953875223795515601e-06
4.949999999999999289e+00 5.587935447692907516e-06
5.009999999999999787e+00 4.221995671590134260e-06
5.070000000000000284e+00 2.110997835795098470e-06
5.129999999999999893e+00 2.980232238769506686e-06
5.189999999999999503e+00 1.365939776102710787e-06
5.250000000000000000e+00 1.614292462666839944e-06
5.309999999999999609e+00 8.692344029744394501e-07
5.369999999999999218e+00 6.208817164103231044e-07
5.429999999999999716e+00 4.967053731282511143e-07
5.490000000000000213e+00 6.208817164103231044e-07
5.549999999999999822e+00 8.692344029744394501e-07
5.609999999999999432e+00 2.483526865641292100e-07
5.669999999999999929e+00 2.483526865641255572e-07
5.730000000000000426e+00 0.000000000000000000e+00
5.789999999999999147e+00 0.000000000000000000e+00
5.849999999999999645e+00 0.000000000000000000e+00
5.910000000000000142e+00 1.241763432820646050e-07
5.969999999999999751e+00 0.000000000000000000e+00
