2.999999999999999889e-02 9.617892476056212614e-02
8.999999999999999667e-02 1.616136493405723462e-01
1.499999999999999944e-01 2.413687624635952045e-01
2.099999999999999922e-01 3.233612849565443148e-01
2.700000000000000178e-01 4.037501941404009753e-01
3.299999999999999600e-01 4.801591273160710771e-01
3.900000000000000133e-01 5.499040128035149744e-01
4.499999999999999556e-01 6.112275069795115590e-01
5.100000000000000089e-01 6.627272863889277499e-01
5.700000000000000622e-01 7.044434599909450423e-01
6.299999999999998934e-01 7.348199740162993931e-01
6.899999999999999467e-01 7.536202725292755478e-01
7.500000000000000000e-01 7.630702164997914538e-01
8.100000000000000533e-01 7.615283188337714781e-01
8.699999999999998845e-01 7.516107267509710699e-01
9.299999999999999378e-01 7.338250731465094656e-01
9.899999999999999911e-01 7.084922296938211961e-01
1.050000000000000044e+00 6.783705255267802325e-01
1.109999999999999876e+00 6.427976040253876588e-01
1.169999999999999929e+00 6.042738800565934376e-01
1.229999999999999982e+00 5.640284510753680314e-01
1.290000000000000036e+00 5.228805084244463330e-01
1.349999999999999867e+00 4.811383819664889483e-01
1.409999999999999920e+00 4.400599780683213669e-01
1.469999999999999973e+00 3.999626914657352650e-01
1.530000000000000027e+00 3.613924013678657121e-01
1.589999999999999858e+00 3.249358410010930731e-01
1.649999999999999911e+00 2.901847185456605249e-01
1.709999999999999964e+00 2.581226348240371338e-01
1.770000000000000018e+00 2.281268454700231540e-01
1.829999999999999849e+00 2.010263517575437420e-01
1.889999999999999902e+00 1.764064046969492094e-01
1.949999999999999956e+00 1.539761832901052896e-01
2.009999999999999787e+00 1.338110625779458385e-01
2.070000000000000284e+00 1.156389721903127304e-01
2.129999999999999893e+00 9.985963577920911605e-02
2.189999999999999947e+00 8.586173320210334359e-02
2.250000000000000000e+00 7.350308254487619708e-02
2.309999999999999609e+00 6.278157280967805454e-02
2.370000000000000107e+00 5.335013111444904255e-02
2.429999999999999716e+00 4.520714316671443911e-02
2.490000000000000213e+00 3.820533582224446695e-02
2.549999999999999822e+00 3.231838369606718220e-02
2.609999999999999876e+00 2.695086121770902052e-02
2.669999999999999929e+00 2.266416963933036086e-02
2.729999999999999538e+00 1.895949258625127462e-02
2.790000000000000036e+00 1.567428322390428119e-02
2.849999999999999645e+00 1.309079438267245557e-02
2.910000000000000142e+00 1.083438603208252381e-02
2.969999999999999751e+00 8.972982632415853199e-03
3.030000000000000249e+00 7.307405327564014431e-03
3.089999999999999858e+00 6.084889218843642436e-03
3.149999999999999911e+00 4.946067966118993138e-03
3.209999999999999964e+00 4.058207105037123404e-03
3.269999999999999574e+00 3.300110523651864254e-03
3.330000000000000071e+00 2.680718918746103404e-03
3.389999999999999680e+00 2.185255305359177710e-03
3.450000000000000178e+00 1.810491098541698466e-03
3.509999999999999787e+00 1.404806982016614057e-03
3.569999999999999840e+00 1.152232297899077147e-03
3.629999999999999893e+00 9.297082890796774151e-04
3.689999999999999503e+00 7.597108738599527445e-04
3.750000000000000000e+00 6.013860349957096500e-04
3.809999999999999609e+00 4.830459789662007821e-04
3.870000000000000107e+00 3.869334885497896026e-04
3.929999999999999716e+00 3.069639228803208784e-04
3.989999999999999769e+00 2.553065636901069731e-04
4.049999999999999822e+00 1.986821507315978232e-04
4.109999999999999432e+00 1.580764861758298691e-04
4.169999999999999929e+00 1.306335141060255538e-04
4.230000000000000426e+00 9.549160869537560883e-05
4.290000000000000036e+00 8.071462373471161229e-05
4.349999999999999645e+00 6.022552694051647615e-05
4.410000000000000142e+00 4.507601294723191648e-05
4.469999999999999751e+00 3.787378498321083335e-05
4.529999999999999361e+00 3.414849465699387900e-05
4.589999999999999858e+00 1.999239141736703198e-05
4.650000000000000355e+00 1.837809894267307105e-05
4.709999999999999964e+00 1.279016345334660953e-05
4.769999999999999574e+00 1.117587097865254188e-05
4.830000000000000071e+00 8.443991406093032508e-06
4.889999999999999680e+00 9.313225815543646268e-06
4.949999999999999289e+00 5.091230112497269775e-06
5.009999999999999787e+00 5.091230112497194389e-06
5.070000000000000284e+00 3.228584949388512230e-06
5.129999999999999893e+00 2.980232260973967179e-06
5.189999999999999503e+00 1.986821507316007624e-06
5.250000000000000000e+00 1.490116130487005612e-06
5.309999999999999609e+00 7.450580652434917946e-07
5.369999999999999218e+00 9.934107536580038120e-07
5.429999999999999716e+00 8.692344094507404977e-07
5.490000000000000213e+00 2.483526884145009530e-07
5.549999999999999822e+00 3.725290326217458973e-07
5.609999999999999432e+00 1.241763442072504765e-07
5.669999999999999929e+00 0.000000000000000000e+00
5.730000000000000426e+00 2.483526884145009530e-07
5.789999999999999147e+00 3.725290326217514030e-07
5.849999999999999645e+00 1.241763442072486501e-07
5.910000000000000142e+00 0.000000000000000000e+00
5.969999999999999751e+00 0.000000000000000000e+00
