2.999999999999999889e-02 9.614601802934719110e-02
8.999999999999999667e-02 1.616756133363317638e-01
1.499999999999999944e-01 2.414200472937527708e-01
2.099999999999999922e-01 3.233918323372192982e-01
2.700000000000000178e-01 4.035048216842473945e-01
3.299999999999999600e-01 4.797736839436517742e-01
3.900000000000000133e-01 5.503603608684766169e-01
4.499999999999999556e-01 6.114826893668574570e-01
5.100000000000000089e-01 6.630071798687708906e-01
5.700000000000000622e-01 7.037166558483000101e-01
6.299999999999998934e-01 7.339942013273211829e-01
6.899999999999999467e-01 7.533311899999610706e-01
7.500000000000000000e-01 7.631036199363832040e-01
8.100000000000000533e-01 7.620848772085083711e-01
8.699999999999998845e-01 7.519673612115342909e-01
9.299999999999999378e-01 7.331916496147083961e-01
9.899999999999999911e-01 7.087167405241477924e-01
1.050000000000000044e+00 6.779811085113462976e-01
1.109999999999999876e+00 6.433948922410244187e-01
1.169999999999999929e+00 6.043613002029152304e-01
1.229999999999999982e+00 5.646022699619497320e-01
1.290000000000000036e+00 5.231725711860217842e-01
1.349999999999999867e+00 4.814450975366809105e-01
1.409999999999999920e+00 4.405642582021470632e-01
1.469999999999999973e+00 3.998325546570060673e-01
1.530000000000000027e+00 3.612298545332983668e-01
1.589999999999999858e+00 3.243175669832852326e-01
1.649999999999999911e+00 2.902661782274604807e-01
1.709999999999999964e+00 2.577327211032263143e-01
1.770000000000000018e+00 2.283647673455242166e-01
1.829999999999999849e+00 2.009715899897483449e-01
1.889999999999999902e+00 1.764416707787040406e-01
1.949999999999999956e+00 1.540695639009491691e-01
2.009999999999999787e+00 1.338064680532101702e-01
2.070000000000000284e+00 1.157728342893681456e-01
2.129999999999999893e+00 9.984274779639693009e-02
2.189999999999999947e+00 8.594828411401579660e-02
2.250000000000000000e+00 7.348271762442620814e-02
2.309999999999999609e+00 6.279821243980183987e-02
2.370000000000000107e+00 5.329748034450516869e-02
2.429999999999999716e+00 4.516492320968398116e-02
2.490000000000000213e+00 3.819614677277313047e-02
2.549999999999999822e+00 3.209747397972248506e-02
2.609999999999999876e+00 2.704250335973397076e-02
2.669999999999999929e+00 2.268888073182760007e-02
2.729999999999999538e+00 1.884450529151536491e-02
2.790000000000000036e+00 1.569154373574909236e-02
2.849999999999999645e+00 1.305031289446089218e-02
2.910000000000000142e+00 1.078136273310602647e-02
2.969999999999999751e+00 8.959074881864641238e-03
3.030000000000000249e+00 7.263198549026233554e-03
3.089999999999999858e+00 6.068125412375663733e-03
3.149999999999999911e+00 4.955629544622952229e-03
3.209999999999999964e+00 4.029894898557870482e-03
3.269999999999999574e+00 3.363688811885976078e-03
3.330000000000000071e+00 2.711887181142123068e-03
3.389999999999999680e+00 2.207482870972275399e-03
3.450000000000000178e+00 1.759206268384104358e-03
3.509999999999999787e+00 1.443550001409275949e-03
3.569999999999999840e+00 1.145899304344507198e-03
3.629999999999999893e+00 9.401391019930863862e-04
3.689999999999999503e+00 7.556130545011135059e-04
3.750000000000000000e+00 6.021310930609531480e-04
3.809999999999999609e+00 4.666547015308438275e-04
3.870000000000000107e+00 3.769993810132096302e-04
3.929999999999999716e+00 3.214925551525690882e-04
3.989999999999999769e+00 2.503395099218169327e-04
4.049999999999999822e+00 1.947085077169658613e-04
4.109999999999999432e+00 1.534819614401615776e-04
4.169999999999999929e+00 1.257906366819428715e-04
4.230000000000000426e+00 9.636084310482636998e-05
4.290000000000000036e+00 7.537504093379991774e-05
4.349999999999999645e+00 6.469587533197750442e-05
4.410000000000000142e+00 5.240241725545970040e-05
4.469999999999999751e+00 3.315508390333538031e-05
4.529999999999999361e+00 3.129243874022711658e-05
4.589999999999999858e+00 2.110997851523226871e-05
4.650000000000000355e+00 1.601874840273531065e-05
4.709999999999999964e+00 1.241763442072486395e-05
4.769999999999999574e+00 1.005828388078728820e-05
4.830000000000000071e+00 9.685754848165535844e-06
4.889999999999999680e+00 5.339582800911691160e-06
4.949999999999999289e+00 4.842877424082767922e-06
5.009999999999999787e+00 3.228584949388464373e-06
5.070000000000000284e+00 2.483526884145009636e-06
5.129999999999999893e+00 1.986821507315978401e-06
5.189999999999999503e+00 1.862645163108756909e-06
5.250000000000000000e+00 2.110997851523258127e-06
5.309999999999999609e+00 1.490116130486983589e-06
5.369999999999999218e+00 9.934107536580038120e-07
5.429999999999999716e+00 7.450580652434917946e-07
5.490000000000000213e+00 2.483526884145009530e-07
5.549999999999999822e+00 1.241763442072486501e-07
5.609999999999999432e+00 0.000000000000000000e+00
5.669999999999999929e+00 1.241763442072486501e-07
5.730000000000000426e+00 0.000000000000000000e+00
5.789999999999999147e+00 3.725290326217514030e-07
5.849999999999999645e+00 0.000000000000000000e+00
5.910000000000000142e+00 2.483526884145009530e-07
5.969999999999999751e+00 0.000000000000000000e+00
