2.999999999999999889e-02 9.624573235083221101e-02
8.999999999999999667e-02 1.618202799829882299e-01
1.499999999999999944e-01 2.418311969712058362e-01
2.099999999999999922e-01 3.235016066357732645e-01
2.700000000000000178e-01 4.038208534889547452e-01
3.299999999999999600e-01 4.801999849110839547e-01
3.900000000000000133e-01 5.495636495386111431e-01
4.499999999999999556e-01 6.110167842758217338e-01
5.100000000000000089e-01 6.631673722937801996e-01
5.700000000000000622e-01 7.042493776120158921e-01
6.299999999999998934e-01 7.343494753194280689e-01
6.899999999999999467e-01 7.540810965609707761e-01
7.500000000000000000e-01 7.630874826970811542e-01
8.100000000000000533e-01 7.618560258824041975e-01
8.699999999999998845e-01 7.517247262357390492e-01
9.299999999999999378e-01 7.334556539871633918e-01
9.899999999999999911e-01 7.084462897248006152e-01
1.050000000000000044e+00 6.774729839584173741e-01
1.109999999999999876e+00 6.423773960626749657e-01
1.169999999999999929e+00 6.049353719493051340e-01
1.229999999999999982e+00 5.640654598285569366e-01
1.290000000000000036e+00 5.226710268259713299e-01
1.349999999999999867e+00 4.811664494052492747e-01
1.409999999999999920e+00 4.400506681211388549e-01
1.469999999999999973e+00 3.998231202337607648e-01
1.530000000000000027e+00 3.616662129014659999e-01
1.589999999999999858e+00 3.243684817011436849e-01
1.649999999999999911e+00 2.899929924308206619e-01
1.709999999999999964e+00 2.578449784394844513e-01
1.770000000000000018e+00 2.283463909478947451e-01
1.829999999999999849e+00 2.010022630443510927e-01
1.889999999999999902e+00 1.762811120790407082e-01
1.949999999999999956e+00 1.539251479594678507e-01
2.009999999999999787e+00 1.338054756393849964e-01
2.070000000000000284e+00 1.159487930329956562e-01
2.129999999999999893e+00 1.000749583056810277e-01
2.189999999999999947e+00 8.591214943794688030e-02
2.250000000000000000e+00 7.349103798703898738e-02
2.309999999999999609e+00 6.295045310681733619e-02
2.370000000000000107e+00 5.341569662216841957e-02
2.429999999999999716e+00 4.522216884129493658e-02
2.490000000000000213e+00 3.822781202536537637e-02
2.549999999999999822e+00 3.223394402216785831e-02
2.609999999999999876e+00 2.705504537207470070e-02
2.669999999999999929e+00 2.267137203620926342e-02
2.729999999999999538e+00 1.887778469241336438e-02
2.790000000000000036e+00 1.577548706196972919e-02
2.849999999999999645e+00 1.304981628631277091e-02
2.910000000000000142e+00 1.079949255982277749e-02
2.969999999999999751e+00 8.966277176632632059e-03
3.030000000000000249e+00 7.368003438433056058e-03
3.089999999999999858e+00 6.126985045179497019e-03
3.149999999999999911e+00 4.976739560217784478e-03
3.209999999999999964e+00 4.097695213025236496e-03
3.269999999999999574e+00 3.290052264283876808e-03
3.330000000000000071e+00 2.730016947736592803e-03
3.389999999999999680e+00 2.181778383976890317e-03
3.450000000000000178e+00 1.769388741792072206e-03
3.509999999999999787e+00 1.442929130438899612e-03
3.569999999999999840e+00 1.157199360289174394e-03
3.629999999999999893e+00 9.362896422985631656e-04
3.689999999999999503e+00 7.608284666264317903e-04
3.750000000000000000e+00 5.954255749100279081e-04
3.809999999999999609e+00 4.820525718041143238e-04
3.870000000000000107e+00 3.910313108220391312e-04
3.929999999999999716e+00 3.037353401939370582e-04
3.989999999999999769e+00 2.482285139197402284e-04
4.049999999999999822e+00 1.880029865305058530e-04
4.109999999999999432e+00 1.589457217695185458e-04
4.169999999999999929e+00 1.285225172120697226e-04
4.230000000000000426e+00 9.511908037144624199e-05
4.290000000000000036e+00 7.798274474316888125e-05
4.349999999999999645e+00 5.600353165472879213e-05
4.410000000000000142e+00 4.457930790254464843e-05
4.469999999999999751e+00 3.936390140698174038e-05
4.529999999999999361e+00 3.091990993797665200e-05
4.589999999999999858e+00 2.086162598224899624e-05
4.650000000000000355e+00 1.688798293801134227e-05
4.709999999999999964e+00 1.316269258403805675e-05
4.769999999999999574e+00 1.403192699996530634e-05
4.830000000000000071e+00 9.685754920330034138e-06
4.889999999999999680e+00 6.953875327416332362e-06
4.949999999999999289e+00 5.836288221224508488e-06
5.009999999999999787e+00 3.849466699105469746e-06
5.070000000000000284e+00 2.856055938046035925e-06
5.129999999999999893e+00 2.359350557516255487e-06
5.189999999999999503e+00 1.490116141589236282e-06
5.250000000000000000e+00 8.692344159270543566e-07
5.309999999999999609e+00 1.117587106191910483e-06
5.369999999999999218e+00 7.450580707946181409e-07
5.429999999999999716e+00 6.208817256621726079e-07
5.490000000000000213e+00 4.967053805297453920e-07
5.549999999999999822e+00 4.967053805297380863e-07
5.609999999999999432e+00 3.725290353973090705e-07
5.669999999999999929e+00 2.483526902648690432e-07
5.730000000000000426e+00 3.725290353973090705e-07
5.789999999999999147e+00 0.000000000000000000e+00
5.849999999999999645e+00 0.000000000000000000e+00
5.910000000000000142e+00 1.241763451324363480e-07
5.969999999999999751e+00 0.000000000000000000e+00
