2.999999999999999889e-02 9.610193471113841202e-02
8.999999999999999667e-02 1.617737114429473877e-01
1.499999999999999944e-01 2.414461225271224976e-01
2.099999999999999922e-01 3.234221289555231915e-01
2.700000000000000178e-01 4.035666584968566895e-01
3.299999999999999600e-01 4.798606038093566895e-01
3.900000000000000133e-01 5.499145636955897753e-01
4.499999999999999556e-01 6.110704193512599414e-01
5.100000000000000089e-01 6.630978236595783670e-01
5.700000000000000622e-01 7.044622053702679354e-01
6.299999999999998934e-01 7.343692084153500277e-01
6.899999999999999467e-01 7.538169622421257987e-01
7.500000000000000000e-01 7.630495975414904875e-01
8.100000000000000533e-01 7.619580874840425899e-01
8.699999999999998845e-01 7.522801558176683834e-01
9.299999999999999378e-01 7.339555770158761039e-01
9.899999999999999911e-01 7.083614667256666886e-01
1.050000000000000044e+00 6.776918967564894425e-01
1.109999999999999876e+00 6.425904730955778188e-01
1.169999999999999929e+00 6.047143290440235575e-01
1.229999999999999982e+00 5.642294883728021793e-01
1.290000000000000036e+00 5.227146049340580802e-01
1.349999999999999867e+00 4.811568806568777279e-01
1.409999999999999920e+00 4.397598405679062905e-01
1.469999999999999973e+00 3.997862339019772060e-01
1.530000000000000027e+00 3.615068892637885445e-01
1.589999999999999858e+00 3.245003521442422212e-01
1.649999999999999911e+00 2.899785836537676631e-01
1.709999999999999964e+00 2.578828483819959327e-01
1.770000000000000018e+00 2.286363393068319982e-01
1.829999999999999849e+00 2.010436107714969056e-01
1.889999999999999902e+00 1.763734966516493086e-01
1.949999999999999956e+00 1.539910833040871729e-01
2.009999999999999787e+00 1.337858537832894712e-01
2.070000000000000284e+00 1.160159707069396001e-01
2.129999999999999893e+00 9.995040794213604085e-02
2.189999999999999947e+00 8.582708736260788451e-02
2.250000000000000000e+00 7.342124978701267124e-02
2.309999999999999609e+00 6.277896463870996646e-02
2.370000000000000107e+00 5.339483420054112750e-02
2.429999999999999716e+00 4.524079461892441950e-02
2.490000000000000213e+00 3.814647595087683474e-02
2.549999999999999822e+00 3.220587968826291170e-02
2.609999999999999876e+00 2.702288329601305536e-02
2.669999999999999929e+00 2.272427082061765496e-02
2.729999999999999538e+00 1.890584826469419652e-02
2.790000000000000036e+00 1.576853295167285687e-02
2.849999999999999645e+00 1.304969191551207282e-02
2.910000000000000142e+00 1.080930233001707944e-02
2.969999999999999751e+00 8.947650591532381806e-03
3.030000000000000249e+00 7.354840636253349995e-03
3.089999999999999858e+00 6.038447221120193074e-03
3.149999999999999911e+00 4.960844914118481275e-03
3.209999999999999964e+00 4.060814778010047275e-03
3.269999999999999574e+00 3.310044606526689817e-03
3.330000000000000071e+00 2.709279457728065721e-03
3.389999999999999680e+00 2.146512269973753148e-03
3.450000000000000178e+00 1.783296465873716744e-03
3.509999999999999787e+00 1.413996020952859286e-03
3.569999999999999840e+00 1.169368624687202414e-03
3.629999999999999893e+00 9.364138046900423364e-04
3.689999999999999503e+00 7.661680380503329722e-04
3.750000000000000000e+00 6.005167961120600048e-04
3.809999999999999609e+00 4.685173432032263096e-04
3.870000000000000107e+00 3.906587759653723600e-04
3.929999999999999716e+00 3.155320882797238500e-04
3.989999999999999769e+00 2.489735682805395314e-04
4.049999999999999822e+00 1.916040976842228565e-04
4.109999999999999432e+00 1.605600118637095532e-04
4.169999999999999929e+00 1.256664594014475196e-04
4.230000000000000426e+00 9.896854559580549175e-05
4.290000000000000036e+00 7.612009843190448274e-05
4.349999999999999645e+00 5.674858887990352573e-05
4.410000000000000142e+00 4.669030507405629677e-05
4.469999999999999751e+00 4.209578037261928332e-05
4.529999999999999361e+00 2.781550089518247237e-05
4.589999999999999858e+00 2.582867940266905625e-05
4.650000000000000355e+00 1.999239126841240201e-05
4.709999999999999964e+00 1.216928164164215209e-05
4.769999999999999574e+00 1.154839992523200813e-05
4.830000000000000071e+00 8.319814999898329514e-06
4.889999999999999680e+00 7.823109626769955157e-06
4.949999999999999289e+00 4.594524701436390888e-06
5.009999999999999787e+00 4.346172014872196933e-06
5.070000000000000284e+00 2.856055895487485941e-06
5.129999999999999893e+00 1.986821492513004457e-06
5.189999999999999503e+00 1.738468805948904523e-06
5.250000000000000000e+00 1.490116119384775366e-06
5.309999999999999609e+00 9.934107462565022287e-07
5.369999999999999218e+00 6.208817164103231044e-07
5.429999999999999716e+00 2.483526865641255572e-07
5.490000000000000213e+00 6.208817164103231044e-07
5.549999999999999822e+00 3.725290298461883358e-07
5.609999999999999432e+00 2.483526865641292100e-07
5.669999999999999929e+00 2.483526865641255572e-07
5.730000000000000426e+00 1.241763432820646050e-07
5.789999999999999147e+00 0.000000000000000000e+00
5.849999999999999645e+00 1.241763432820627786e-07
5.910000000000000142e+00 0.000000000000000000e+00
5.969999999999999751e+00 0.000000000000000000e+00
