2.999999999999999889e-02 9.605623853248534960e-02
8.999999999999999667e-02 1.616891485578503262e-01
1.499999999999999944e-01 2.415662028508847314e-01
2.099999999999999922e-01 3.230756793648676406e-01
2.700000000000000178e-01 4.032928526646856193e-01
3.299999999999999600e-01 4.798232303049904668e-01
3.900000000000000133e-01 5.497499099603537775e-01
4.499999999999999556e-01 6.111972079515248790e-01
5.100000000000000089e-01 6.624560852531791166e-01
5.700000000000000622e-01 7.044115466704838902e-01
6.299999999999998934e-01 7.346925690871427550e-01
6.899999999999999467e-01 7.539452420220660311e-01
7.500000000000000000e-01 7.630653736223673711e-01
8.100000000000000533e-01 7.619118995610276723e-01
8.699999999999998845e-01 7.521949764504661795e-01
9.299999999999999378e-01 7.342697486351157377e-01
9.899999999999999911e-01 7.084189656507389188e-01
1.050000000000000044e+00 6.783715189375338905e-01
1.109999999999999876e+00 6.428811747050390268e-01
1.169999999999999929e+00 6.044905677772349772e-01
1.229999999999999982e+00 5.645630302371802411e-01
1.290000000000000036e+00 5.230647861192498915e-01
1.349999999999999867e+00 4.810575431664100288e-01
1.409999999999999920e+00 4.402345700082768154e-01
1.469999999999999973e+00 3.995264599685351969e-01
1.530000000000000027e+00 3.610942539654240502e-01
1.589999999999999858e+00 3.248086844246249050e-01
1.649999999999999911e+00 2.898549061754460698e-01
1.709999999999999964e+00 2.577430277397955716e-01
1.770000000000000018e+00 2.284796304639159503e-01
1.829999999999999849e+00 2.009841318005132771e-01
1.889999999999999902e+00 1.763813210754193173e-01
1.949999999999999956e+00 1.539724579997790721e-01
2.009999999999999787e+00 1.337425172359434367e-01
2.070000000000000284e+00 1.159482954637329893e-01
2.129999999999999893e+00 1.000170913836639086e-01
2.189999999999999947e+00 8.594803576132736822e-02
2.250000000000000000e+00 7.355585749116426431e-02
2.309999999999999609e+00 6.277014858601098757e-02
2.370000000000000107e+00 5.331449250366155496e-02
2.429999999999999716e+00 4.521273110220376534e-02
2.490000000000000213e+00 3.820906111257068444e-02
2.549999999999999822e+00 3.209275527864261651e-02
2.609999999999999876e+00 2.694576998759652328e-02
2.669999999999999929e+00 2.260791775540447676e-02
2.729999999999999538e+00 1.887455596681351586e-02
2.790000000000000036e+00 1.572196694007986506e-02
2.849999999999999645e+00 1.308197786223374084e-02
2.910000000000000142e+00 1.080657053098009988e-02
2.969999999999999751e+00 8.924802210863440333e-03
3.030000000000000249e+00 7.339567000713691225e-03
3.089999999999999858e+00 6.071353997325052224e-03
3.149999999999999911e+00 4.930918452125708680e-03
3.209999999999999964e+00 4.075964322258759237e-03
3.269999999999999574e+00 3.300358876340278753e-03
3.330000000000000071e+00 2.683823327351284645e-03
3.389999999999999680e+00 2.171595907496380248e-03
3.450000000000000178e+00 1.785034947979212286e-03
3.509999999999999787e+00 1.440569769148301957e-03
3.569999999999999840e+00 1.163532345221936866e-03
3.629999999999999893e+00 9.244928826229729295e-04
3.689999999999999503e+00 7.446855362108755361e-04
3.750000000000000000e+00 6.084640866155228804e-04
3.809999999999999609e+00 4.809349811146774838e-04
3.870000000000000107e+00 3.812213767162561185e-04
3.929999999999999716e+00 3.079573336339789299e-04
3.989999999999999769e+00 2.425164002367601501e-04
4.049999999999999822e+00 1.909832173907483987e-04
4.109999999999999432e+00 1.533577850959543280e-04
4.169999999999999929e+00 1.178433506526789477e-04
4.230000000000000426e+00 1.009553678404946344e-04
4.290000000000000036e+00 7.425745383593468439e-05
4.349999999999999645e+00 6.643434415087899961e-05
4.410000000000000142e+00 4.681448176613342522e-05
4.469999999999999751e+00 3.874301939266157417e-05
4.529999999999999361e+00 2.856055916766761060e-05
4.589999999999999858e+00 2.222756561309750545e-05
4.650000000000000355e+00 1.502533764907730662e-05
4.709999999999999964e+00 1.179675269968862075e-05
4.769999999999999574e+00 1.204510538810329625e-05
4.830000000000000071e+00 9.313225815543785182e-06
4.889999999999999680e+00 5.339582800911691160e-06
4.949999999999999289e+00 4.594524735668267763e-06
5.009999999999999787e+00 2.731879572559469984e-06
5.070000000000000284e+00 2.856055916766760721e-06
5.129999999999999893e+00 2.110997851523226787e-06
5.189999999999999503e+00 9.934107536580038120e-07
5.250000000000000000e+00 1.862645163108756909e-06
5.309999999999999609e+00 9.934107536579892007e-07
5.369999999999999218e+00 1.614292474694256115e-06
5.429999999999999716e+00 3.725290326217458973e-07
5.490000000000000213e+00 2.483526884145009530e-07
5.549999999999999822e+00 8.692344094507404977e-07
5.609999999999999432e+00 4.967053768290019060e-07
5.669999999999999929e+00 1.241763442072486501e-07
5.730000000000000426e+00 2.483526884145009530e-07
5.789999999999999147e+00 2.483526884145009530e-07
5.849999999999999645e+00 1.241763442072486501e-07
5.910000000000000142e+00 0.000000000000000000e+00
5.969999999999999751e+00 0.000000000000000000e+00
