2.999999999999999889e-02 9.608219138842467866e-02
8.999999999999999667e-02 1.617764445278280505e-01
1.499999999999999944e-01 2.417278804510425705e-01
2.099999999999999922e-01 3.232070579370389107e-01
2.700000000000000178e-01 4.036555717661150511e-01
3.299999999999999600e-01 4.798889195910760463e-01
3.900000000000000133e-01 5.495765597838404570e-01
4.499999999999999556e-01 6.108231888027726431e-01
5.100000000000000089e-01 6.626999675932021550e-01
5.700000000000000622e-01 7.045089009243422629e-01
6.299999999999998934e-01 7.341829493705162024e-01
6.899999999999999467e-01 7.545528368742721037e-01
7.500000000000000000e-01 7.633642660828743320e-01
8.100000000000000533e-01 7.622171250150890920e-01
8.699999999999998845e-01 7.516743050392051817e-01
9.299999999999999378e-01 7.337837224238884515e-01
9.899999999999999911e-01 7.088510993285801476e-01
1.050000000000000044e+00 6.776460807346751380e-01
1.109999999999999876e+00 6.429189243136781418e-01
1.169999999999999929e+00 6.044417664739615281e-01
1.229999999999999982e+00 5.638000907783708993e-01
1.290000000000000036e+00 5.226962307296426635e-01
1.349999999999999867e+00 4.812620616053193690e-01
1.409999999999999920e+00 4.402038984512575692e-01
1.469999999999999973e+00 3.998470832892783156e-01
1.530000000000000027e+00 3.612905767656157119e-01
1.589999999999999858e+00 3.245423261663003545e-01
1.649999999999999911e+00 2.902542572984165847e-01
1.709999999999999964e+00 2.582851816586043681e-01
1.770000000000000018e+00 2.282525119303608629e-01
1.829999999999999849e+00 2.007822210648322891e-01
1.889999999999999902e+00 1.763800793119772725e-01
1.949999999999999956e+00 1.539810261675293723e-01
2.009999999999999787e+00 1.336949576961120600e-01
2.070000000000000284e+00 1.159006117475574055e-01
2.129999999999999893e+00 9.983194445445089937e-02
2.189999999999999947e+00 8.605718676788554067e-02
2.250000000000000000e+00 7.373330548703643794e-02
2.309999999999999609e+00 6.257146643527938812e-02
2.370000000000000107e+00 5.344835460271697702e-02
2.429999999999999716e+00 4.513251318384588900e-02
2.490000000000000213e+00 3.811468709097318164e-02
2.549999999999999822e+00 3.221854591532455347e-02
2.609999999999999876e+00 2.696551402632547598e-02
2.669999999999999929e+00 2.256048239191730739e-02
2.729999999999999538e+00 1.892782761847842596e-02
2.790000000000000036e+00 1.586588732301607088e-02
2.849999999999999645e+00 1.306484152673314039e-02
2.910000000000000142e+00 1.085301248371361126e-02
2.969999999999999751e+00 8.957708942078361491e-03
3.030000000000000249e+00 7.362042919015204280e-03
3.089999999999999858e+00 6.009141648877221013e-03
3.149999999999999911e+00 4.994248387671406872e-03
3.209999999999999964e+00 4.072735737309370746e-03
3.269999999999999574e+00 3.285457715035408795e-03
3.330000000000000071e+00 2.717599292975656118e-03
3.389999999999999680e+00 2.177680548362535481e-03
3.450000000000000178e+00 1.764421674840808843e-03
3.509999999999999787e+00 1.442184061622996203e-03
3.569999999999999840e+00 1.155212530160051139e-03
3.629999999999999893e+00 9.140620697095639584e-04
3.689999999999999503e+00 7.527569985843467638e-04
3.750000000000000000e+00 5.955497468179688078e-04
3.809999999999999609e+00 4.860262112271747739e-04
3.870000000000000107e+00 3.844499616656446095e-04
3.929999999999999716e+00 3.053496304056266871e-04
3.989999999999999769e+00 2.534439185269982283e-04
4.049999999999999822e+00 2.070019657934834688e-04
4.109999999999999432e+00 1.538544904727833266e-04
4.169999999999999929e+00 1.225620517325544075e-04
4.230000000000000426e+00 9.909272267738587596e-05
4.290000000000000036e+00 7.761021512953039799e-05
4.349999999999999645e+00 5.823870543320047488e-05
4.410000000000000142e+00 4.582107101247542120e-05
4.469999999999999751e+00 3.899137208107607348e-05
4.529999999999999361e+00 2.719461938138785083e-05
4.589999999999999858e+00 2.421438712041348301e-05
4.650000000000000355e+00 1.837809894267307105e-05
4.709999999999999964e+00 1.452863227224808947e-05
4.769999999999999574e+00 9.809931192372787194e-06
4.830000000000000071e+00 8.940696782922032826e-06
4.889999999999999680e+00 5.836288177740686395e-06
4.949999999999999289e+00 6.208817210362523454e-06
5.009999999999999787e+00 3.352761293595712758e-06
5.070000000000000284e+00 4.346172047253766757e-06
5.129999999999999893e+00 3.104408605181215987e-06
5.189999999999999503e+00 2.607703228352259715e-06
5.250000000000000000e+00 2.110997851523258127e-06
5.309999999999999609e+00 8.692344094507404977e-07
5.369999999999999218e+00 8.692344094507533090e-07
5.429999999999999716e+00 6.208817210362431975e-07
5.490000000000000213e+00 6.208817210362524090e-07
5.549999999999999822e+00 6.208817210362431975e-07
5.609999999999999432e+00 1.241763442072504765e-07
5.669999999999999929e+00 1.241763442072486501e-07
5.730000000000000426e+00 2.483526884145009530e-07
5.789999999999999147e+00 0.000000000000000000e+00
5.849999999999999645e+00 0.000000000000000000e+00
5.910000000000000142e+00 2.483526884145009530e-07
5.969999999999999751e+00 0.000000000000000000e+00
