2.999999999999999889e-02 9.582266211509704590e-02
8.999999999999999667e-02 1.615319401025772095e-01
1.499999999999999944e-01 2.413922299941380911e-01
2.099999999999999922e-01 3.227800130844116211e-01
2.700000000000000178e-01 4.034202545881271362e-01
3.299999999999999600e-01 4.802502691745758057e-01
3.900000000000000133e-01 5.491805573304494592e-01
4.499999999999999556e-01 6.112430244684219360e-01
5.100000000000000089e-01 6.623121599356327494e-01
5.700000000000000622e-01 7.044379909833279330e-01
6.299999999999998934e-01 7.349804043769843087e-01
6.899999999999999467e-01 7.541909813880913749e-01
7.500000000000000000e-01 7.632892578840249076e-01
8.100000000000000533e-01 7.623841365178433138e-01
8.699999999999998845e-01 7.523124416669216830e-01
9.299999999999999378e-01 7.338441908359520927e-01
9.899999999999999911e-01 7.089622318744652762e-01
1.050000000000000044e+00 6.780371069908136539e-01
1.109999999999999876e+00 6.432546923557935781e-01
1.169999999999999929e+00 6.043785562117889310e-01
1.229999999999999982e+00 5.647774785757059268e-01
1.290000000000000036e+00 5.227791766325647904e-01
1.349999999999999867e+00 4.812712470690405087e-01
1.409999999999999920e+00 4.400022327899928976e-01
1.469999999999999973e+00 3.997812668482458864e-01
1.530000000000000027e+00 3.614845375219977730e-01
1.589999999999999858e+00 3.245562314987191499e-01
1.649999999999999911e+00 2.902141461769737196e-01
1.709999999999999964e+00 2.577324708302813350e-01
1.770000000000000018e+00 2.282684048016872524e-01
1.829999999999999849e+00 2.008402099212008851e-01
1.889999999999999902e+00 1.761066416899361720e-01
1.949999999999999956e+00 1.534522821505863166e-01
2.009999999999999787e+00 1.337649921576180845e-01
2.070000000000000284e+00 1.158638546864190627e-01
2.129999999999999893e+00 9.994494418303162542e-02
2.189999999999999947e+00 8.590146899223383148e-02
2.250000000000000000e+00 7.346384227275841450e-02
2.309999999999999609e+00 6.280529002348576861e-02
2.370000000000000107e+00 5.337695280710851725e-02
2.429999999999999716e+00 4.528326292832688532e-02
2.490000000000000213e+00 3.818050026893612253e-02
2.549999999999999822e+00 3.220451374848681131e-02
2.609999999999999876e+00 2.698699633280453661e-02
2.669999999999999929e+00 2.255775034427640741e-02
2.729999999999999538e+00 1.886400083700814218e-02
2.790000000000000036e+00 1.572904487450916058e-02
2.849999999999999645e+00 1.305018862088520165e-02
2.910000000000000142e+00 1.081787049770354184e-02
2.969999999999999751e+00 8.980433146158846650e-03
3.030000000000000249e+00 7.400785883267714180e-03
3.089999999999999858e+00 6.007775664329523604e-03
3.149999999999999911e+00 4.959975679715507117e-03
3.209999999999999964e+00 4.061559836069739658e-03
3.269999999999999574e+00 3.299737970034278666e-03
3.330000000000000071e+00 2.716854214668271324e-03
3.389999999999999680e+00 2.183268467585243889e-03
3.450000000000000178e+00 1.770382126172382036e-03
3.509999999999999787e+00 1.419459780057270165e-03
3.569999999999999840e+00 1.151238878568021026e-03
3.629999999999999893e+00 9.447336196899405389e-04
3.689999999999999503e+00 7.445613543192538706e-04
3.750000000000000000e+00 6.042420864105219188e-04
3.809999999999999609e+00 4.885097344716385999e-04
3.870000000000000107e+00 3.925214211146033170e-04
3.929999999999999716e+00 2.996375163396196653e-04
3.989999999999999769e+00 2.432614564895645604e-04
4.049999999999999822e+00 1.995513836542748675e-04
4.109999999999999432e+00 1.553446054458628193e-04
4.169999999999999929e+00 1.255422830581654739e-04
4.230000000000000426e+00 9.685754776001040259e-05
4.290000000000000036e+00 7.500251134236590852e-05
4.349999999999999645e+00 5.786617596944210672e-05
4.410000000000000142e+00 4.656612873077423071e-05
4.469999999999999751e+00 4.122654596964484122e-05
4.529999999999999361e+00 2.992649873097757168e-05
4.589999999999999858e+00 2.309679985046367406e-05
4.650000000000000355e+00 1.726051171620698256e-05
4.709999999999999964e+00 1.552204291025784764e-05
4.769999999999999574e+00 1.030663649241136277e-05
4.830000000000000071e+00 1.005828380584723404e-05
4.889999999999999680e+00 6.084640820821076045e-06
4.949999999999999289e+00 4.594524701436390888e-06
5.009999999999999787e+00 2.856055895487443590e-06
5.070000000000000284e+00 3.352761268615744679e-06
5.129999999999999893e+00 1.986821492513004457e-06
5.189999999999999503e+00 2.359350522359227627e-06
5.250000000000000000e+00 1.241763432820646209e-06
5.309999999999999609e+00 1.241763432820627786e-06
5.369999999999999218e+00 6.208817164103231044e-07
5.429999999999999716e+00 4.967053731282511143e-07
5.490000000000000213e+00 4.967053731282584200e-07
5.549999999999999822e+00 3.725290298461883358e-07
5.609999999999999432e+00 3.725290298461938415e-07
5.669999999999999929e+00 1.241763432820627786e-07
5.730000000000000426e+00 1.241763432820646050e-07
5.789999999999999147e+00 1.241763432820646050e-07
5.849999999999999645e+00 0.000000000000000000e+00
5.910000000000000142e+00 2.483526865641292100e-07
5.969999999999999751e+00 0.000000000000000000e+00
