2.999999999999999889e-02 9.580726496234982792e-02
8.999999999999999667e-02 1.614538343855776159e-01
1.499999999999999944e-01 2.412974852420202154e-01
2.099999999999999922e-01 3.232556108876239453e-01
2.700000000000000178e-01 4.035085469745736120e-01
3.299999999999999600e-01 4.799373483653168737e-01
3.900000000000000133e-01 5.497920057410400352e-01
4.499999999999999556e-01 6.108589515899043310e-01
5.100000000000000089e-01 6.628309736363408033e-01
5.700000000000000622e-01 7.043151858273789534e-01
6.299999999999998934e-01 7.348055695603713522e-01
6.899999999999999467e-01 7.546976264916176458e-01
7.500000000000000000e-01 7.629471577426820694e-01
8.100000000000000533e-01 7.622101711398134860e-01
8.699999999999998845e-01 7.521430707385875492e-01
9.299999999999999378e-01 7.334454660622679034e-01
9.899999999999999911e-01 7.082273615516271326e-01
1.050000000000000044e+00 6.780505230877581502e-01
1.109999999999999876e+00 6.431963342666370265e-01
1.169999999999999929e+00 6.049092904099018231e-01
1.229999999999999982e+00 5.644522649381472634e-01
1.290000000000000036e+00 5.231688458956955667e-01
1.349999999999999867e+00 4.813957995280305768e-01
1.409999999999999920e+00 4.399570358789736124e-01
1.469999999999999973e+00 3.996248076331473387e-01
1.530000000000000027e+00 3.613001383441197256e-01
1.589999999999999858e+00 3.246149693276615955e-01
1.649999999999999911e+00 2.900370728723981051e-01
1.709999999999999964e+00 2.579941123077826304e-01
1.770000000000000018e+00 2.281092124291456968e-01
1.829999999999999849e+00 2.011304115339894172e-01
1.889999999999999902e+00 1.763843013076802912e-01
1.949999999999999956e+00 1.537776253157178974e-01
2.009999999999999787e+00 1.338139186338626052e-01
2.070000000000000284e+00 1.156830547925063041e-01
2.129999999999999893e+00 9.991054808033408841e-02
2.189999999999999947e+00 8.590879603655789121e-02
2.250000000000000000e+00 7.348408356421248788e-02
2.309999999999999609e+00 6.261430727403088925e-02
2.370000000000000107e+00 5.348498662425810873e-02
2.429999999999999716e+00 4.502050612137094288e-02
2.490000000000000213e+00 3.817727196845363546e-02
2.549999999999999822e+00 3.218886776905902775e-02
2.609999999999999876e+00 2.699121852957637666e-02
2.669999999999999929e+00 2.268465873612455705e-02
2.729999999999999538e+00 1.887753619907448985e-02
2.790000000000000036e+00 1.574084174439936701e-02
2.849999999999999645e+00 1.295283446425819947e-02
2.910000000000000142e+00 1.084804542994531953e-02
2.969999999999999751e+00 8.959944116274091985e-03
3.030000000000000249e+00 7.377689138385317737e-03
3.089999999999999858e+00 6.091346388742419418e-03
3.149999999999999911e+00 4.955132839246123230e-03
3.209999999999999964e+00 4.143267900819088551e-03
3.269999999999999574e+00 3.348166768860069437e-03
3.330000000000000071e+00 2.721697112334495357e-03
3.389999999999999680e+00 2.134343004234205352e-03
3.450000000000000178e+00 1.734619352231068926e-03
3.509999999999999787e+00 1.419211437944655234e-03
3.569999999999999840e+00 1.152853179620113395e-03
3.629999999999999893e+00 9.333094030616876551e-04
3.689999999999999503e+00 7.578482286968439997e-04
3.750000000000000000e+00 5.931903962780311727e-04
3.809999999999999609e+00 4.631777638930408372e-04
3.870000000000000107e+00 3.823389638141213654e-04
3.929999999999999716e+00 3.173947357937298495e-04
3.989999999999999769e+00 2.389152862547499101e-04
4.049999999999999822e+00 2.005447958947065409e-04
4.109999999999999432e+00 1.457830280993120719e-04
4.169999999999999929e+00 1.243005205514558756e-04
4.230000000000000426e+00 9.760260654689886654e-05
4.290000000000000036e+00 7.711350975270139937e-05
4.349999999999999645e+00 6.233652479203973386e-05
4.410000000000000142e+00 4.830459789662043464e-05
4.469999999999999751e+00 3.414849465699337756e-05
4.529999999999999361e+00 2.793967744663135555e-05
4.589999999999999858e+00 2.421438712041348301e-05
4.650000000000000355e+00 1.961986238474557439e-05
4.709999999999999964e+00 1.490116130486983505e-05
4.769999999999999574e+00 1.080334194603079122e-05
4.830000000000000071e+00 9.437402159751036532e-06
4.889999999999999680e+00 6.457169898776928746e-06
4.949999999999999289e+00 3.973643014632015248e-06
5.009999999999999787e+00 4.097819358839204765e-06
5.070000000000000284e+00 3.973643014632015248e-06
5.129999999999999893e+00 1.862645163108729381e-06
5.189999999999999503e+00 1.738468818901506618e-06
5.250000000000000000e+00 1.862645163108756909e-06
5.309999999999999609e+00 4.967053768289946003e-07
5.369999999999999218e+00 2.483526884145009530e-07
5.429999999999999716e+00 3.725290326217458973e-07
5.490000000000000213e+00 3.725290326217514030e-07
5.549999999999999822e+00 6.208817210362431975e-07
5.609999999999999432e+00 2.483526884145009530e-07
5.669999999999999929e+00 3.725290326217458973e-07
5.730000000000000426e+00 2.483526884145009530e-07
5.789999999999999147e+00 1.241763442072504765e-07
5.849999999999999645e+00 0.000000000000000000e+00
5.910000000000000142e+00 1.241763442072504765e-07
5.969999999999999751e+00 1.241763442072486501e-07
