2.999999999999999889e-02 9.617855151494345001e-02
8.999999999999999667e-02 1.618056247631708966e-01
1.499999999999999944e-01 2.417764316002528058e-01
2.099999999999999922e-01 3.237986316283544275e-01
2.700000000000000178e-01 4.038717597723007202e-01
3.299999999999999600e-01 4.796391973892847882e-01
3.900000000000000133e-01 5.489435046911239624e-01
4.499999999999999556e-01 6.109945476055145264e-01
5.100000000000000089e-01 6.627646585305525528e-01
5.700000000000000622e-01 7.040125628312435824e-01
6.299999999999998934e-01 7.347576320171362863e-01
6.899999999999999467e-01 7.545755555232359635e-01
7.500000000000000000e-01 7.629288981358203214e-01
8.100000000000000533e-01 7.617833713690447262e-01
8.699999999999998845e-01 7.517946263154354769e-01
9.299999999999999378e-01 7.338302830855044645e-01
9.899999999999999911e-01 7.082697004079812064e-01
1.050000000000000044e+00 6.781091292699171769e-01
1.109999999999999876e+00 6.427867958943067617e-01
1.169999999999999929e+00 6.045096864302947903e-01
1.229999999999999982e+00 5.645358314116790677e-01
1.290000000000000036e+00 5.227482567230875565e-01
1.349999999999999867e+00 4.810313383738195614e-01
1.409999999999999920e+00 4.399557908376053872e-01
1.469999999999999973e+00 3.996867686510082729e-01
1.530000000000000027e+00 3.611888736486431606e-01
1.589999999999999858e+00 3.250164290269225154e-01
1.649999999999999911e+00 2.897821366786954012e-01
1.709999999999999964e+00 2.583857625722882911e-01
1.770000000000000018e+00 2.284139394760138220e-01
1.829999999999999849e+00 2.011949817339577506e-01
1.889999999999999902e+00 1.762955139080681910e-01
1.949999999999999956e+00 1.536888380845386481e-01
2.009999999999999787e+00 1.337805142005283332e-01
2.070000000000000284e+00 1.158679525057473708e-01
2.129999999999999893e+00 1.000543435414631283e-01
2.189999999999999947e+00 8.581963678201096068e-02
2.250000000000000000e+00 7.359820107618961216e-02
2.309999999999999609e+00 6.282404065132135562e-02
2.370000000000000107e+00 5.334777136643722995e-02
2.429999999999999716e+00 4.519820213317866930e-02
2.490000000000000213e+00 3.822507957617438112e-02
2.549999999999999822e+00 3.208691875139869226e-02
2.609999999999999876e+00 2.701096236705797723e-02
2.669999999999999929e+00 2.269210914770760160e-02
2.729999999999999538e+00 1.891305049260455506e-02
2.790000000000000036e+00 1.572159429391223676e-02
2.849999999999999645e+00 1.307117442289987101e-02
2.910000000000000142e+00 1.080830891927082350e-02
2.969999999999999751e+00 8.948519825935355096e-03
3.030000000000000249e+00 7.349376877148939766e-03
3.089999999999999858e+00 6.048132975896194051e-03
3.149999999999999911e+00 4.952649275461865064e-03
3.209999999999999964e+00 4.043678442637122471e-03
3.269999999999999574e+00 3.319854537645973002e-03
3.330000000000000071e+00 2.718220154444374315e-03
3.389999999999999680e+00 2.183516820271807872e-03
3.450000000000000178e+00 1.788884401321409615e-03
3.509999999999999787e+00 1.442059874534605633e-03
3.569999999999999840e+00 1.170982917149869388e-03
3.629999999999999893e+00 9.251137574513744943e-04
3.689999999999999503e+00 7.600833972295118098e-04
3.750000000000000000e+00 6.041179100672398189e-04
3.809999999999999609e+00 4.849086205164587315e-04
3.870000000000000107e+00 3.834565480550126775e-04
3.929999999999999716e+00 3.130485614140825559e-04
3.989999999999999769e+00 2.349416414896662495e-04
4.049999999999999822e+00 1.912315686543766650e-04
4.109999999999999432e+00 1.588215430577606419e-04
4.169999999999999929e+00 1.185884078343699507e-04
4.230000000000000426e+00 1.017004251480109180e-04
4.290000000000000036e+00 7.773439089457129410e-05
4.349999999999999645e+00 5.724529425303178320e-05
4.410000000000000142e+00 4.656612873077423071e-05
4.469999999999999751e+00 3.563861052195201756e-05
4.529999999999999361e+00 2.669791380564389137e-05
4.589999999999999858e+00 2.359350522359192814e-05
4.650000000000000355e+00 1.887480417887382102e-05
4.709999999999999964e+00 1.266598701477040278e-05
4.769999999999999574e+00 1.117587089538581503e-05
4.830000000000000071e+00 9.064873059590717409e-06
4.889999999999999680e+00 7.078051567077578273e-06
4.949999999999999289e+00 5.587935447692907516e-06
5.009999999999999787e+00 3.725290298461883146e-06
5.070000000000000284e+00 3.601113955179873836e-06
5.129999999999999893e+00 2.359350522359192475e-06
5.189999999999999503e+00 1.490116119384775366e-06
5.250000000000000000e+00 1.117587089538581419e-06
5.309999999999999609e+00 1.490116119384753343e-06
5.369999999999999218e+00 4.967053731282584200e-07
5.429999999999999716e+00 8.692344029744394501e-07
5.490000000000000213e+00 6.208817164103231044e-07
5.549999999999999822e+00 9.934107462565022287e-07
5.609999999999999432e+00 1.241763432820646050e-07
5.669999999999999929e+00 1.241763432820627786e-07
5.730000000000000426e+00 1.241763432820646050e-07
5.789999999999999147e+00 1.241763432820646050e-07
5.849999999999999645e+00 0.000000000000000000e+00
5.910000000000000142e+00 1.241763432820646050e-07
5.969999999999999751e+00 0.000000000000000000e+00
