2.999999999999999889e-02 9.655182632221649686e-02
8.999999999999999667e-02 1.618453623988630741e-01
1.499999999999999944e-01 2.415382631734381003e-01
2.099999999999999922e-01 3.233989103888391115e-01
2.700000000000000178e-01 4.039790511427748809e-01
3.299999999999999600e-01 4.799825485546083681e-01
3.900000000000000133e-01 5.502591571479477084e-01
4.499999999999999556e-01 6.107089465661020844e-01
5.100000000000000089e-01 6.632946481056106736e-01
5.700000000000000622e-01 7.043580266661304545e-01
6.299999999999998934e-01 7.339523538993233398e-01
6.899999999999999467e-01 7.539150671704236695e-01
7.500000000000000000e-01 7.628674365297010151e-01
8.100000000000000533e-01 7.617897100383277387e-01
8.699999999999998845e-01 7.519277489577321782e-01
9.299999999999999378e-01 7.333524579804566734e-01
9.899999999999999911e-01 7.082402758914245755e-01
1.050000000000000044e+00 6.778574288725158770e-01
1.109999999999999876e+00 6.429878421847131653e-01
1.169999999999999929e+00 6.043791815964810743e-01
1.229999999999999982e+00 5.646205238845481977e-01
1.290000000000000036e+00 5.224591780885511350e-01
1.349999999999999867e+00 4.811355259105722371e-01
1.409999999999999920e+00 4.398543420423141614e-01
1.469999999999999973e+00 3.999733706313370885e-01
1.530000000000000027e+00 3.608057923178306647e-01
1.589999999999999858e+00 3.247153038137809977e-01
1.649999999999999911e+00 2.900699796036130262e-01
1.709999999999999964e+00 2.578629820882997747e-01
1.770000000000000018e+00 2.282533811647703137e-01
1.829999999999999849e+00 2.011727556673640893e-01
1.889999999999999902e+00 1.766206088907067151e-01
1.949999999999999956e+00 1.538455497759992630e-01
2.009999999999999787e+00 1.335835715153581571e-01
2.070000000000000284e+00 1.157864936872309430e-01
2.129999999999999893e+00 1.001047598826742269e-01
2.189999999999999947e+00 8.596405450973010343e-02
2.250000000000000000e+00 7.351934964596733291e-02
2.309999999999999609e+00 6.296423621200691878e-02
2.370000000000000107e+00 5.340836981988223570e-02
2.429999999999999716e+00 4.515548580752423019e-02
2.490000000000000213e+00 3.824196784378560560e-02
2.549999999999999822e+00 3.241735224240036017e-02
2.609999999999999876e+00 2.710508823721442806e-02
2.669999999999999929e+00 2.252310531231092178e-02
2.729999999999999538e+00 1.895787829377658384e-02
2.790000000000000036e+00 1.575661214011368771e-02
2.849999999999999645e+00 1.307390639986026788e-02
2.910000000000000142e+00 1.086605099985537247e-02
2.969999999999999751e+00 8.964662817353967472e-03
3.030000000000000249e+00 7.353474751264904054e-03
3.089999999999999858e+00 6.112828896290273609e-03
3.149999999999999911e+00 4.955257015590330480e-03
3.209999999999999964e+00 4.026542137264274741e-03
3.269999999999999574e+00 3.294646764506744836e-03
3.330000000000000071e+00 2.698351959623532855e-03
3.389999999999999680e+00 2.188732242996980701e-03
3.450000000000000178e+00 1.769016199576477081e-03
3.509999999999999787e+00 1.445660999260799410e-03
3.569999999999999840e+00 1.150245476391761152e-03
3.629999999999999893e+00 9.492039751202155026e-04
3.689999999999999503e+00 7.378558372794768051e-04
3.750000000000000000e+00 6.145487274816780051e-04
3.809999999999999609e+00 4.979471402710706866e-04
3.870000000000000107e+00 3.889203100571055971e-04
3.929999999999999716e+00 3.135452691233051644e-04
3.989999999999999769e+00 2.438823400230399235e-04
4.049999999999999822e+00 1.955777421264165818e-04
4.109999999999999432e+00 1.663963012377156232e-04
4.169999999999999929e+00 1.254181076493211225e-04
4.230000000000000426e+00 1.007070151520801350e-04
4.290000000000000036e+00 8.394320868410007623e-05
4.349999999999999645e+00 6.618599146246450030e-05
4.410000000000000142e+00 4.669030542192618234e-05
4.469999999999999751e+00 3.911554842528331636e-05
4.529999999999999361e+00 2.744297206980235353e-05
4.589999999999999858e+00 2.284844733413374696e-05
4.650000000000000355e+00 1.812974625425857174e-05
4.709999999999999964e+00 1.514951399328433266e-05
4.769999999999999574e+00 9.437402159751036532e-06
4.830000000000000071e+00 9.064873127129285870e-06
4.889999999999999680e+00 6.705522587191425516e-06
4.949999999999999289e+00 5.215406456704519431e-06
5.009999999999999787e+00 3.725290326217458761e-06
5.070000000000000284e+00 2.856055916766760721e-06
5.129999999999999893e+00 3.104408605181215987e-06
5.189999999999999503e+00 1.365939786279755321e-06
5.250000000000000000e+00 1.365939786279755321e-06
5.309999999999999609e+00 1.241763442072486395e-06
5.369999999999999218e+00 1.614292474694256115e-06
5.429999999999999716e+00 1.241763442072486395e-06
5.490000000000000213e+00 8.692344094507533090e-07
5.549999999999999822e+00 4.967053768289946003e-07
5.609999999999999432e+00 3.725290326217514030e-07
5.669999999999999929e+00 0.000000000000000000e+00
5.730000000000000426e+00 4.967053768290019060e-07
5.789999999999999147e+00 2.483526884145009530e-07
5.849999999999999645e+00 0.000000000000000000e+00
5.910000000000000142e+00 1.241763442072504765e-07
5.969999999999999751e+00 3.725290326217458973e-07
