2.999999999999999889e-02 9.609982586130109972e-02
8.999999999999999667e-02 1.619366344248993062e-01
1.499999999999999944e-01 2.416566068304316639e-01
2.099999999999999922e-01 3.230776710006074137e-01
2.700000000000000178e-01 4.035682818097734437e-01
3.299999999999999600e-01 4.799117751896530004e-01
3.900000000000000133e-01 5.499517047146095239e-01
4.499999999999999556e-01 6.112051643452209859e-01
5.100000000000000089e-01 6.628946859788197310e-01
5.700000000000000622e-01 7.041608451243437372e-01
6.299999999999998934e-01 7.343893413978426210e-01
6.899999999999999467e-01 7.538729826233202536e-01
7.500000000000000000e-01 7.631228786411524689e-01
8.100000000000000533e-01 7.623557171752098904e-01
8.699999999999998845e-01 7.518120278078033181e-01
9.299999999999999378e-01 7.333491161469165576e-01
9.899999999999999911e-01 7.089226354666140484e-01
1.050000000000000044e+00 6.780204825157525317e-01
1.109999999999999876e+00 6.426563009220049860e-01
1.169999999999999929e+00 6.044766690340881432e-01
1.229999999999999982e+00 5.642401801500753766e-01
1.290000000000000036e+00 5.229227361736327184e-01
1.349999999999999867e+00 4.813727099010204347e-01
1.409999999999999920e+00 4.402384260350110101e-01
1.469999999999999973e+00 3.994342028968227432e-01
1.530000000000000027e+00 3.614864082469978479e-01
1.589999999999999858e+00 3.246251566251783793e-01
1.649999999999999911e+00 2.901083544169244521e-01
1.709999999999999964e+00 2.578092175729146951e-01
1.770000000000000018e+00 2.283008199302048458e-01
1.829999999999999849e+00 2.010079766538533652e-01
1.889999999999999902e+00 1.762161691634492600e-01
1.949999999999999956e+00 1.537034943285867372e-01
2.009999999999999787e+00 1.336846530515994336e-01
2.070000000000000284e+00 1.158842221969315356e-01
2.129999999999999893e+00 9.997959161752534296e-02
2.189999999999999947e+00 8.589873903266806443e-02
2.250000000000000000e+00 7.361161376661186362e-02
2.309999999999999609e+00 6.278939685499804191e-02
2.370000000000000107e+00 5.327823380506060275e-02
2.429999999999999716e+00 4.514095784790467247e-02
2.490000000000000213e+00 3.828282243148830449e-02
2.549999999999999822e+00 3.209461840205280608e-02
2.609999999999999876e+00 2.714246572127506849e-02
2.669999999999999929e+00 2.276624293351217632e-02
2.729999999999999538e+00 1.884897592077845740e-02
2.790000000000000036e+00 1.576642230624406352e-02
2.849999999999999645e+00 1.312345295675365099e-02
2.910000000000000142e+00 1.080023769836161406e-02
2.969999999999999751e+00 8.909031947904041265e-03
3.030000000000000249e+00 7.339815462773880382e-03
3.089999999999999858e+00 6.080046432019313093e-03
3.149999999999999911e+00 4.974752775760461765e-03
3.209999999999999964e+00 4.058579694547295204e-03
3.269999999999999574e+00 3.332396422802325758e-03
3.330000000000000071e+00 2.715860864626235688e-03
3.389999999999999680e+00 2.171347587163566586e-03
3.450000000000000178e+00 1.789753675728495991e-03
3.509999999999999787e+00 1.448392900416094935e-03
3.569999999999999840e+00 1.165519184096842431e-03
3.629999999999999893e+00 9.298324792794683373e-04
3.689999999999999503e+00 7.535020678776460732e-04
3.750000000000000000e+00 6.061047451072496591e-04
3.809999999999999609e+00 4.955877971159666816e-04
3.870000000000000107e+00 3.839532620101651118e-04
3.929999999999999716e+00 3.137936264876090594e-04
3.989999999999999769e+00 2.425164038505362037e-04
4.049999999999999822e+00 2.036492075344974553e-04
4.109999999999999432e+00 1.545995508417396819e-04
4.169999999999999929e+00 1.265356966327151847e-04
4.230000000000000426e+00 1.025696618435959737e-04
4.290000000000000036e+00 8.183221205197184619e-05
4.349999999999999645e+00 6.072223322217726695e-05
4.410000000000000142e+00 5.215406534420133865e-05
4.469999999999999751e+00 3.911554900815042462e-05
4.529999999999999361e+00 2.707044344056164814e-05
4.589999999999999858e+00 2.433856382729359980e-05
4.650000000000000355e+00 1.663963037172137905e-05
4.709999999999999964e+00 1.577039594931779008e-05
4.769999999999999574e+00 1.142422383730124451e-05
4.830000000000000071e+00 9.064873262206424485e-06
4.889999999999999680e+00 6.953875379226742436e-06
4.949999999999999289e+00 5.463759226535378399e-06
5.009999999999999787e+00 3.476937689613371218e-06
5.070000000000000284e+00 2.483526921152444919e-06
5.129999999999999893e+00 2.235174229037167181e-06
5.189999999999999503e+00 2.607703267210066848e-06
5.250000000000000000e+00 2.483526921152444919e-06
5.309999999999999609e+00 1.862645190864305843e-06
5.369999999999999218e+00 7.450580763457334758e-07
5.429999999999999716e+00 3.725290381728612322e-07
5.490000000000000213e+00 4.967053842304888780e-07
5.549999999999999822e+00 1.241763460576203931e-07
5.609999999999999432e+00 3.725290381728667379e-07
5.669999999999999929e+00 4.967053842304815724e-07
5.730000000000000426e+00 0.000000000000000000e+00
5.789999999999999147e+00 2.483526921152444390e-07
5.849999999999999645e+00 0.000000000000000000e+00
5.910000000000000142e+00 1.241763460576222195e-07
5.969999999999999751e+00 0.000000000000000000e+00
