2.999999999999999889e-02 9.627814309423984862e-02
8.999999999999999667e-02 1.619738873287165926e-01
1.499999999999999944e-01 2.414553169734722782e-01
2.099999999999999922e-01 3.233519765490487363e-01
2.700000000000000178e-01 4.038737556210751922e-01
3.299999999999999600e-01 4.802170006482626152e-01
3.900000000000000133e-01 5.495191985012908287e-01
4.499999999999999556e-01 6.111387300000801215e-01
5.100000000000000089e-01 6.623378792430973938e-01
5.700000000000000622e-01 7.039867498871709151e-01
6.299999999999998934e-01 7.350155627110112055e-01
6.899999999999999467e-01 7.543572703729449769e-01
7.500000000000000000e-01 7.630004407639395803e-01
8.100000000000000533e-01 7.613656591680924013e-01
8.699999999999998845e-01 7.521646886306069257e-01
9.299999999999999378e-01 7.339675143502835120e-01
9.899999999999999911e-01 7.084254333769992584e-01
1.050000000000000044e+00 6.775458805211203028e-01
1.109999999999999876e+00 6.428400819141703026e-01
1.169999999999999929e+00 6.043213244251700589e-01
1.229999999999999982e+00 5.638153728702122169e-01
1.290000000000000036e+00 5.226090667234911669e-01
1.349999999999999867e+00 4.813874868862013101e-01
1.409999999999999920e+00 4.404454280038890834e-01
1.469999999999999973e+00 3.997263898390963077e-01
1.530000000000000027e+00 3.610398701065746230e-01
1.589999999999999858e+00 3.245201034364136317e-01
1.649999999999999911e+00 2.905498013271592961e-01
1.709999999999999964e+00 2.581290958403591462e-01
1.770000000000000018e+00 2.282880297665609015e-01
1.829999999999999849e+00 2.009313598483358221e-01
1.889999999999999902e+00 1.763620763700669558e-01
1.949999999999999956e+00 1.542842670990982323e-01
2.009999999999999787e+00 1.337656160292289842e-01
2.070000000000000284e+00 1.159542576561080340e-01
2.129999999999999893e+00 9.991129462719365584e-02
2.189999999999999947e+00 8.567422819899588038e-02
2.250000000000000000e+00 7.340436344504169819e-02
2.309999999999999609e+00 6.274407248868700548e-02
2.370000000000000107e+00 5.346040050472712635e-02
2.429999999999999716e+00 4.521881641688280107e-02
2.490000000000000213e+00 3.819850669251518421e-02
2.549999999999999822e+00 3.213671418336633973e-02
2.609999999999999876e+00 2.709043583227692398e-02
2.669999999999999929e+00 2.262195001939322145e-02
2.729999999999999538e+00 1.899525565643433306e-02
2.790000000000000036e+00 1.577598388489049805e-02
2.849999999999999645e+00 1.305813619872734331e-02
2.910000000000000142e+00 1.086443686927340314e-02
2.969999999999999751e+00 8.947526615181904466e-03
3.030000000000000249e+00 7.317339544137451204e-03
3.089999999999999858e+00 6.057818866074997713e-03
3.149999999999999911e+00 4.980589064025170258e-03
3.209999999999999964e+00 4.063795101081715301e-03
3.269999999999999574e+00 3.314266676277913184e-03
3.330000000000000071e+00 2.711017987129988455e-03
3.389999999999999680e+00 2.210463136171717316e-03
3.450000000000000178e+00 1.747906247107077664e-03
3.509999999999999787e+00 1.429393919469278866e-03
3.569999999999999840e+00 1.151487256992331145e-03
3.629999999999999893e+00 9.280940104346616744e-04
3.689999999999999503e+00 7.400910225034229659e-04
3.750000000000000000e+00 6.170322635603203753e-04
3.809999999999999609e+00 4.736085838637677002e-04
3.870000000000000107e+00 3.817180877811279273e-04
3.929999999999999716e+00 3.195057384062596241e-04
3.989999999999999769e+00 2.498428082679359364e-04
4.049999999999999822e+00 1.948326869644064017e-04
4.109999999999999432e+00 1.531094346890482256e-04
4.169999999999999929e+00 1.235554643273322991e-04
4.230000000000000426e+00 9.400149396562003184e-05
4.290000000000000036e+00 7.872780340053133017e-05
4.349999999999999645e+00 6.357828918150257639e-05
4.410000000000000142e+00 5.004306746122176417e-05
4.469999999999999751e+00 3.688037477911326040e-05
4.529999999999999361e+00 2.744297247873451223e-05
4.589999999999999858e+00 2.210338959825642880e-05
4.650000000000000355e+00 1.850227556258571306e-05
4.709999999999999964e+00 1.365939806633824271e-05
4.769999999999999574e+00 1.303851633605033466e-05
4.830000000000000071e+00 9.685754992494534127e-06
4.889999999999999680e+00 5.712111918650537553e-06
4.949999999999999289e+00 4.967053842304889839e-06
5.009999999999999787e+00 3.973643073843852579e-06
5.070000000000000284e+00 3.601114035671044816e-06
5.129999999999999893e+00 2.483526921152408074e-06
5.189999999999999503e+00 1.490116152691466952e-06
5.250000000000000000e+00 8.692344224033556159e-07
5.309999999999999609e+00 3.725290381728612322e-07
5.369999999999999218e+00 7.450580763457334758e-07
5.429999999999999716e+00 9.934107684609631447e-07
5.490000000000000213e+00 1.241763460576222195e-07
5.549999999999999822e+00 2.483526921152407862e-07
5.609999999999999432e+00 2.483526921152444390e-07
5.669999999999999929e+00 1.241763460576203931e-07
5.730000000000000426e+00 1.241763460576222195e-07
5.789999999999999147e+00 0.000000000000000000e+00
5.849999999999999645e+00 3.725290381728612322e-07
5.910000000000000142e+00 2.483526921152444390e-07
5.969999999999999751e+00 0.000000000000000000e+00
