2.999999999999999889e-02 9.637872808877902264e-02
8.999999999999999667e-02 1.619720283038827702e-01
1.499999999999999944e-01 2.419583607595426067e-01
2.099999999999999922e-01 3.235877946629631685e-01
2.700000000000000178e-01 4.035425863260194146e-01
3.299999999999999600e-01 4.801662232552767473e-01
3.900000000000000133e-01 5.492413041153140218e-01
4.499999999999999556e-01 6.112321242744184202e-01
5.100000000000000089e-01 6.625718422887050263e-01
5.700000000000000622e-01 7.039207038049224430e-01
6.299999999999998934e-01 7.346948316308539173e-01
6.899999999999999467e-01 7.545577078611614974e-01
7.500000000000000000e-01 7.632087015553224996e-01
8.100000000000000533e-01 7.619633369528759914e-01
8.699999999999998845e-01 7.513707218683592926e-01
9.299999999999999378e-01 7.333512435364775151e-01
9.899999999999999911e-01 7.084922560872146668e-01
1.050000000000000044e+00 6.776064937236822017e-01
1.109999999999999876e+00 6.426337151910057610e-01
1.169999999999999929e+00 6.043534996071526777e-01
1.229999999999999982e+00 5.641941233364095032e-01
1.290000000000000036e+00 5.232447371343916798e-01
1.349999999999999867e+00 4.814802573786289841e-01
1.409999999999999920e+00 4.397719053325408467e-01
1.469999999999999973e+00 3.997712264356064749e-01
1.530000000000000027e+00 3.610592496868629264e-01
1.589999999999999858e+00 3.244762764388654519e-01
1.649999999999999911e+00 2.902115514472320967e-01
1.709999999999999964e+00 2.579464382008607171e-01
1.770000000000000018e+00 2.281165473314575864e-01
1.829999999999999849e+00 2.013839871309988094e-01
1.889999999999999902e+00 1.761950631228861031e-01
1.949999999999999956e+00 1.539153426152371218e-01
2.009999999999999787e+00 1.338161587930987717e-01
2.070000000000000284e+00 1.158122025048226311e-01
2.129999999999999893e+00 9.995612452231397715e-02
2.189999999999999947e+00 8.593413121207203742e-02
2.250000000000000000e+00 7.363508474188919239e-02
2.309999999999999609e+00 6.281410935186829136e-02
2.370000000000000107e+00 5.347083251296223111e-02
2.429999999999999716e+00 4.528922541739056895e-02
2.490000000000000213e+00 3.820757241978319646e-02
2.549999999999999822e+00 3.214416548260790041e-02
2.609999999999999876e+00 2.703194937749495153e-02
2.669999999999999929e+00 2.269223433847280744e-02
2.729999999999999538e+00 1.888225560357320934e-02
2.790000000000000036e+00 1.571749717721080547e-02
2.849999999999999645e+00 1.309476851350523108e-02
2.910000000000000142e+00 1.092292417241292994e-02
2.969999999999999751e+00 8.910398086873596787e-03
3.030000000000000249e+00 7.409726911224628031e-03
3.089999999999999858e+00 6.061668468291635595e-03
3.149999999999999911e+00 4.979968293605849250e-03
3.209999999999999964e+00 4.091486517704416744e-03
3.269999999999999574e+00 3.356238356263163605e-03
3.330000000000000071e+00 2.678732197029338666e-03
3.389999999999999680e+00 2.199411490533267292e-03
3.450000000000000178e+00 1.758585452175481746e-03
3.509999999999999787e+00 1.413375202419244045e-03
3.569999999999999840e+00 1.155833454939239266e-03
3.629999999999999893e+00 9.359171411556705712e-04
3.689999999999999503e+00 7.419536842782449093e-04
3.750000000000000000e+00 6.128102814917386464e-04
3.809999999999999609e+00 4.746020052404103400e-04
3.870000000000000107e+00 3.894170299408495251e-04
3.929999999999999716e+00 3.041078782924554950e-04
3.989999999999999769e+00 2.436339964106991383e-04
4.049999999999999822e+00 2.032766830399126176e-04
4.109999999999999432e+00 1.626710169714657653e-04
4.169999999999999929e+00 1.274049339028407641e-04
4.230000000000000426e+00 1.074125417407006874e-04
4.290000000000000036e+00 8.071462674156579091e-05
4.349999999999999645e+00 5.910794204459366758e-05
4.410000000000000142e+00 4.855295239377336859e-05
4.469999999999999751e+00 3.812213909178568835e-05
4.529999999999999361e+00 3.029902911529591751e-05
4.589999999999999858e+00 2.024074485980803832e-05
4.650000000000000355e+00 1.837809962731063904e-05
4.709999999999999964e+00 1.490116185998137785e-05
4.769999999999999574e+00 1.030663695315393832e-05
4.830000000000000071e+00 6.208817441658999059e-06
4.889999999999999680e+00 6.581346488158441814e-06
4.949999999999999289e+00 3.352761418495859780e-06
5.009999999999999787e+00 4.594524906827591151e-06
5.070000000000000284e+00 2.607703325496779452e-06
5.129999999999999893e+00 3.228585069662631585e-06
5.189999999999999503e+00 1.614292534831339721e-06
5.250000000000000000e+00 1.862645232497699760e-06
5.309999999999999609e+00 8.692344418322470060e-07
5.369999999999999218e+00 1.117587139498619856e-06
5.429999999999999716e+00 6.208817441658907791e-07
5.490000000000000213e+00 6.208817441658999906e-07
5.549999999999999822e+00 7.450580929990688926e-07
5.609999999999999432e+00 2.483526976663599327e-07
5.669999999999999929e+00 3.725290464995344463e-07
5.730000000000000426e+00 0.000000000000000000e+00
5.789999999999999147e+00 2.483526976663599327e-07
5.849999999999999645e+00 2.483526976663562799e-07
5.910000000000000142e+00 0.000000000000000000e+00
5.969999999999999751e+00 1.241763488331781399e-07
