2.999999999999999889e-02 9.594919780890147354e-02
8.999999999999999667e-02 1.617516080538431988e-01
1.499999999999999944e-01 2.410914748907089233e-01
2.099999999999999922e-01 3.231355299552282068e-01
2.700000000000000178e-01 4.035306473573049280e-01
3.299999999999999600e-01 4.802069316307703839e-01
3.900000000000000133e-01 5.496863275766372681e-01
4.499999999999999556e-01 6.110087037086486816e-01
5.100000000000000089e-01 6.626386195421213321e-01
5.700000000000000622e-01 7.040215035279598910e-01
6.299999999999998934e-01 7.349368184804923043e-01
6.899999999999999467e-01 7.546714196602496427e-01
7.500000000000000000e-01 7.631596177816384330e-01
8.100000000000000533e-01 7.621977478265770101e-01
8.699999999999998845e-01 7.524246970812487056e-01
9.299999999999999378e-01 7.337032506863269132e-01
9.899999999999999911e-01 7.085991402467085587e-01
1.050000000000000044e+00 6.776275734106693704e-01
1.109999999999999876e+00 6.422682354847608632e-01
1.169999999999999929e+00 6.045944988727564029e-01
1.229999999999999982e+00 5.643623570601140615e-01
1.290000000000000036e+00 5.228651066621159416e-01
1.349999999999999867e+00 4.813070098559057430e-01
1.409999999999999920e+00 4.404075443744655538e-01
1.469999999999999973e+00 3.995817154645916469e-01
1.530000000000000027e+00 3.614123910665508754e-01
1.589999999999999858e+00 3.244552761316308320e-01
1.649999999999999911e+00 2.902477979660031404e-01
1.709999999999999964e+00 2.581956485907234700e-01
1.770000000000000018e+00 2.284562836090729965e-01
1.829999999999999849e+00 2.011112868785856489e-01
1.889999999999999902e+00 1.759666949510572675e-01
1.949999999999999956e+00 1.538379738728203883e-01
2.009999999999999787e+00 1.336893687645593076e-01
2.070000000000000284e+00 1.159857958555220586e-01
2.129999999999999893e+00 9.998691578706096761e-02
2.189999999999999947e+00 8.564467231432652816e-02
2.250000000000000000e+00 7.356591522693627094e-02
2.309999999999999609e+00 6.267825762430821734e-02
2.370000000000000107e+00 5.328394472599024684e-02
2.429999999999999716e+00 4.521893958250677859e-02
2.490000000000000213e+00 3.820694983005520212e-02
2.549999999999999822e+00 3.225939969221747888e-02
2.609999999999999876e+00 2.707118789354977587e-02
2.669999999999999929e+00 2.262704074382779901e-02
2.729999999999999538e+00 1.895787815252938241e-02
2.790000000000000036e+00 1.569675902525582631e-02
2.849999999999999645e+00 1.303690175215402140e-02
2.910000000000000142e+00 1.077552636464435866e-02
2.969999999999999751e+00 8.934115370114636273e-03
3.030000000000000249e+00 7.369865973790480293e-03
3.089999999999999858e+00 6.034597754478449386e-03
3.149999999999999911e+00 4.961217443148327466e-03
3.209999999999999964e+00 4.067147771517432529e-03
3.269999999999999574e+00 3.329416116078691770e-03
3.330000000000000071e+00 2.696240941683449022e-03
3.389999999999999680e+00 2.158681551615395256e-03
3.450000000000000178e+00 1.766781012217202114e-03
3.509999999999999787e+00 1.428897182146706942e-03
3.569999999999999840e+00 1.178806026776639407e-03
3.629999999999999893e+00 9.376555681228629022e-04
3.689999999999999503e+00 7.623185714085889582e-04
3.750000000000000000e+00 6.025036176045730617e-04
3.809999999999999609e+00 4.737327496210729893e-04
3.870000000000000107e+00 3.794829050699866178e-04
3.929999999999999716e+00 3.113100926081336988e-04
3.989999999999999769e+00 2.461175123850520459e-04
4.049999999999999822e+00 2.001722653706851775e-04
4.109999999999999432e+00 1.580764849980682591e-04
4.169999999999999929e+00 1.218169927597035734e-04
4.230000000000000426e+00 9.524325529734355058e-05
4.290000000000000036e+00 6.941457589467309164e-05
4.349999999999999645e+00 5.898376305898068772e-05
4.410000000000000142e+00 5.116065343221062075e-05
4.469999999999999751e+00 3.886719544728564705e-05
4.529999999999999361e+00 2.942979335784931422e-05
4.589999999999999858e+00 2.421438694000224151e-05
4.650000000000000355e+00 1.825392246246349749e-05
4.709999999999999964e+00 1.527369022369372230e-05
4.769999999999999574e+00 1.080334186553962193e-05
4.830000000000000071e+00 1.018246014912929840e-05
4.889999999999999680e+00 6.332993507385201390e-06
4.949999999999999289e+00 5.960464477539101464e-06
5.009999999999999787e+00 3.973642985026008915e-06
5.070000000000000284e+00 3.476937611897809046e-06
5.129999999999999893e+00 1.986821492513004457e-06
5.189999999999999503e+00 1.862645149230969101e-06
5.250000000000000000e+00 1.241763432820646209e-06
5.309999999999999609e+00 9.934107462565022287e-07
5.369999999999999218e+00 6.208817164103231044e-07
5.429999999999999716e+00 9.934107462565022287e-07
5.490000000000000213e+00 8.692344029744522615e-07
5.549999999999999822e+00 1.241763432820627786e-07
5.609999999999999432e+00 1.241763432820646050e-07
5.669999999999999929e+00 2.483526865641255572e-07
5.730000000000000426e+00 4.967053731282584200e-07
5.789999999999999147e+00 2.483526865641292100e-07
5.849999999999999645e+00 2.483526865641255572e-07
5.910000000000000142e+00 0.000000000000000000e+00
5.969999999999999751e+00 0.000000000000000000e+00
