2.999999999999999889e-02 9.619581274337431209e-02
8.999999999999999667e-02 1.616315307341381902e-01
1.499999999999999944e-01 2.413079160549336244e-01
2.099999999999999922e-01 3.234082236146546552e-01
2.700000000000000178e-01 4.031666894989711092e-01
3.299999999999999600e-01 4.796610559994557987e-01
3.900000000000000133e-01 5.497520209582053008e-01
4.499999999999999556e-01 6.108866429146626587e-01
5.100000000000000089e-01 6.627215742770942164e-01
5.700000000000000622e-01 7.042625350574351906e-01
6.299999999999998934e-01 7.343409016803478240e-01
6.899999999999999467e-01 7.541808045470270727e-01
7.500000000000000000e-01 7.633669979624467805e-01
8.100000000000000533e-01 7.623795476733121745e-01
8.699999999999998845e-01 7.522420392849207271e-01
9.299999999999999378e-01 7.338235830303789786e-01
9.899999999999999911e-01 7.089662107996602680e-01
1.050000000000000044e+00 6.778751860897375137e-01
1.109999999999999876e+00 6.430387544858380267e-01
1.169999999999999929e+00 6.044315840137365337e-01
1.229999999999999982e+00 5.645512334844805524e-01
1.290000000000000036e+00 5.226485470134670797e-01
1.349999999999999867e+00 4.812970793343858134e-01
1.409999999999999920e+00 4.403925223181084370e-01
1.469999999999999973e+00 3.998951395344865212e-01
1.530000000000000027e+00 3.612561799182703592e-01
1.589999999999999858e+00 3.245392217576951732e-01
1.649999999999999911e+00 2.898522984722177176e-01
1.709999999999999964e+00 2.580489982519221792e-01
1.770000000000000018e+00 2.280568100118902652e-01
1.829999999999999849e+00 2.009745702220093189e-01
1.889999999999999902e+00 1.761219166923704005e-01
1.949999999999999956e+00 1.540429901632887899e-01
2.009999999999999787e+00 1.337428897649760584e-01
2.070000000000000284e+00 1.156530041172081497e-01
2.129999999999999893e+00 1.000761993235065594e-01
2.189999999999999947e+00 8.582746053110214268e-02
2.250000000000000000e+00 7.355163549546123170e-02
2.309999999999999609e+00 6.278442886559483516e-02
2.370000000000000107e+00 5.344040731668770611e-02
2.429999999999999716e+00 4.525668952805313172e-02
2.490000000000000213e+00 3.813629377486524308e-02
2.549999999999999822e+00 3.216862702495323911e-02
2.609999999999999876e+00 2.711229046517844507e-02
2.669999999999999929e+00 2.270750718345868752e-02
2.729999999999999538e+00 1.896222446582383411e-02
2.790000000000000036e+00 1.571116359813383434e-02
2.849999999999999645e+00 1.305080959983771945e-02
2.910000000000000142e+00 1.068326342118230098e-02
2.969999999999999751e+00 8.923560447421366101e-03
3.030000000000000249e+00 7.343168114695702332e-03
3.089999999999999858e+00 6.084640866155227937e-03
3.149999999999999911e+00 4.888450142406829298e-03
3.209999999999999964e+00 4.068141212573702509e-03
3.269999999999999574e+00 3.319357857003987951e-03
3.330000000000000071e+00 2.694999198329937114e-03
3.389999999999999680e+00 2.173955258036317992e-03
3.450000000000000178e+00 1.793354763041098013e-03
3.509999999999999787e+00 1.430387308923307703e-03
3.569999999999999840e+00 1.137455312938414221e-03
3.629999999999999893e+00 9.357929299458325398e-04
3.689999999999999503e+00 7.499009426675800217e-04
3.750000000000000000e+00 5.971640392926630533e-04
3.809999999999999609e+00 4.835426843430297265e-04
3.870000000000000107e+00 3.840774326330228606e-04
3.929999999999999716e+00 3.011276347025801446e-04
3.989999999999999769e+00 2.466142195955994430e-04
4.049999999999999822e+00 1.991788561084267947e-04
4.109999999999999432e+00 1.622984818788763574e-04
4.169999999999999929e+00 1.241763442072486531e-04
4.230000000000000426e+00 1.000861334310438868e-04
4.290000000000000036e+00 7.686515706428690006e-05
4.349999999999999645e+00 5.948046887527297822e-05
4.410000000000000142e+00 4.147489896522166291e-05
4.469999999999999751e+00 3.613531616430935172e-05
4.529999999999999361e+00 3.067155701919086830e-05
4.589999999999999858e+00 2.409021077620623674e-05
4.650000000000000355e+00 1.713633550060056433e-05
4.709999999999999964e+00 1.365939786279734865e-05
4.769999999999999574e+00 1.105169463444529222e-05
4.830000000000000071e+00 7.078051619813276128e-06
4.889999999999999680e+00 5.712111833533436739e-06
4.949999999999999289e+00 4.718701079875518266e-06
5.009999999999999787e+00 2.483526884144972790e-06
5.070000000000000284e+00 3.352761293595762733e-06
5.129999999999999893e+00 1.862645163108729381e-06
5.189999999999999503e+00 1.241763442072504818e-06
5.250000000000000000e+00 1.490116130487005612e-06
5.309999999999999609e+00 9.934107536579892007e-07
5.369999999999999218e+00 9.934107536580038120e-07
5.429999999999999716e+00 9.934107536579892007e-07
5.490000000000000213e+00 3.725290326217514030e-07
5.549999999999999822e+00 2.483526884144973002e-07
5.609999999999999432e+00 4.967053768290019060e-07
5.669999999999999929e+00 1.241763442072486501e-07
5.730000000000000426e+00 3.725290326217514030e-07
5.789999999999999147e+00 1.241763442072504765e-07
5.849999999999999645e+00 0.000000000000000000e+00
5.910000000000000142e+00 0.000000000000000000e+00
5.969999999999999751e+00 0.000000000000000000e+00
