2.999999999999999889e-02 9.646738640815556709e-02
8.999999999999999667e-02 1.620871337410345892e-01
1.499999999999999944e-01 2.414758024723018537e-01
2.099999999999999922e-01 3.234983756405491184e-01
2.700000000000000178e-01 4.032712459807935579e-01
3.299999999999999600e-01 4.799426879481178410e-01
3.900000000000000133e-01 5.501698743564625849e-01
4.499999999999999556e-01 6.108331229103093341e-01
5.100000000000000089e-01 6.625582823844616831e-01
5.700000000000000622e-01 7.041460576465686794e-01
6.299999999999998934e-01 7.345044419256687718e-01
6.899999999999999467e-01 7.539808806328534008e-01
7.500000000000000000e-01 7.632028368354047965e-01
8.100000000000000533e-01 7.618932731093965849e-01
8.699999999999998845e-01 7.516251312068991108e-01
9.299999999999999378e-01 7.338455622433036618e-01
9.899999999999999911e-01 7.085282408336411875e-01
1.050000000000000044e+00 6.776411136809068481e-01
1.109999999999999876e+00 6.424564916078502330e-01
1.169999999999999929e+00 6.047001774462568147e-01
1.229999999999999982e+00 5.646145634200262498e-01
1.290000000000000036e+00 5.230485190181587418e-01
1.349999999999999867e+00 4.809259162415503996e-01
1.409999999999999920e+00 4.398942026488046886e-01
1.469999999999999973e+00 3.997975369279396229e-01
1.530000000000000027e+00 3.614218311614428303e-01
1.589999999999999858e+00 3.247129444632411155e-01
1.649999999999999911e+00 2.899667890615768018e-01
1.709999999999999964e+00 2.581816185875355218e-01
1.770000000000000018e+00 2.282194810228017345e-01
1.829999999999999849e+00 2.010939036887924858e-01
1.889999999999999902e+00 1.763897650668254380e-01
1.949999999999999956e+00 1.538852862061455828e-01
2.009999999999999787e+00 1.338992277823329857e-01
2.070000000000000284e+00 1.158854622335641210e-01
2.129999999999999893e+00 1.000010726352611734e-01
2.189999999999999947e+00 8.587216401501675256e-02
2.250000000000000000e+00 7.352381999435879389e-02
2.309999999999999609e+00 6.278157280967805454e-02
2.370000000000000107e+00 5.335186958326794404e-02
2.429999999999999716e+00 4.522229268070773051e-02
2.490000000000000213e+00 3.820459076417922345e-02
2.549999999999999822e+00 3.214019064212977894e-02
2.609999999999999876e+00 2.693434576392945631e-02
2.669999999999999929e+00 2.264715748017396418e-02
2.729999999999999538e+00 1.890075717544124553e-02
2.790000000000000036e+00 1.576654624765026769e-02
2.849999999999999645e+00 1.309439549665446408e-02
2.910000000000000142e+00 1.077565062127249472e-02
2.969999999999999751e+00 8.936102258186300051e-03
3.030000000000000249e+00 7.409602458846580031e-03
3.089999999999999858e+00 6.034846152128120825e-03
3.149999999999999911e+00 5.012502310269872571e-03
3.209999999999999964e+00 4.049142231909993311e-03
3.269999999999999574e+00 3.312900687105210535e-03
3.330000000000000071e+00 2.728899340298516270e-03
3.389999999999999680e+00 2.191960827946369192e-03
3.450000000000000178e+00 1.770506315706964076e-03
3.509999999999999787e+00 1.455843459485793665e-03
3.569999999999999840e+00 1.140808074232010179e-03
3.629999999999999893e+00 9.406358073699152764e-04
3.689999999999999503e+00 7.450580652434972851e-04
3.750000000000000000e+00 6.085882629597300216e-04
3.809999999999999609e+00 4.834185079988225311e-04
3.870000000000000107e+00 3.874301939266186013e-04
3.929999999999999716e+00 3.105650368623311727e-04
3.989999999999999769e+00 2.441306927114544228e-04
4.049999999999999822e+00 2.037733808440950049e-04
4.109999999999999432e+00 1.588215442410733670e-04
4.169999999999999929e+00 1.162290581779847157e-04
4.230000000000000426e+00 9.275972912281610285e-05
4.290000000000000036e+00 8.121132911154059736e-05
4.349999999999999645e+00 6.134311403838173661e-05
4.410000000000000142e+00 4.656612907771892591e-05
4.469999999999999751e+00 3.203749680547014696e-05
4.529999999999999361e+00 2.570450325090084480e-05
4.589999999999999858e+00 2.334515271096274558e-05
4.650000000000000355e+00 1.726051184480781737e-05
4.709999999999999964e+00 1.390775055121184796e-05
4.769999999999999574e+00 1.229345807651779556e-05
4.830000000000000071e+00 7.326404308227777981e-06
4.889999999999999680e+00 7.202227964020420752e-06
4.949999999999999289e+00 5.339582800911769934e-06
5.009999999999999787e+00 3.476937637802961991e-06
5.070000000000000284e+00 3.104408605181261727e-06
5.129999999999999893e+00 2.607703228352221175e-06
5.189999999999999503e+00 1.614292474694256115e-06
5.250000000000000000e+00 1.862645163108756909e-06
5.309999999999999609e+00 6.208817210362431975e-07
5.369999999999999218e+00 1.117587097865254103e-06
5.429999999999999716e+00 7.450580652434917946e-07
5.490000000000000213e+00 3.725290326217514030e-07
5.549999999999999822e+00 2.483526884144973002e-07
5.609999999999999432e+00 2.483526884145009530e-07
5.669999999999999929e+00 3.725290326217458973e-07
5.730000000000000426e+00 1.241763442072504765e-07
5.789999999999999147e+00 1.241763442072504765e-07
5.849999999999999645e+00 1.241763442072486501e-07
5.910000000000000142e+00 1.241763442072504765e-07
5.969999999999999751e+00 1.241763442072486501e-07
