2.999999999999999889e-02 9.608989032176552814e-02
8.999999999999999667e-02 1.615232489619894685e-01
1.499999999999999944e-01 2.411613879687690976e-01
2.099999999999999922e-01 3.232458009564315726e-01
2.700000000000000178e-01 4.036216716241464719e-01
3.299999999999999600e-01 4.801994846279384332e-01
3.900000000000000133e-01 5.490715345919495727e-01
4.499999999999999556e-01 6.108339921447186738e-01
5.100000000000000089e-01 6.625623802038205223e-01
5.700000000000000622e-01 7.044579886232172905e-01
6.299999999999998934e-01 7.346003060633967685e-01
6.899999999999999467e-01 7.537073201465648298e-01
7.500000000000000000e-01 7.632660425946062865e-01
8.100000000000000533e-01 7.626737214327391490e-01
8.699999999999998845e-01 7.522304908849094529e-01
9.299999999999999378e-01 7.339174603465996594e-01
9.899999999999999911e-01 7.083628379431571309e-01
1.050000000000000044e+00 6.782259842621229939e-01
1.109999999999999876e+00 6.428236810576711813e-01
1.169999999999999929e+00 6.042846833985394683e-01
1.229999999999999982e+00 5.644494088822306077e-01
1.290000000000000036e+00 5.231921910484065297e-01
1.349999999999999867e+00 4.815467979625866479e-01
1.409999999999999920e+00 4.400942507393225678e-01
1.469999999999999973e+00 4.000632743045431372e-01
1.530000000000000027e+00 3.613546517592266527e-01
1.589999999999999858e+00 3.249308739473248386e-01
1.649999999999999911e+00 2.903214367006327068e-01
1.709999999999999964e+00 2.579655517486149074e-01
1.770000000000000018e+00 2.283574409412160167e-01
1.829999999999999849e+00 2.008264278433700700e-01
1.889999999999999902e+00 1.761813971612456731e-01
1.949999999999999956e+00 1.540186515998241690e-01
2.009999999999999787e+00 1.336955785778330963e-01
2.070000000000000284e+00 1.157586781861285191e-01
2.129999999999999893e+00 9.970702305217840622e-02
2.189999999999999947e+00 8.575841848372289800e-02
2.250000000000000000e+00 7.357833340946579037e-02
2.309999999999999609e+00 6.265416788052141639e-02
2.370000000000000107e+00 5.319503486053418773e-02
2.429999999999999716e+00 4.514691763977392996e-02
2.490000000000000213e+00 3.823153703087219663e-02
2.549999999999999822e+00 3.226275269386233435e-02
2.609999999999999876e+00 2.694663922200597403e-02
2.669999999999999929e+00 2.258780118764290232e-02
2.729999999999999538e+00 1.898147179917595781e-02
2.790000000000000036e+00 1.566832275938233321e-02
2.849999999999999645e+00 1.310979336333616477e-02
2.910000000000000142e+00 1.081675299120509262e-02
2.969999999999999751e+00 8.881837195767730217e-03
3.030000000000000249e+00 7.344037349105152213e-03
3.089999999999999858e+00 6.058191304839083760e-03
3.149999999999999911e+00 4.989902215624153134e-03
3.209999999999999964e+00 4.033620188884087972e-03
3.269999999999999574e+00 3.294025882785709021e-03
3.330000000000000071e+00 2.683202445630248397e-03
3.389999999999999680e+00 2.153466161242121799e-03
3.450000000000000178e+00 1.778826130768849803e-03
3.509999999999999787e+00 1.407663037933381016e-03
3.569999999999999840e+00 1.163656521566144332e-03
3.629999999999999893e+00 9.126961299232842122e-04
3.689999999999999503e+00 7.404635405078290478e-04
3.750000000000000000e+00 6.092091446807663783e-04
3.809999999999999609e+00 4.763404563790093007e-04
3.870000000000000107e+00 3.868093122055823530e-04
3.929999999999999716e+00 2.987682841626424011e-04
3.989999999999999769e+00 2.513329206754749841e-04
4.049999999999999822e+00 1.997997378294630701e-04
4.109999999999999432e+00 1.505017291791875588e-04
4.169999999999999929e+00 1.228104044209689068e-04
4.230000000000000426e+00 9.511907966275385986e-05
4.290000000000000036e+00 8.481244309355082383e-05
4.349999999999999645e+00 6.332993554569773110e-05
4.410000000000000142e+00 4.917383230607118224e-05
4.469999999999999751e+00 3.688037422955284288e-05
4.529999999999999361e+00 2.980232260974011055e-05
4.589999999999999858e+00 2.235174195730475172e-05
4.650000000000000355e+00 1.788139356584406565e-05
4.709999999999999964e+00 1.589457205852782721e-05
4.769999999999999574e+00 1.030663656920178921e-05
4.830000000000000071e+00 9.809931192372787194e-06
4.889999999999999680e+00 8.692344094507404765e-06
4.949999999999999289e+00 6.084640866155272951e-06
5.009999999999999787e+00 3.476937637802961991e-06
5.070000000000000284e+00 3.725290326217513819e-06
5.129999999999999893e+00 2.235174195730475172e-06
5.189999999999999503e+00 2.483526884145009636e-06
5.250000000000000000e+00 1.614292474694256115e-06
5.309999999999999609e+00 8.692344094507404977e-07
5.369999999999999218e+00 8.692344094507533090e-07
5.429999999999999716e+00 9.934107536579892007e-07
5.490000000000000213e+00 3.725290326217514030e-07
5.549999999999999822e+00 3.725290326217458973e-07
5.609999999999999432e+00 3.725290326217514030e-07
5.669999999999999929e+00 1.241763442072486501e-07
5.730000000000000426e+00 0.000000000000000000e+00
5.789999999999999147e+00 2.483526884145009530e-07
5.849999999999999645e+00 1.241763442072486501e-07
5.910000000000000142e+00 0.000000000000000000e+00
5.969999999999999751e+00 0.000000000000000000e+00
