2.999999999999999889e-02 9.607089205688575106e-02
8.999999999999999667e-02 1.616835618269974184e-01
1.499999999999999944e-01 2.416342532878257843e-01
2.099999999999999922e-01 3.228619742819960892e-01
2.700000000000000178e-01 4.036602934746985061e-01
3.299999999999999600e-01 4.797528258922620914e-01
3.900000000000000133e-01 5.497191183227169153e-01
4.499999999999999556e-01 6.110567690589542300e-01
5.100000000000000089e-01 6.632489561525322097e-01
5.700000000000000622e-01 7.039273883490875239e-01
6.299999999999998934e-01 7.342464089529682214e-01
6.899999999999999467e-01 7.545129818893413498e-01
7.500000000000000000e-01 7.628619784543206883e-01
8.100000000000000533e-01 7.623610510780577387e-01
8.699999999999998845e-01 7.525148603198167363e-01
9.299999999999999378e-01 7.340590268481619329e-01
9.899999999999999911e-01 7.083522882315355096e-01
1.050000000000000044e+00 6.779261034418055942e-01
1.109999999999999876e+00 6.427417294592935315e-01
1.169999999999999929e+00 6.045021206811380665e-01
1.229999999999999982e+00 5.641212150075214371e-01
1.290000000000000036e+00 5.233988243847924604e-01
1.349999999999999867e+00 4.811165305145060356e-01
1.409999999999999920e+00 4.399109697328648649e-01
1.469999999999999973e+00 3.999655505016276313e-01
1.530000000000000027e+00 3.613028729156084196e-01
1.589999999999999858e+00 3.245572297457450239e-01
1.649999999999999911e+00 2.900352123881657085e-01
1.709999999999999964e+00 2.580629079251918756e-01
1.770000000000000018e+00 2.280683601111432313e-01
1.829999999999999849e+00 2.006646275619360376e-01
1.889999999999999902e+00 1.761651313726870505e-01
1.949999999999999956e+00 1.540051175257331484e-01
2.009999999999999787e+00 1.339024573649334193e-01
2.070000000000000284e+00 1.158453541375003421e-01
2.129999999999999893e+00 9.993935773679640810e-02
2.189999999999999947e+00 8.570402988350490914e-02
2.250000000000000000e+00 7.357808560497683392e-02
2.309999999999999609e+00 6.266385410225168429e-02
2.370000000000000107e+00 5.340787351242507613e-02
2.429999999999999716e+00 4.518777199369324732e-02
2.490000000000000213e+00 3.823650436952465148e-02
2.549999999999999822e+00 3.232595869391099302e-02
2.609999999999999876e+00 2.702213864061460760e-02
2.669999999999999929e+00 2.260369592811209069e-02
2.729999999999999538e+00 1.884959666206829920e-02
2.790000000000000036e+00 1.573761327670433405e-02
2.849999999999999645e+00 1.304720858306498976e-02
2.910000000000000142e+00 1.084407186772532068e-02
2.969999999999999751e+00 8.942186965676938992e-03
3.030000000000000249e+00 7.362415502902096461e-03
3.089999999999999858e+00 6.057694644595598005e-03
3.149999999999999911e+00 5.001823181934535872e-03
3.209999999999999964e+00 4.027411401680278287e-03
3.269999999999999574e+00 3.333638161425361672e-03
3.330000000000000071e+00 2.719337782055203639e-03
3.389999999999999680e+00 2.193699313109604126e-03
3.450000000000000178e+00 1.789008604322997161e-03
3.509999999999999787e+00 1.434733491660158868e-03
3.569999999999999840e+00 1.176446693784701826e-03
3.629999999999999893e+00 9.324401755994575925e-04
3.689999999999999503e+00 7.608284666264317903e-04
3.750000000000000000e+00 6.041179190692983576e-04
3.809999999999999609e+00 4.924833847952389066e-04
3.870000000000000107e+00 3.865609623972714529e-04
3.929999999999999716e+00 3.064672197868506575e-04
3.989999999999999769e+00 2.425164020436481769e-04
4.049999999999999822e+00 1.957019199287167823e-04
4.109999999999999432e+00 1.594424271500482517e-04
4.169999999999999929e+00 1.158565300085613955e-04
4.230000000000000426e+00 1.064191277784979457e-04
4.290000000000000036e+00 7.512668880512288260e-05
4.349999999999999645e+00 6.196399622108573048e-05
4.410000000000000142e+00 4.482766059280952171e-05
4.469999999999999751e+00 3.973643044237904691e-05
4.529999999999999361e+00 2.967814648665228900e-05
4.589999999999999858e+00 2.260009481410307869e-05
4.650000000000000355e+00 1.974403887605737819e-05
4.709999999999999964e+00 1.390775065483266472e-05
4.769999999999999574e+00 1.316269258403825156e-05
4.830000000000000071e+00 8.319815123873236190e-06
4.889999999999999680e+00 6.705522637151463319e-06
4.949999999999999289e+00 5.960464566356945128e-06
5.009999999999999787e+00 3.725290353973035224e-06
5.070000000000000284e+00 3.104408628310908356e-06
5.129999999999999893e+00 3.476937663708166181e-06
5.189999999999999503e+00 1.614292486721672498e-06
5.250000000000000000e+00 1.490116141589236282e-06
5.309999999999999609e+00 1.490116141589214259e-06
5.369999999999999218e+00 1.241763451324363639e-06
5.429999999999999716e+00 7.450580707946071295e-07
5.490000000000000213e+00 9.934107610594907840e-07
5.549999999999999822e+00 0.000000000000000000e+00
5.609999999999999432e+00 3.725290353973090705e-07
5.669999999999999929e+00 0.000000000000000000e+00
5.730000000000000426e+00 3.725290353973090705e-07
5.789999999999999147e+00 3.725290353973090705e-07
5.849999999999999645e+00 0.000000000000000000e+00
5.910000000000000142e+00 0.000000000000000000e+00
5.969999999999999751e+00 0.000000000000000000e+00
