2.999999999999999889e-02 9.616489355015099549e-02
8.999999999999999667e-02 1.617224290230238892e-01
1.499999999999999944e-01 2.417209283767282335e-01
2.099999999999999922e-01 3.234413811083841073e-01
2.700000000000000178e-01 4.039676299289012840e-01
3.299999999999999600e-01 4.798452130930406234e-01
3.900000000000000133e-01 5.495979222098676953e-01
4.499999999999999556e-01 6.109477422279280256e-01
5.100000000000000089e-01 6.627461661310910523e-01
5.700000000000000622e-01 7.038363670881054857e-01
6.299999999999998934e-01 7.344683120817198096e-01
6.899999999999999467e-01 7.542270037665013138e-01
7.500000000000000000e-01 7.630379363353733124e-01
8.100000000000000533e-01 7.621583952828016040e-01
8.699999999999998845e-01 7.519810262120923960e-01
9.299999999999999378e-01 7.331197569735802277e-01
9.899999999999999911e-01 7.090921308958345604e-01
1.050000000000000044e+00 6.777905028729209747e-01
1.109999999999999876e+00 6.430577582576554319e-01
1.169999999999999929e+00 6.043971916695012325e-01
1.229999999999999982e+00 5.642561946946803575e-01
1.290000000000000036e+00 5.230524965582181718e-01
1.349999999999999867e+00 4.814478330033193920e-01
1.409999999999999920e+00 4.399297203609798257e-01
1.469999999999999973e+00 3.996852844906637614e-01
1.530000000000000027e+00 3.611515019508920177e-01
1.589999999999999858e+00 3.242297767236307915e-01
1.649999999999999911e+00 2.903651489371825711e-01
1.709999999999999964e+00 2.579793372449177835e-01
1.770000000000000018e+00 2.282310311232667310e-01
1.829999999999999849e+00 2.010422478274837554e-01
1.889999999999999902e+00 1.763495332452087172e-01
1.949999999999999956e+00 1.538798235934945025e-01
2.009999999999999787e+00 1.338892946723493904e-01
2.070000000000000284e+00 1.159732557729867414e-01
2.129999999999999893e+00 9.975756356752252252e-02
2.189999999999999947e+00 8.583429086954884324e-02
2.250000000000000000e+00 7.356517126508305138e-02
2.309999999999999609e+00 6.283174052087074635e-02
2.370000000000000107e+00 5.335584362381459028e-02
2.429999999999999716e+00 4.535627929403796693e-02
2.490000000000000213e+00 3.825016376748921476e-02
2.549999999999999822e+00 3.212913918687607812e-02
2.609999999999999876e+00 2.699929019311023484e-02
2.669999999999999929e+00 2.265423570058098732e-02
2.729999999999999538e+00 1.892745523046633627e-02
2.790000000000000036e+00 1.569675925915576739e-02
2.849999999999999645e+00 1.302137990327744375e-02
2.910000000000000142e+00 1.083935316661028929e-02
2.969999999999999751e+00 9.002164140375905343e-03
3.030000000000000249e+00 7.436672957291293184e-03
3.089999999999999858e+00 6.027519792728416176e-03
3.149999999999999911e+00 4.959975753624905684e-03
3.209999999999999964e+00 4.017353117724551011e-03
3.269999999999999574e+00 3.313769946204171701e-03
3.330000000000000071e+00 2.689659635568550974e-03
3.389999999999999680e+00 2.197548779808709482e-03
3.450000000000000178e+00 1.783669021482302578e-03
3.509999999999999787e+00 1.440073074500853667e-03
3.569999999999999840e+00 1.152729011864406716e-03
3.629999999999999893e+00 9.290874142808818337e-04
3.689999999999999503e+00 7.715076323078213887e-04
3.750000000000000000e+00 5.935629297330413754e-04
3.809999999999999609e+00 4.832943352554386427e-04
3.870000000000000107e+00 3.955016592468068096e-04
3.929999999999999716e+00 3.007551079107586059e-04
3.989999999999999769e+00 2.406537568666616443e-04
4.049999999999999822e+00 1.927216876455383572e-04
4.109999999999999432e+00 1.595666034951807052e-04
4.169999999999999929e+00 1.158565300085613955e-04
4.230000000000000426e+00 9.623666747763817513e-05
4.290000000000000036e+00 7.674098129184452164e-05
4.349999999999999645e+00 5.985299835383431778e-05
4.410000000000000142e+00 5.476176820340443251e-05
4.469999999999999751e+00 3.539025836274383569e-05
4.529999999999999361e+00 3.141661531850639856e-05
4.589999999999999858e+00 2.210338943357334230e-05
4.650000000000000355e+00 1.713633562827621555e-05
4.709999999999999964e+00 1.614292486721648527e-05
4.769999999999999574e+00 1.229345816811119848e-05
4.830000000000000071e+00 1.018246030085978069e-05
4.889999999999999680e+00 7.326404362813636350e-06
4.949999999999999289e+00 4.221995734502835567e-06
5.009999999999999787e+00 4.594524769900076875e-06
5.070000000000000284e+00 2.856055938046035925e-06
5.129999999999999893e+00 2.110997867251386443e-06
5.189999999999999503e+00 1.862645176986545141e-06
5.250000000000000000e+00 1.862645176986545141e-06
5.309999999999999609e+00 4.967053805297380863e-07
5.369999999999999218e+00 9.934107610594907840e-07
5.429999999999999716e+00 8.692344159270415452e-07
5.490000000000000213e+00 3.725290353973090705e-07
5.549999999999999822e+00 1.241763451324345216e-07
5.609999999999999432e+00 2.483526902648726960e-07
5.669999999999999929e+00 2.483526902648690432e-07
5.730000000000000426e+00 1.241763451324363480e-07
5.789999999999999147e+00 2.483526902648726960e-07
5.849999999999999645e+00 1.241763451324345216e-07
5.910000000000000142e+00 1.241763451324363480e-07
5.969999999999999751e+00 1.241763451324345216e-07
