2.999999999999999889e-02 9.587730113482427485e-02
8.999999999999999667e-02 1.613888913599981489e-01
1.499999999999999944e-01 2.413593268597025721e-01
2.099999999999999922e-01 3.235931246021359065e-01
2.700000000000000178e-01 4.035893887816278669e-01
3.299999999999999600e-01 4.802626939653758531e-01
3.900000000000000133e-01 5.493912927715672856e-01
4.499999999999999556e-01 6.111209682293877732e-01
5.100000000000000089e-01 6.627569694731175742e-01
5.700000000000000622e-01 7.041346386691135217e-01
6.299999999999998934e-01 7.349424173674353744e-01
6.899999999999999467e-01 7.541199637569971914e-01
7.500000000000000000e-01 7.634590183217173642e-01
8.100000000000000533e-01 7.617529595159443501e-01
8.699999999999998845e-01 7.521697742566936240e-01
9.299999999999999378e-01 7.337302078862512067e-01
9.899999999999999911e-01 7.088267660462864717e-01
1.050000000000000044e+00 6.780876568668229298e-01
1.109999999999999876e+00 6.427203711279306786e-01
1.169999999999999929e+00 6.045334131201114403e-01
1.229999999999999982e+00 5.642569397527511521e-01
1.290000000000000036e+00 5.229906567383422189e-01
1.349999999999999867e+00 4.806899847689761196e-01
1.409999999999999920e+00 4.397054578816706472e-01
1.469999999999999973e+00 3.997394253771414663e-01
1.530000000000000027e+00 3.612843706401837607e-01
1.589999999999999858e+00 3.249131191508945471e-01
1.649999999999999911e+00 2.901980075766343314e-01
1.709999999999999964e+00 2.577270109116087116e-01
1.770000000000000018e+00 2.286118799737879015e-01
1.829999999999999849e+00 2.010419994747935091e-01
1.889999999999999902e+00 1.762088414461736308e-01
1.949999999999999956e+00 1.539395524155032224e-01
2.009999999999999787e+00 1.340529590952339312e-01
2.070000000000000284e+00 1.157974220682792127e-01
2.129999999999999893e+00 9.990595429995580146e-02
2.189999999999999947e+00 8.594306934788485675e-02
2.250000000000000000e+00 7.375118743009145827e-02
2.309999999999999609e+00 6.255271627335816376e-02
2.370000000000000107e+00 5.330319285347843994e-02
2.429999999999999716e+00 4.528189766330364269e-02
2.490000000000000213e+00 3.820844051552471643e-02
2.549999999999999822e+00 3.216912397000872698e-02
2.609999999999999876e+00 2.695396582713690051e-02
2.669999999999999929e+00 2.265671922748363834e-02
2.729999999999999538e+00 1.894496409513000967e-02
2.790000000000000036e+00 1.569055044189914330e-02
2.849999999999999645e+00 1.303094148185264187e-02
2.910000000000000142e+00 1.076497153587595811e-02
2.969999999999999751e+00 8.926664922535385710e-03
3.030000000000000249e+00 7.358441859857858813e-03
3.089999999999999858e+00 6.047015478914207973e-03
3.149999999999999911e+00 4.918873383386068374e-03
3.209999999999999964e+00 4.032502631830708721e-03
3.269999999999999574e+00 3.324324935540429009e-03
3.330000000000000071e+00 2.683947523692459518e-03
3.389999999999999680e+00 2.197176250773312609e-03
3.450000000000000178e+00 1.778826144022137594e-03
3.509999999999999787e+00 1.454105001500818808e-03
3.569999999999999840e+00 1.170982934598874953e-03
3.629999999999999893e+00 9.294599433162791403e-04
3.689999999999999503e+00 7.679065182989806143e-04
3.750000000000000000e+00 5.971640437418819329e-04
3.809999999999999609e+00 4.786998104855385650e-04
3.870000000000000107e+00 3.887961366096552920e-04
3.929999999999999716e+00 3.124276843532075619e-04
3.989999999999999769e+00 2.477318085392105225e-04
4.049999999999999822e+00 1.928458639906707836e-04
4.109999999999999432e+00 1.527369045128967070e-04
4.169999999999999929e+00 1.203268784333290332e-04
4.230000000000000426e+00 9.872019438028689436e-05
4.290000000000000036e+00 7.686515763697696166e-05
4.349999999999999645e+00 5.873541124764239141e-05
4.410000000000000142e+00 4.780789287598799427e-05
4.469999999999999751e+00 3.861884333618713410e-05
4.529999999999999361e+00 2.843638303532792261e-05
4.589999999999999858e+00 2.632538516807611349e-05
4.650000000000000355e+00 1.601874852208428918e-05
4.709999999999999964e+00 1.365939796456779483e-05
4.769999999999999574e+00 1.030663664599221733e-05
4.830000000000000071e+00 8.816520504402979358e-06
4.889999999999999680e+00 7.450580707946070448e-06
4.949999999999999289e+00 5.215406495562326140e-06
5.009999999999999787e+00 3.352761318575731659e-06
5.070000000000000284e+00 3.352761318575781634e-06
5.129999999999999893e+00 1.862645176986517612e-06
5.189999999999999503e+00 1.862645176986545141e-06
5.250000000000000000e+00 1.117587106191927000e-06
5.309999999999999609e+00 1.365939796456779526e-06
5.369999999999999218e+00 4.967053805297453920e-07
5.429999999999999716e+00 8.692344159270415452e-07
5.490000000000000213e+00 4.967053805297453920e-07
5.549999999999999822e+00 0.000000000000000000e+00
5.609999999999999432e+00 2.483526902648726960e-07
5.669999999999999929e+00 4.967053805297380863e-07
5.730000000000000426e+00 1.241763451324363480e-07
5.789999999999999147e+00 1.241763451324363480e-07
5.849999999999999645e+00 2.483526902648690432e-07
5.910000000000000142e+00 2.483526902648726960e-07
5.969999999999999751e+00 0.000000000000000000e+00
