2.999999999999999889e-02 9.626299214559042028e-02
8.999999999999999667e-02 1.617986720934411204e-01
1.499999999999999944e-01 2.413310128549561728e-01
2.099999999999999922e-01 3.232630614682763803e-01
2.700000000000000178e-01 4.040043831169931599e-01
3.299999999999999600e-01 4.798789854835395219e-01
3.900000000000000133e-01 5.493591270051335629e-01
4.499999999999999556e-01 6.113035029021663957e-01
5.100000000000000089e-01 6.626786092619985080e-01
5.700000000000000622e-01 7.037607384504936947e-01
6.299999999999998934e-01 7.349155898013388644e-01
6.899999999999999467e-01 7.541045602716838214e-01
7.500000000000000000e-01 7.626660224993968562e-01
8.100000000000000533e-01 7.624221401593752612e-01
8.699999999999998845e-01 7.517570064844472100e-01
9.299999999999999378e-01 7.334465836493657687e-01
9.899999999999999911e-01 7.086711678058238428e-01
1.050000000000000044e+00 6.780960958060822108e-01
1.109999999999999876e+00 6.428204524727216818e-01
1.169999999999999929e+00 6.043223088308342650e-01
1.229999999999999982e+00 5.642419102110602935e-01
1.290000000000000036e+00 5.231924394010948332e-01
1.349999999999999867e+00 4.812289065214160333e-01
1.409999999999999920e+00 4.403195066277145742e-01
1.469999999999999973e+00 3.998011380419216332e-01
1.530000000000000027e+00 3.615344591056388057e-01
1.589999999999999858e+00 3.244025036027229913e-01
1.649999999999999911e+00 2.904991330491932811e-01
1.709999999999999964e+00 2.579219658517981628e-01
1.770000000000000018e+00 2.280840046312716529e-01
1.829999999999999849e+00 2.008536224627514577e-01
1.889999999999999902e+00 1.761697245848901638e-01
1.949999999999999956e+00 1.539407930320062234e-01
2.009999999999999787e+00 1.339666555372375223e-01
2.070000000000000284e+00 1.158226290033952527e-01
2.129999999999999893e+00 1.000794279084559479e-01
2.189999999999999947e+00 8.595114016993256334e-02
2.250000000000000000e+00 7.357833340946579037e-02
2.309999999999999609e+00 6.262933261167996646e-02
2.370000000000000107e+00 5.335149705423532229e-02
2.429999999999999716e+00 4.518479142475713417e-02
2.490000000000000213e+00 3.811034091892592096e-02
2.549999999999999822e+00 3.219818099487457147e-02
2.609999999999999876e+00 2.702176591025136007e-02
2.669999999999999929e+00 2.260170893819411081e-02
2.729999999999999538e+00 1.896582557980584435e-02
2.790000000000000036e+00 1.570545148630030086e-02
2.849999999999999645e+00 1.306707670092887089e-02
2.910000000000000142e+00 1.086418835469226372e-02
2.969999999999999751e+00 8.939455019479895792e-03
3.030000000000000249e+00 7.365644032997213653e-03
3.089999999999999858e+00 6.000200952094299038e-03
3.149999999999999911e+00 4.955629544622952229e-03
3.209999999999999964e+00 4.063919216870656020e-03
3.269999999999999574e+00 3.294770940850952519e-03
3.330000000000000071e+00 2.683202445630248397e-03
3.389999999999999680e+00 2.187738832243322704e-03
3.450000000000000178e+00 1.816824092096268198e-03
3.509999999999999787e+00 1.438707123985193213e-03
3.569999999999999840e+00 1.167878517269190604e-03
3.629999999999999893e+00 9.310742288659571613e-04
3.689999999999999503e+00 7.372349555584405568e-04
3.750000000000000000e+00 5.982816263905283002e-04
3.809999999999999609e+00 4.741052821832788069e-04
3.870000000000000107e+00 3.881752519918620992e-04
3.929999999999999716e+00 2.982715787858134567e-04
3.989999999999999769e+00 2.514570970196821796e-04
4.049999999999999822e+00 1.976887399779398259e-04
4.109999999999999432e+00 1.583248388642443413e-04
4.169999999999999929e+00 1.260389893703573708e-04
4.230000000000000426e+00 9.238720009019434033e-05
4.290000000000000036e+00 7.686515706428690006e-05
4.349999999999999645e+00 6.084640866155273121e-05
4.410000000000000142e+00 4.482766025881742395e-05
4.469999999999999751e+00 3.725290326217458507e-05
4.529999999999999361e+00 2.942979357711836158e-05
4.589999999999999858e+00 2.024074410578152790e-05
4.650000000000000355e+00 1.899898066370932272e-05
4.709999999999999964e+00 1.266598710913935987e-05
4.769999999999999574e+00 1.154840001127429254e-05
4.830000000000000071e+00 8.195638717678531502e-06
4.889999999999999680e+00 5.215406456704442351e-06
4.949999999999999289e+00 5.836288177740772793e-06
5.009999999999999787e+00 4.346172047253702382e-06
5.070000000000000284e+00 2.483526884145009636e-06
5.129999999999999893e+00 1.241763442072486395e-06
5.189999999999999503e+00 1.490116130487005612e-06
5.250000000000000000e+00 1.490116130487005612e-06
5.309999999999999609e+00 1.490116130486983589e-06
5.369999999999999218e+00 1.614292474694256115e-06
5.429999999999999716e+00 7.450580652434917946e-07
5.490000000000000213e+00 6.208817210362524090e-07
5.549999999999999822e+00 1.241763442072486501e-07
5.609999999999999432e+00 1.241763442072504765e-07
5.669999999999999929e+00 1.241763442072486501e-07
5.730000000000000426e+00 0.000000000000000000e+00
5.789999999999999147e+00 1.241763442072504765e-07
5.849999999999999645e+00 0.000000000000000000e+00
5.910000000000000142e+00 1.241763442072504765e-07
5.969999999999999751e+00 1.241763442072486501e-07
