2.999999999999999889e-02 9.608082473278045654e-02
8.999999999999999667e-02 1.618776470422744751e-01
1.499999999999999944e-01 2.416443079710006714e-01
2.099999999999999922e-01 3.234186520179113122e-01
2.700000000000000178e-01 4.034167776505152569e-01
3.299999999999999600e-01 4.795663058757781982e-01
3.900000000000000133e-01 5.495072652896245691e-01
4.499999999999999556e-01 6.111695120731990283e-01
5.100000000000000089e-01 6.633621950944258439e-01
5.700000000000000622e-01 7.038660347461707101e-01
6.299999999999998934e-01 7.347669452428824410e-01
6.899999999999999467e-01 7.538740833600355851e-01
7.500000000000000000e-01 7.628891617059700980e-01
8.100000000000000533e-01 7.623445242643364095e-01
8.699999999999998845e-01 7.516800115505861690e-01
9.299999999999999378e-01 7.341937472422911393e-01
9.899999999999999911e-01 7.087553540865574320e-01
1.050000000000000044e+00 6.778612732887262515e-01
1.109999999999999876e+00 6.429401536782600735e-01
1.169999999999999929e+00 6.046337385972335721e-01
1.229999999999999982e+00 5.640036116043721792e-01
1.290000000000000036e+00 5.226011077562983109e-01
1.349999999999999867e+00 4.812788218259806960e-01
1.409999999999999920e+00 4.399808744589484011e-01
1.469999999999999973e+00 3.999265531698859011e-01
1.530000000000000027e+00 3.609837343295412282e-01
1.589999999999999858e+00 3.245914975802112745e-01
1.649999999999999911e+00 2.902284264564511385e-01
1.709999999999999964e+00 2.582959830760953590e-01
1.770000000000000018e+00 2.282424519459412826e-01
1.829999999999999849e+00 2.009620269139605897e-01
1.889999999999999902e+00 1.761097460985182050e-01
1.949999999999999956e+00 1.537763824065525031e-01
2.009999999999999787e+00 1.341992368300754523e-01
2.070000000000000284e+00 1.158911734819411260e-01
2.129999999999999893e+00 9.991663197676331487e-02
2.189999999999999947e+00 8.597634732723291595e-02
2.250000000000000000e+00 7.358131309350325611e-02
2.309999999999999609e+00 6.255246698856348209e-02
2.370000000000000107e+00 5.329859753449753268e-02
2.429999999999999716e+00 4.522427916526790270e-02
2.490000000000000213e+00 3.813169896602627146e-02
2.549999999999999822e+00 3.224983811378476228e-02
2.609999999999999876e+00 2.698861062526720575e-02
2.669999999999999929e+00 2.265733977158862489e-02
2.729999999999999538e+00 1.898854970932005101e-02
2.790000000000000036e+00 1.577436923980711503e-02
2.849999999999999645e+00 1.304931938648222663e-02
2.910000000000000142e+00 1.078185935815174391e-02
2.969999999999999751e+00 8.989746371905001435e-03
3.030000000000000249e+00 7.292007406552626289e-03
3.089999999999999858e+00 6.040558218955988448e-03
3.149999999999999911e+00 4.990026354789765979e-03
3.209999999999999964e+00 4.048272967338558542e-03
3.269999999999999574e+00 3.316998481750485245e-03
3.330000000000000071e+00 2.643217643102007634e-03
3.389999999999999680e+00 2.198914686838783928e-03
3.450000000000000178e+00 1.781806349754331978e-03
3.509999999999999787e+00 1.426413655281065593e-03
3.569999999999999840e+00 1.161793867746996594e-03
3.629999999999999893e+00 9.541710217793774240e-04
3.689999999999999503e+00 7.492800553639723674e-04
3.750000000000000000e+00 6.152937809626255611e-04
3.809999999999999609e+00 4.823009173075353917e-04
3.870000000000000107e+00 3.890444835027055486e-04
3.929999999999999716e+00 3.136694431304928930e-04
3.989999999999999769e+00 2.453724543253596631e-04
4.049999999999999822e+00 2.010414997736596331e-04
4.109999999999999432e+00 1.519918441772470966e-04
4.169999999999999929e+00 1.344829797744739863e-04
4.230000000000000426e+00 9.958942731221581527e-05
4.290000000000000036e+00 7.388492425282734786e-05
4.349999999999999645e+00 6.072223186492959224e-05
4.410000000000000142e+00 4.495183626810739225e-05
4.469999999999999751e+00 3.501772880554170081e-05
4.529999999999999361e+00 2.967814604441344295e-05
4.589999999999999858e+00 2.334515253702780280e-05
4.650000000000000355e+00 2.024074395497653075e-05
4.709999999999999964e+00 1.291433970133452813e-05
4.769999999999999574e+00 1.167257626851407419e-05
4.830000000000000071e+00 8.940696716308651348e-06
4.889999999999999680e+00 7.326404253641703619e-06
4.949999999999999289e+00 4.221995671590196941e-06
5.009999999999999787e+00 4.594524701436322278e-06
5.070000000000000284e+00 2.359350522359227627e-06
5.129999999999999893e+00 2.731879552205380917e-06
5.189999999999999503e+00 1.862645149230969101e-06
5.250000000000000000e+00 1.365939776102710787e-06
5.309999999999999609e+00 8.692344029744394501e-07
5.369999999999999218e+00 6.208817164103231044e-07
5.429999999999999716e+00 4.967053731282511143e-07
5.490000000000000213e+00 2.483526865641292100e-07
5.549999999999999822e+00 1.241763432820627786e-07
5.609999999999999432e+00 4.967053731282584200e-07
5.669999999999999929e+00 0.000000000000000000e+00
5.730000000000000426e+00 1.241763432820646050e-07
5.789999999999999147e+00 0.000000000000000000e+00
5.849999999999999645e+00 1.241763432820627786e-07
5.910000000000000142e+00 1.241763432820646050e-07
5.969999999999999751e+00 2.483526865641255572e-07
