2.999999999999999889e-02 9.612652162710826065e-02
8.999999999999999667e-02 1.616060733795166016e-01
1.499999999999999944e-01 2.414233982563018799e-01
2.099999999999999922e-01 3.230009227991104126e-01
2.700000000000000178e-01 4.033926874399185181e-01
3.299999999999999600e-01 4.797510802745819092e-01
3.900000000000000133e-01 5.493856966495513916e-01
4.499999999999999556e-01 6.110663215319316333e-01
5.100000000000000089e-01 6.630548586448027359e-01
5.700000000000000622e-01 7.038870205481854159e-01
6.299999999999998934e-01 7.347508023182558468e-01
6.899999999999999467e-01 7.546268403530114188e-01
7.500000000000000000e-01 7.632332543532046598e-01
8.100000000000000533e-01 7.622136423985170772e-01
8.699999999999998845e-01 7.517239699761080196e-01
9.299999999999999378e-01 7.339504857858015763e-01
9.899999999999999911e-01 7.087759673595421805e-01
1.050000000000000044e+00 6.782783816258106668e-01
1.109999999999999876e+00 6.430656959613182400e-01
1.169999999999999929e+00 6.042331457138055972e-01
1.229999999999999982e+00 5.640334139267598745e-01
1.290000000000000036e+00 5.233718703190500809e-01
1.349999999999999867e+00 4.813908288876211361e-01
1.409999999999999920e+00 4.402176787455872597e-01
1.469999999999999973e+00 4.000128557284669539e-01
1.530000000000000027e+00 3.614353636900580757e-01
1.589999999999999858e+00 3.244904180367796931e-01
1.649999999999999911e+00 2.899297823508578120e-01
1.709999999999999964e+00 2.577524632215497657e-01
1.770000000000000018e+00 2.281730373700466274e-01
1.829999999999999849e+00 2.010839680830635856e-01
1.889999999999999902e+00 1.760270446538923506e-01
1.949999999999999956e+00 1.538900037606555915e-01
2.009999999999999787e+00 1.339680204788842588e-01
2.070000000000000284e+00 1.159929980834324137e-01
2.129999999999999893e+00 9.998865425586692113e-02
2.189999999999999947e+00 8.566205700238602172e-02
2.250000000000000000e+00 7.349463800589237095e-02
2.309999999999999609e+00 6.276393930117284137e-02
2.370000000000000107e+00 5.329325795173640162e-02
2.429999999999999716e+00 4.508097966512040339e-02
2.490000000000000213e+00 3.812660773595170915e-02
2.549999999999999822e+00 3.211796283721921053e-02
2.609999999999999876e+00 2.710819244384783319e-02
2.669999999999999929e+00 2.261127034823097806e-02
2.729999999999999538e+00 1.890137791633604222e-02
2.790000000000000036e+00 1.575623949368793256e-02
2.849999999999999645e+00 1.310793062051136132e-02
2.910000000000000142e+00 1.076534390449522885e-02
2.969999999999999751e+00 8.927285671234122186e-03
3.030000000000000249e+00 7.321064670880629219e-03
3.089999999999999858e+00 6.042917569478347371e-03
3.149999999999999911e+00 4.962210853894584266e-03
3.209999999999999964e+00 4.086891810099279806e-03
3.269999999999999574e+00 3.291666507720944230e-03
3.330000000000000071e+00 2.702201406160988084e-03
3.389999999999999680e+00 2.210463086764015862e-03
3.450000000000000178e+00 1.758212844530739711e-03
3.509999999999999787e+00 1.452366511027017000e-03
3.569999999999999840e+00 1.140932242075609658e-03
3.629999999999999893e+00 9.392698605855297677e-04
3.689999999999999503e+00 7.506459951400750331e-04
3.750000000000000000e+00 6.172806024551386181e-04
3.809999999999999609e+00 4.825492699940994831e-04
3.870000000000000107e+00 3.966192404429114225e-04
3.929999999999999716e+00 3.094474474589027418e-04
3.989999999999999769e+00 2.469867467880265286e-04
4.049999999999999822e+00 1.985579729080183661e-04
4.109999999999999432e+00 1.585731903711964962e-04
4.169999999999999929e+00 1.198301712671905706e-04
4.230000000000000426e+00 9.573996067047181482e-05
4.290000000000000036e+00 7.897615432739192760e-05
4.349999999999999645e+00 5.799035231272417278e-05
4.410000000000000142e+00 4.805624485015900311e-05
4.469999999999999751e+00 3.712872664133676963e-05
4.529999999999999361e+00 3.141661485036234747e-05
4.589999999999999858e+00 2.446273962656636685e-05
4.650000000000000355e+00 1.837809880574556355e-05
4.709999999999999964e+00 1.390775044759103120e-05
4.769999999999999574e+00 8.195638656616265148e-06
4.830000000000000071e+00 7.823109626770070353e-06
4.889999999999999680e+00 7.947285970052017829e-06
4.949999999999999289e+00 6.084640820821165830e-06
5.009999999999999787e+00 4.842877388000448471e-06
5.070000000000000284e+00 2.980232238769550732e-06
5.129999999999999893e+00 4.097819328308071587e-06
5.189999999999999503e+00 2.607703208923356784e-06
5.250000000000000000e+00 1.117587089538581419e-06
5.309999999999999609e+00 3.725290298461883358e-07
5.369999999999999218e+00 8.692344029744522615e-07
5.429999999999999716e+00 4.967053731282511143e-07
5.490000000000000213e+00 2.483526865641292100e-07
5.549999999999999822e+00 1.241763432820627786e-07
5.609999999999999432e+00 9.934107462565168400e-07
5.669999999999999929e+00 0.000000000000000000e+00
5.730000000000000426e+00 2.483526865641292100e-07
5.789999999999999147e+00 2.483526865641292100e-07
5.849999999999999645e+00 3.725290298461883358e-07
5.910000000000000142e+00 0.000000000000000000e+00
5.969999999999999751e+00 0.000000000000000000e+00
