2.999999999999999889e-02 9.629279375076293945e-02
8.999999999999999667e-02 1.619533946116765433e-01
1.499999999999999944e-01 2.418347944815953665e-01
2.099999999999999922e-01 3.233268857002258301e-01
2.700000000000000178e-01 4.040523121754328595e-01
3.299999999999999600e-01 4.796231786410014020e-01
3.900000000000000133e-01 5.496057371298472827e-01
4.499999999999999556e-01 6.113439798355102539e-01
5.100000000000000089e-01 6.630620608727131327e-01
5.700000000000000622e-01 7.044554998477307040e-01
6.299999999999998934e-01 7.345003386338558871e-01
6.899999999999999467e-01 7.539812475442879691e-01
7.500000000000000000e-01 7.629070430994027152e-01
8.100000000000000533e-01 7.612916330496477535e-01
8.699999999999998845e-01 7.517568767070778035e-01
9.299999999999999378e-01 7.326241582632058158e-01
9.899999999999999911e-01 7.089279592037194266e-01
1.050000000000000044e+00 6.780025859673811661e-01
1.109999999999999876e+00 6.431697557369886464e-01
1.169999999999999929e+00 6.048690527677530460e-01
1.229999999999999982e+00 5.642278740803395864e-01
1.290000000000000036e+00 5.225786318381642204e-01
1.349999999999999867e+00 4.810569187005356850e-01
1.409999999999999920e+00 4.401262849569316793e-01
1.469999999999999973e+00 4.000719636678692348e-01
1.530000000000000027e+00 3.612200419108069771e-01
1.589999999999999858e+00 3.245644271373757661e-01
1.649999999999999911e+00 2.897445112466809358e-01
1.709999999999999964e+00 2.578067282835640461e-01
1.770000000000000018e+00 2.286237974961605190e-01
1.829999999999999849e+00 2.008168647686638664e-01
1.889999999999999902e+00 1.760970801115034345e-01
1.949999999999999956e+00 1.538835465908049149e-01
2.009999999999999787e+00 1.338257143894830137e-01
2.070000000000000284e+00 1.158673316240309698e-01
2.129999999999999893e+00 1.000976810852685639e-01
2.189999999999999947e+00 8.602390686670995101e-02
2.250000000000000000e+00 7.340696950753523853e-02
2.309999999999999609e+00 6.276605029900862720e-02
2.370000000000000107e+00 5.341966946919754489e-02
2.429999999999999716e+00 4.524538914362585817e-02
2.490000000000000213e+00 3.827599187692003191e-02
2.549999999999999822e+00 3.219246864318844881e-02
2.609999999999999876e+00 2.703766028086361864e-02
2.669999999999999929e+00 2.270378172397611444e-02
2.729999999999999538e+00 1.894732316335040467e-02
2.790000000000000036e+00 1.578430334726968129e-02
2.849999999999999645e+00 1.304633915424345710e-02
2.910000000000000142e+00 1.085512340068816098e-02
2.969999999999999751e+00 9.006882707277926239e-03
3.030000000000000249e+00 7.401282588640842146e-03
3.089999999999999858e+00 6.032735109329218429e-03
3.149999999999999911e+00 4.972393314043713208e-03
3.209999999999999964e+00 4.069010416666663486e-03
3.269999999999999574e+00 3.330409526824948136e-03
3.330000000000000071e+00 2.718344330787656089e-03
3.389999999999999680e+00 2.200653155644732677e-03
3.450000000000000178e+00 1.796955863634743618e-03
3.509999999999999787e+00 1.446033517519631746e-03
3.569999999999999840e+00 1.167630155881253448e-03
3.629999999999999893e+00 9.305775165557852655e-04
3.689999999999999503e+00 7.470448811848952190e-04
3.750000000000000000e+00 5.987783273061111477e-04
3.809999999999999609e+00 4.824250936508174374e-04
3.870000000000000107e+00 3.798554340998328092e-04
3.929999999999999716e+00 3.130485614140825559e-04
3.989999999999999769e+00 2.477318048477189115e-04
4.049999999999999822e+00 1.969436804453515548e-04
4.109999999999999432e+00 1.560896635055552292e-04
4.169999999999999929e+00 1.266598701477040210e-04
4.230000000000000426e+00 9.859601656595930034e-05
4.290000000000000036e+00 7.065633932749371159e-05
4.349999999999999645e+00 5.923211574554481984e-05
4.410000000000000142e+00 4.755953947703074565e-05
4.469999999999999751e+00 3.563861052195201756e-05
4.529999999999999361e+00 2.992649873097757168e-05
4.589999999999999858e+00 2.607703208923318160e-05
4.650000000000000355e+00 1.775721708933524002e-05
4.709999999999999964e+00 1.552204291025784764e-05
4.769999999999999574e+00 1.067916552225755587e-05
4.830000000000000071e+00 9.064873059590717409e-06
4.889999999999999680e+00 7.202227910359640946e-06
4.949999999999999289e+00 5.960464477539101464e-06
5.009999999999999787e+00 4.097819328308071587e-06
5.070000000000000284e+00 2.731879552205421575e-06
5.129999999999999893e+00 1.490116119384753343e-06
5.189999999999999503e+00 1.986821492513033680e-06
5.250000000000000000e+00 1.365939776102710787e-06
5.309999999999999609e+00 9.934107462565022287e-07
5.369999999999999218e+00 8.692344029744522615e-07
5.429999999999999716e+00 7.450580596923766715e-07
5.490000000000000213e+00 2.483526865641292100e-07
5.549999999999999822e+00 4.967053731282511143e-07
5.609999999999999432e+00 1.241763432820646050e-07
5.669999999999999929e+00 0.000000000000000000e+00
5.730000000000000426e+00 1.241763432820646050e-07
5.789999999999999147e+00 1.241763432820646050e-07
5.849999999999999645e+00 0.000000000000000000e+00
5.910000000000000142e+00 2.483526865641292100e-07
5.969999999999999751e+00 0.000000000000000000e+00
