2.999999999999999889e-02 9.649917555227260912e-02
8.999999999999999667e-02 1.618999999903142362e-01
1.499999999999999944e-01 2.414568034916381445e-01
2.099999999999999922e-01 3.233758135888165630e-01
2.700000000000000178e-01 4.033996443207039095e-01
3.299999999999999600e-01 4.802346265333490294e-01
3.900000000000000133e-01 5.500168891003993643e-01
4.499999999999999556e-01 6.110278314180263015e-01
5.100000000000000089e-01 6.629937688235965076e-01
5.700000000000000622e-01 7.040633562013266511e-01
6.299999999999998934e-01 7.347283318742744429e-01
6.899999999999999467e-01 7.539310859188264047e-01
7.500000000000000000e-01 7.626675126155273432e-01
8.100000000000000533e-01 7.619192259653359001e-01
8.699999999999998845e-01 7.516014135251555262e-01
9.299999999999999378e-01 7.335013454171611658e-01
9.899999999999999911e-01 7.089722954405263122e-01
1.050000000000000044e+00 6.776919018056876132e-01
1.109999999999999876e+00 6.421820618871523223e-01
1.169999999999999929e+00 6.047200456613299746e-01
1.229999999999999982e+00 5.644248219660775723e-01
1.290000000000000036e+00 5.230834125708809790e-01
1.349999999999999867e+00 4.811798568654542252e-01
1.409999999999999920e+00 4.399057510488159628e-01
1.469999999999999973e+00 3.997127244848460714e-01
1.530000000000000027e+00 3.610942539654240502e-01
1.589999999999999858e+00 3.244996095038930051e-01
1.649999999999999911e+00 2.904525669201155624e-01
1.709999999999999964e+00 2.580606708282776607e-01
1.770000000000000018e+00 2.281907962872898599e-01
1.829999999999999849e+00 2.009511008929541487e-01
1.889999999999999902e+00 1.762306951698959512e-01
1.949999999999999956e+00 1.539587986019162746e-01
2.009999999999999787e+00 1.335605988916798159e-01
2.070000000000000284e+00 1.159913846551729050e-01
2.129999999999999893e+00 1.000655201579047360e-01
2.189999999999999947e+00 8.608202203672700448e-02
2.250000000000000000e+00 7.349501108250272585e-02
2.309999999999999609e+00 6.285905884846337832e-02
2.370000000000000107e+00 5.335435311015208210e-02
2.429999999999999716e+00 4.519658817745682983e-02
2.490000000000000213e+00 3.827102510833010202e-02
2.549999999999999822e+00 3.218390071529073082e-02
2.609999999999999876e+00 2.713849167380617475e-02
2.669999999999999929e+00 2.275891618996048887e-02
2.729999999999999538e+00 1.887405926143669033e-02
2.790000000000000036e+00 1.574916155946125274e-02
2.849999999999999645e+00 1.305478324285235317e-02
2.910000000000000142e+00 1.084816960628952852e-02
2.969999999999999751e+00 8.943925367871356780e-03
3.030000000000000249e+00 7.376944080320074239e-03
3.089999999999999858e+00 6.109351958652470618e-03
3.149999999999999911e+00 4.910926060708342353e-03
3.209999999999999964e+00 4.074598382472479491e-03
3.269999999999999574e+00 3.255779568769876127e-03
3.330000000000000071e+00 2.686679383268050954e-03
3.389999999999999680e+00 2.200280643008254919e-03
3.450000000000000178e+00 1.775721722163668562e-03
3.509999999999999787e+00 1.416231205683681242e-03
3.569999999999999840e+00 1.144657540902434918e-03
3.629999999999999893e+00 9.555369686747852351e-04
3.689999999999999503e+00 7.587174631062947473e-04
3.750000000000000000e+00 6.098300264018025182e-04
3.809999999999999609e+00 4.846602714408949734e-04
3.870000000000000107e+00 3.792345552089401240e-04
3.929999999999999716e+00 3.065913938476991295e-04
3.989999999999999769e+00 2.376735228126773865e-04
4.049999999999999822e+00 1.960744475032456075e-04
4.109999999999999432e+00 1.565863700453428461e-04
4.169999999999999929e+00 1.188367614063369314e-04
4.230000000000000426e+00 9.847184095634962768e-05
4.290000000000000036e+00 7.860362588318838169e-05
4.349999999999999645e+00 5.712111833533522120e-05
4.410000000000000142e+00 5.029141940393643592e-05
4.469999999999999751e+00 4.097819358839204765e-05
4.529999999999999361e+00 2.731879572559510388e-05
4.589999999999999858e+00 2.247591830151200138e-05
4.650000000000000355e+00 1.825392259846581801e-05
4.709999999999999964e+00 1.415610323962634389e-05
4.769999999999999574e+00 1.179675269968879524e-05
4.830000000000000071e+00 7.202227964020527478e-06
4.889999999999999680e+00 7.450580652434917523e-06
4.949999999999999289e+00 5.091230112497269775e-06
5.009999999999999787e+00 4.221995703046453574e-06
5.070000000000000284e+00 3.352761293595762733e-06
5.129999999999999893e+00 2.235174195730475172e-06
5.189999999999999503e+00 1.986821507316007624e-06
5.250000000000000000e+00 7.450580652435028061e-07
5.309999999999999609e+00 2.110997851523226787e-06
5.369999999999999218e+00 1.117587097865254103e-06
5.429999999999999716e+00 3.725290326217458973e-07
5.490000000000000213e+00 2.483526884145009530e-07
5.549999999999999822e+00 4.967053768289946003e-07
5.609999999999999432e+00 2.483526884145009530e-07
5.669999999999999929e+00 1.241763442072486501e-07
5.730000000000000426e+00 0.000000000000000000e+00
5.789999999999999147e+00 0.000000000000000000e+00
5.849999999999999645e+00 1.241763442072486501e-07
5.910000000000000142e+00 0.000000000000000000e+00
5.969999999999999751e+00 0.000000000000000000e+00
