2.999999999999999889e-02 9.623964627583822540e-02
8.999999999999999667e-02 1.617560784022013531e-01
1.499999999999999944e-01 2.418093383312225342e-01
2.099999999999999922e-01 3.233853727579116821e-01
2.700000000000000178e-01 4.036111136277517053e-01
3.299999999999999600e-01 4.798468202352523804e-01
3.900000000000000133e-01 5.487916370232900354e-01
4.499999999999999556e-01 6.112024188041687012e-01
5.100000000000000089e-01 6.631053984165186099e-01
5.700000000000000622e-01 7.044399778048203720e-01
6.299999999999998934e-01 7.342997938394553170e-01
6.899999999999999467e-01 7.545836269855492606e-01
7.500000000000000000e-01 7.633334646622332853e-01
8.100000000000000533e-01 7.618171473344174105e-01
8.699999999999998845e-01 7.518457869688677242e-01
9.299999999999999378e-01 7.335950930913283097e-01
9.899999999999999911e-01 7.086188842852904068e-01
1.050000000000000044e+00 6.778658678134276139e-01
1.109999999999999876e+00 6.426508227984129018e-01
1.169999999999999929e+00 6.047949194908136539e-01
1.229999999999999982e+00 5.638809253772094632e-01
1.290000000000000036e+00 5.227318654457743241e-01
1.349999999999999867e+00 4.810262471437449783e-01
1.409999999999999920e+00 4.400352636973059450e-01
1.469999999999999973e+00 4.001419991254803188e-01
1.530000000000000027e+00 3.612825026114778737e-01
1.589999999999999858e+00 3.247835983832686457e-01
1.649999999999999911e+00 2.901616195837654066e-01
1.709999999999999964e+00 2.578637252251305134e-01
1.770000000000000018e+00 2.282435695330308212e-01
1.829999999999999849e+00 2.010236183802285026e-01
1.889999999999999902e+00 1.764743278423943629e-01
1.949999999999999956e+00 1.538696388403573145e-01
2.009999999999999787e+00 1.337303469578423887e-01
2.070000000000000284e+00 1.159531374772388712e-01
2.129999999999999893e+00 9.975942472616822210e-02
2.189999999999999947e+00 8.579765756925003539e-02
2.250000000000000000e+00 7.347886761029555347e-02
2.309999999999999609e+00 6.283993522326146441e-02
2.370000000000000107e+00 5.344736079374944049e-02
2.429999999999999716e+00 4.526476065317786013e-02
2.490000000000000213e+00 3.836589554945624148e-02
2.549999999999999822e+00 3.218092024326321687e-02
2.609999999999999876e+00 2.697246770064053514e-02
2.669999999999999929e+00 2.269881467024483304e-02
2.729999999999999538e+00 1.890398561954496556e-02
2.790000000000000036e+00 1.568074027697244008e-02
2.849999999999999645e+00 1.310221850872038581e-02
2.910000000000000142e+00 1.083488265673318574e-02
2.969999999999999751e+00 8.941814303398123651e-03
3.030000000000000249e+00 7.315849264462782539e-03
3.089999999999999858e+00 6.033480167388910811e-03
3.149999999999999911e+00 5.002071460088126746e-03
3.209999999999999964e+00 4.023189345995581943e-03
3.269999999999999574e+00 3.319357832272844602e-03
3.330000000000000071e+00 2.689659595489499351e-03
3.389999999999999680e+00 2.170354127883909398e-03
3.450000000000000178e+00 1.776590943336485299e-03
3.509999999999999787e+00 1.436720291773476961e-03
3.569999999999999840e+00 1.138448715209968310e-03
3.629999999999999893e+00 9.434918562571199731e-04
3.689999999999999503e+00 7.579723993937167613e-04
3.750000000000000000e+00 5.977849165598545650e-04
3.809999999999999609e+00 5.010515451431270077e-04
3.870000000000000107e+00 4.132588704427079900e-04
3.929999999999999716e+00 3.074606259663896848e-04
3.989999999999999769e+00 2.477318048477189115e-04
4.049999999999999822e+00 2.016623814900699431e-04
4.109999999999999432e+00 1.506259044011443767e-04
4.169999999999999929e+00 1.301368077596017894e-04
4.230000000000000426e+00 9.623666604360007907e-05
4.290000000000000036e+00 7.748603820800717553e-05
4.349999999999999645e+00 5.811452865600623885e-05
4.410000000000000142e+00 4.619359970092803253e-05
4.469999999999999751e+00 3.638366858164439360e-05
4.529999999999999361e+00 2.806385358174660110e-05
4.589999999999999858e+00 2.160668373107892199e-05
4.650000000000000355e+00 1.862645149230969229e-05
4.709999999999999964e+00 1.428027947743721922e-05
4.769999999999999574e+00 1.080334186553962193e-05
4.830000000000000071e+00 8.940696716308651348e-06
4.889999999999999680e+00 5.587935447692824507e-06
4.949999999999999289e+00 4.346172014872261307e-06
5.009999999999999787e+00 4.221995671590134260e-06
5.070000000000000284e+00 3.104408582051615099e-06
5.129999999999999893e+00 2.359350522359192475e-06
5.189999999999999503e+00 2.607703208923356784e-06
5.250000000000000000e+00 9.934107462565168400e-07
5.309999999999999609e+00 1.490116119384753343e-06
5.369999999999999218e+00 1.365939776102710787e-06
5.429999999999999716e+00 3.725290298461883358e-07
5.490000000000000213e+00 4.967053731282584200e-07
5.549999999999999822e+00 2.483526865641255572e-07
5.609999999999999432e+00 0.000000000000000000e+00
5.669999999999999929e+00 0.000000000000000000e+00
5.730000000000000426e+00 2.483526865641292100e-07
5.789999999999999147e+00 2.483526865641292100e-07
5.849999999999999645e+00 0.000000000000000000e+00
5.910000000000000142e+00 0.000000000000000000e+00
5.969999999999999751e+00 0.000000000000000000e+00
