2.999999999999999889e-02 9.619829555352529815e-02
8.999999999999999667e-02 1.618433743715286255e-01
1.499999999999999944e-01 2.418688187996546612e-01
2.099999999999999922e-01 3.235287964344024658e-01
2.700000000000000178e-01 4.031377534071604596e-01
3.299999999999999600e-01 4.800260066986083984e-01
3.900000000000000133e-01 5.494787047306697314e-01
4.499999999999999556e-01 6.114261845747630542e-01
5.100000000000000089e-01 6.628139565388355692e-01
5.700000000000000622e-01 7.038620611031857210e-01
6.299999999999998934e-01 7.347473253806439120e-01
6.899999999999999467e-01 7.542797674735380875e-01
7.500000000000000000e-01 7.629973193009688126e-01
8.100000000000000533e-01 7.622620711723970821e-01
8.699999999999998845e-01 7.522354523340868404e-01
9.299999999999999378e-01 7.333114743232720389e-01
9.899999999999999911e-01 7.084012031555169120e-01
1.050000000000000044e+00 6.780069321393961124e-01
1.109999999999999876e+00 6.427990893522916860e-01
1.169999999999999929e+00 6.044254948695495511e-01
1.229999999999999982e+00 5.643239865700399038e-01
1.290000000000000036e+00 5.226504057645812162e-01
1.349999999999999867e+00 4.810071239868795590e-01
1.409999999999999920e+00 4.397230843702948366e-01
1.469999999999999973e+00 3.996790697177247664e-01
1.530000000000000027e+00 3.615348289410270088e-01
1.589999999999999858e+00 3.245684007803608107e-01
1.649999999999999911e+00 2.903483808040616121e-01
1.709999999999999964e+00 2.579886466264722511e-01
1.770000000000000018e+00 2.281315624713904089e-01
1.829999999999999849e+00 2.009776731332141297e-01
1.889999999999999902e+00 1.761765529712039646e-01
1.949999999999999956e+00 1.539171983798343635e-01
2.009999999999999787e+00 1.338455826044081531e-01
2.070000000000000284e+00 1.157724608977634684e-01
2.129999999999999893e+00 9.998182455698639837e-02
2.189999999999999947e+00 8.604228496551569183e-02
2.250000000000000000e+00 7.360080877939853550e-02
2.309999999999999609e+00 6.280715266863499957e-02
2.370000000000000107e+00 5.331126352151230319e-02
2.429999999999999716e+00 4.522229234377539431e-02
2.490000000000000213e+00 3.824084997177120554e-02
2.549999999999999822e+00 3.223481277624763025e-02
2.609999999999999876e+00 2.707478900750495687e-02
2.669999999999999929e+00 2.264156937599180047e-02
2.729999999999999538e+00 1.881370941797890634e-02
2.790000000000000036e+00 1.579100886980691273e-02
2.849999999999999645e+00 1.308048764864602580e-02
2.910000000000000142e+00 1.085139811038969906e-02
2.969999999999999751e+00 8.907169103622427850e-03
3.030000000000000249e+00 7.378930846850070661e-03
3.089999999999999858e+00 6.027768055597935298e-03
3.149999999999999911e+00 5.003809928894075928e-03
3.209999999999999964e+00 4.066154360771175730e-03
3.269999999999999574e+00 3.346179922421770384e-03
3.330000000000000071e+00 2.705678343772885582e-03
3.389999999999999680e+00 2.202764153480527617e-03
3.450000000000000178e+00 1.782178878784178170e-03
3.509999999999999787e+00 1.440693934758502858e-03
3.569999999999999840e+00 1.168871919314074231e-03
3.629999999999999893e+00 9.478380282719921701e-04
3.689999999999999503e+00 7.460514704386386363e-04
3.750000000000000000e+00 6.083399057388300243e-04
3.809999999999999609e+00 4.782030979792272862e-04
3.870000000000000107e+00 3.865609566370642545e-04
3.929999999999999716e+00 2.965331077575680883e-04
3.989999999999999769e+00 2.468625704447444287e-04
4.049999999999999822e+00 2.011656761169416789e-04
4.109999999999999432e+00 1.459072033564259071e-04
4.169999999999999929e+00 1.234312852223703983e-04
4.230000000000000426e+00 9.946525096893375599e-05
4.290000000000000036e+00 7.860362529754573620e-05
4.349999999999999645e+00 6.680687268575075468e-05
4.410000000000000142e+00 4.830459753672313524e-05
4.469999999999999751e+00 3.588696320851614291e-05
4.529999999999999361e+00 2.856055895487486196e-05
4.589999999999999858e+00 2.309679985046367406e-05
4.650000000000000355e+00 1.676380634307872170e-05
4.709999999999999964e+00 1.577039559682197299e-05
4.769999999999999574e+00 1.117587089538581503e-05
4.830000000000000071e+00 7.698933283488005986e-06
4.889999999999999680e+00 7.202227910359640946e-06
4.949999999999999289e+00 6.829698880513553725e-06
5.009999999999999787e+00 5.215406417846636489e-06
5.070000000000000284e+00 3.725290298461938203e-06
5.129999999999999893e+00 2.731879552205380917e-06
5.189999999999999503e+00 2.359350522359227627e-06
5.250000000000000000e+00 1.490116119384775366e-06
5.309999999999999609e+00 1.241763432820627786e-06
5.369999999999999218e+00 1.117587089538581419e-06
5.429999999999999716e+00 4.967053731282511143e-07
5.490000000000000213e+00 6.208817164103231044e-07
5.549999999999999822e+00 4.967053731282511143e-07
5.609999999999999432e+00 0.000000000000000000e+00
5.669999999999999929e+00 2.483526865641255572e-07
5.730000000000000426e+00 1.241763432820646050e-07
5.789999999999999147e+00 0.000000000000000000e+00
5.849999999999999645e+00 1.241763432820627786e-07
5.910000000000000142e+00 1.241763432820646050e-07
5.969999999999999751e+00 0.000000000000000000e+00
