2.999999999999999889e-02 9.613956014315287735e-02
8.999999999999999667e-02 1.616466790437698364e-01
1.499999999999999944e-01 2.413034439086914062e-01
2.099999999999999922e-01 3.230661153793334961e-01
2.700000000000000178e-01 4.034175227085749493e-01
3.299999999999999600e-01 4.797606418530146466e-01
3.900000000000000133e-01 5.496796220541000366e-01
4.499999999999999556e-01 6.107676774263381958e-01
5.100000000000000089e-01 6.636134038368854959e-01
5.700000000000000622e-01 7.041923701763159738e-01
6.299999999999998934e-01 7.345722367366162020e-01
6.899999999999999467e-01 7.538815339406325089e-01
7.500000000000000000e-01 7.631771266460412040e-01
8.100000000000000533e-01 7.624961435794838094e-01
8.699999999999998845e-01 7.519274950027473592e-01
9.299999999999999378e-01 7.336266338825219169e-01
9.899999999999999911e-01 7.083754986524575248e-01
1.050000000000000044e+00 6.779725352923069437e-01
1.109999999999999876e+00 6.427759925524412221e-01
1.169999999999999929e+00 6.048355251550668887e-01
1.229999999999999982e+00 5.641705046097432730e-01
1.290000000000000036e+00 5.234052737553929191e-01
1.349999999999999867e+00 4.815564801295594277e-01
1.409999999999999920e+00 4.401358465353644167e-01
1.469999999999999973e+00 3.998445967833197390e-01
1.530000000000000027e+00 3.612983971834179409e-01
1.589999999999999858e+00 3.242414444684991182e-01
1.649999999999999911e+00 2.901130666335421382e-01
1.709999999999999964e+00 2.581097185611722633e-01
1.770000000000000018e+00 2.282946060101197494e-01
1.829999999999999849e+00 2.012364566326139692e-01
1.889999999999999902e+00 1.760840415954588178e-01
1.949999999999999956e+00 1.538207133611041999e-01
2.009999999999999787e+00 1.339539885520933948e-01
2.070000000000000284e+00 1.155547797679900152e-01
2.129999999999999893e+00 9.996953109900147405e-02
2.189999999999999947e+00 8.580995102723495971e-02
2.250000000000000000e+00 7.357771197954807163e-02
2.309999999999999609e+00 6.283335387706751041e-02
2.370000000000000107e+00 5.315430462360377223e-02
2.429999999999999716e+00 4.518764714399969851e-02
2.490000000000000213e+00 3.815715511639909685e-02
2.549999999999999822e+00 3.216130038102465311e-02
2.609999999999999876e+00 2.712743977705655424e-02
2.669999999999999929e+00 2.267857392628985780e-02
2.729999999999999538e+00 1.887008547782896214e-02
2.790000000000000036e+00 1.576145490010577924e-02
2.849999999999999645e+00 1.300213237603504296e-02
2.910000000000000142e+00 1.077664395173389723e-02
2.969999999999999751e+00 8.926788965860995087e-03
3.030000000000000249e+00 7.402151823043816303e-03
3.089999999999999858e+00 6.030251582463576863e-03
3.149999999999999911e+00 4.959727327028942701e-03
3.209999999999999964e+00 4.035110274950660068e-03
3.269999999999999574e+00 3.278503815333045756e-03
3.330000000000000071e+00 2.695992588996884605e-03
3.389999999999999680e+00 2.163151899973549553e-03
3.450000000000000178e+00 1.809000968933103951e-03
3.509999999999999787e+00 1.431877414385476473e-03
3.569999999999999840e+00 1.154219110806790557e-03
3.629999999999999893e+00 9.341786305109651880e-04
3.689999999999999503e+00 7.629394531249993495e-04
3.750000000000000000e+00 6.053596735000604931e-04
3.809999999999999609e+00 4.785756270090734776e-04
3.870000000000000107e+00 3.928939501444495084e-04
3.929999999999999716e+00 3.223617871602373411e-04
3.989999999999999769e+00 2.441306908925390160e-04
4.049999999999999822e+00 1.991788546244286761e-04
4.109999999999999432e+00 1.539786656697601265e-04
4.169999999999999929e+00 1.210719347000112041e-04
4.230000000000000426e+00 9.983777999877994740e-05
4.290000000000000036e+00 7.748603820800717553e-05
4.349999999999999645e+00 5.910793940226275378e-05
4.410000000000000142e+00 4.532436529795358366e-05
4.469999999999999751e+00 3.489355246225964152e-05
4.529999999999999361e+00 3.054738044738789182e-05
4.589999999999999858e+00 2.260009447733542337e-05
4.650000000000000355e+00 1.750886440277111129e-05
4.709999999999999964e+00 1.539786656697578497e-05
4.769999999999999574e+00 1.005828380584723404e-05
4.830000000000000071e+00 9.313225746154846143e-06
4.889999999999999680e+00 5.836288134256950699e-06
4.949999999999999289e+00 4.594524701436390888e-06
5.009999999999999787e+00 3.849466641743946242e-06
5.070000000000000284e+00 3.725290298461938203e-06
5.129999999999999893e+00 2.856055895487443590e-06
5.189999999999999503e+00 1.862645149230969101e-06
5.250000000000000000e+00 8.692344029744522615e-07
5.309999999999999609e+00 9.934107462565022287e-07
5.369999999999999218e+00 9.934107462565168400e-07
5.429999999999999716e+00 6.208817164103138929e-07
5.490000000000000213e+00 6.208817164103231044e-07
5.549999999999999822e+00 1.241763432820627786e-07
5.609999999999999432e+00 2.483526865641292100e-07
5.669999999999999929e+00 3.725290298461883358e-07
5.730000000000000426e+00 3.725290298461938415e-07
5.789999999999999147e+00 2.483526865641292100e-07
5.849999999999999645e+00 0.000000000000000000e+00
5.910000000000000142e+00 0.000000000000000000e+00
5.969999999999999751e+00 0.000000000000000000e+00
