2.999999999999999889e-02 9.604940883355396475e-02
8.999999999999999667e-02 1.616463077190988251e-01
1.499999999999999944e-01 2.414294846959125496e-01
2.099999999999999922e-01 3.231270883713694420e-01
2.700000000000000178e-01 4.034490665056983949e-01
3.299999999999999600e-01 4.795050905111314932e-01
3.900000000000000133e-01 5.498262784120412361e-01
4.499999999999999556e-01 6.112720862870818506e-01
5.100000000000000089e-01 6.625918099973976405e-01
5.700000000000000622e-01 7.046718202879421744e-01
6.299999999999998934e-01 7.346056456461975692e-01
6.899999999999999467e-01 7.536629891916828416e-01
7.500000000000000000e-01 7.634267267840104676e-01
8.100000000000000533e-01 7.622844285936494213e-01
8.699999999999998845e-01 7.521030859557528148e-01
9.299999999999999378e-01 7.338639403422463348e-01
9.899999999999999911e-01 7.085616442702330486e-01
1.050000000000000044e+00 6.780059437801877475e-01
1.109999999999999876e+00 6.427280652726314880e-01
1.169999999999999929e+00 6.044864699578761380e-01
1.229999999999999982e+00 5.644862892564601609e-01
1.290000000000000036e+00 5.228098520845922970e-01
1.349999999999999867e+00 4.811963723192337894e-01
1.409999999999999920e+00 4.402756723782093595e-01
1.469999999999999973e+00 4.001498252164555902e-01
1.530000000000000027e+00 3.612587876214987115e-01
1.589999999999999858e+00 3.242465381143986858e-01
1.649999999999999911e+00 2.901924174790013744e-01
1.709999999999999964e+00 2.580098827034968956e-01
1.770000000000000018e+00 2.281664577238252389e-01
1.829999999999999849e+00 2.011911337663067623e-01
1.889999999999999902e+00 1.763685309119659983e-01
1.949999999999999956e+00 1.540150504858421587e-01
2.009999999999999787e+00 1.335691670594301161e-01
2.070000000000000284e+00 1.159353811239354354e-01
2.129999999999999893e+00 9.985566213619448406e-02
2.189999999999999947e+00 8.590680921505057521e-02
2.250000000000000000e+00 7.338797107379607665e-02
2.309999999999999609e+00 6.282515870649479917e-02
2.370000000000000107e+00 5.340452035321181096e-02
2.429999999999999716e+00 4.522316191511717431e-02
2.490000000000000213e+00 3.820943364160330619e-02
2.549999999999999822e+00 3.215198739482947460e-02
2.609999999999999876e+00 2.698116024569558943e-02
2.669999999999999929e+00 2.259239571237856709e-02
2.729999999999999538e+00 1.882302278396751072e-02
2.790000000000000036e+00 1.571451635942743008e-02
2.849999999999999645e+00 1.309749990525964705e-02
2.910000000000000142e+00 1.088753350740322492e-02
2.969999999999999751e+00 8.889411952764374181e-03
3.030000000000000249e+00 7.372101202895991502e-03
3.089999999999999858e+00 6.041303322026897807e-03
3.149999999999999911e+00 4.912540353183035731e-03
3.209999999999999964e+00 4.034489423293537852e-03
3.269999999999999574e+00 3.299613818275035255e-03
3.330000000000000071e+00 2.668922166046414687e-03
3.389999999999999680e+00 2.191464122569540193e-03
3.450000000000000178e+00 1.773859077000559817e-03
3.509999999999999787e+00 1.454477519699513919e-03
3.569999999999999840e+00 1.154591648439014890e-03
3.629999999999999893e+00 9.331852267174802970e-04
3.689999999999999503e+00 7.496525899791656308e-04
3.750000000000000000e+00 5.970398629484558036e-04
3.809999999999999609e+00 4.859020348829674700e-04
3.870000000000000107e+00 3.856917251077171061e-04
3.929999999999999716e+00 3.064672175034919340e-04
3.989999999999999769e+00 2.437581636788326738e-04
4.049999999999999822e+00 1.975645636337325763e-04
4.109999999999999432e+00 1.538544904727833266e-04
4.169999999999999929e+00 1.254181076493211225e-04
4.230000000000000426e+00 1.012037205289091337e-04
4.290000000000000036e+00 7.823109685056663272e-05
4.349999999999999645e+00 6.320575920149049500e-05
4.410000000000000142e+00 4.569689466826817154e-05
4.469999999999999751e+00 4.023313552314855649e-05
4.529999999999999361e+00 3.241002583809237026e-05
4.589999999999999858e+00 2.707044303718020138e-05
4.650000000000000355e+00 1.825392259846581801e-05
4.709999999999999964e+00 1.415610323962634389e-05
4.769999999999999574e+00 1.018246022499453955e-05
4.830000000000000071e+00 9.189049471336535526e-06
4.889999999999999680e+00 5.463759145118939969e-06
4.949999999999999289e+00 5.712111833533521443e-06
5.009999999999999787e+00 3.973643014631956803e-06
5.070000000000000284e+00 2.110997851523258127e-06
5.129999999999999893e+00 1.986821507315978401e-06
5.189999999999999503e+00 1.117587097865254103e-06
5.250000000000000000e+00 1.614292474694256115e-06
5.309999999999999609e+00 4.967053768289946003e-07
5.369999999999999218e+00 8.692344094507533090e-07
5.429999999999999716e+00 3.725290326217458973e-07
5.490000000000000213e+00 4.967053768290019060e-07
5.549999999999999822e+00 2.483526884144973002e-07
5.609999999999999432e+00 6.208817210362524090e-07
5.669999999999999929e+00 4.967053768289946003e-07
5.730000000000000426e+00 0.000000000000000000e+00
5.789999999999999147e+00 1.241763442072504765e-07
5.849999999999999645e+00 1.241763442072486501e-07
5.910000000000000142e+00 1.241763442072504765e-07
5.969999999999999751e+00 0.000000000000000000e+00
