2.999999999999999889e-02 9.614068131176188581e-02
8.999999999999999667e-02 1.620108942939922636e-01
1.499999999999999944e-01 2.415463418344535595e-01
2.099999999999999922e-01 3.233314922699639937e-01
2.700000000000000178e-01 4.037929228367752033e-01
3.299999999999999600e-01 4.801695724391529807e-01
3.900000000000000133e-01 5.500660793259521952e-01
4.499999999999999556e-01 6.113214025145298214e-01
5.100000000000000089e-01 6.630599745757862484e-01
5.700000000000000622e-01 7.043872290993946628e-01
6.299999999999998934e-01 7.344099656148498356e-01
6.899999999999999467e-01 7.537931484651986258e-01
7.500000000000000000e-01 7.630384500959924710e-01
8.100000000000000533e-01 7.623575911804144623e-01
8.699999999999998845e-01 7.518146467139820155e-01
9.299999999999999378e-01 7.327585443640198815e-01
9.899999999999999911e-01 7.079668606805370468e-01
1.050000000000000044e+00 6.781166051123261873e-01
1.109999999999999876e+00 6.427313130124668872e-01
1.169999999999999929e+00 6.046043313271421971e-01
1.229999999999999982e+00 5.641622058114232896e-01
1.290000000000000036e+00 5.229190186753518432e-01
1.349999999999999867e+00 4.810109913725770792e-01
1.409999999999999920e+00 4.397483085498821165e-01
1.469999999999999973e+00 3.998443633259964880e-01
1.530000000000000027e+00 3.614527618432822331e-01
1.589999999999999858e+00 3.244970114714292864e-01
1.649999999999999911e+00 2.899906395620591715e-01
1.709999999999999964e+00 2.577835169105546220e-01
1.770000000000000018e+00 2.281416292541342261e-01
1.829999999999999849e+00 2.010115807631950580e-01
1.889999999999999902e+00 1.763143952804701042e-01
1.949999999999999956e+00 1.538489071223476390e-01
2.009999999999999787e+00 1.339723716417588750e-01
2.070000000000000284e+00 1.159876628215484456e-01
2.129999999999999893e+00 9.998331839777464813e-02
2.189999999999999947e+00 8.593562068798774045e-02
2.250000000000000000e+00 7.352407053823528660e-02
2.309999999999999609e+00 6.283149357257380996e-02
2.370000000000000107e+00 5.337856908807783740e-02
2.429999999999999716e+00 4.525718758219927224e-02
2.490000000000000213e+00 3.817342363943989486e-02
2.549999999999999822e+00 3.224375467413740509e-02
2.609999999999999876e+00 2.704945804114625152e-02
2.669999999999999929e+00 2.272352660907529451e-02
2.729999999999999538e+00 1.897215913877482382e-02
2.790000000000000036e+00 1.572395423019753991e-02
2.849999999999999645e+00 1.307564525836376994e-02
2.910000000000000142e+00 1.090777457658602401e-02
2.969999999999999751e+00 8.980681833401879532e-03
3.030000000000000249e+00 7.403518038622458955e-03
3.089999999999999858e+00 6.048381553902529989e-03
3.149999999999999911e+00 4.986673779289224791e-03
3.209999999999999964e+00 4.089748018349753829e-03
3.269999999999999574e+00 3.329912945500744081e-03
3.330000000000000071e+00 2.719710371880865694e-03
3.389999999999999680e+00 2.184137783353691433e-03
3.450000000000000178e+00 1.774852540648945909e-03
3.509999999999999787e+00 1.424054357808865337e-03
3.569999999999999840e+00 1.162911498158364365e-03
3.629999999999999893e+00 9.331852545285683649e-04
3.689999999999999503e+00 7.640570686778818017e-04
3.750000000000000000e+00 6.094575155324303195e-04
3.809999999999999609e+00 4.940976883259047200e-04
3.870000000000000107e+00 3.919005539976263500e-04
3.929999999999999716e+00 3.018727017643312830e-04
3.989999999999999769e+00 2.469867559890001705e-04
4.049999999999999822e+00 1.975645695216156122e-04
4.109999999999999432e+00 1.524885552310166752e-04
4.169999999999999929e+00 1.241763479079922221e-04
4.230000000000000426e+00 1.025696633720030946e-04
4.290000000000000036e+00 8.121133153182689946e-05
4.349999999999999645e+00 5.761782542930924138e-05
4.410000000000000142e+00 4.830459933620968649e-05
4.469999999999999751e+00 3.799796245984562234e-05
4.529999999999999361e+00 2.831220732302264389e-05
4.589999999999999858e+00 2.222756627553060618e-05
4.650000000000000355e+00 1.875062853410710059e-05
4.709999999999999964e+00 1.477698540105107272e-05
4.769999999999999574e+00 1.303851653033937583e-05
4.830000000000000071e+00 8.940697049375570594e-06
4.889999999999999680e+00 5.339582960043665081e-06
4.949999999999999289e+00 4.594524872595780345e-06
5.009999999999999787e+00 3.973643133055750896e-06
5.070000000000000284e+00 2.856056001883863229e-06
5.129999999999999893e+00 2.731879653975828794e-06
5.189999999999999503e+00 1.986821566527904671e-06
5.250000000000000000e+00 1.614292522803922704e-06
5.309999999999999609e+00 1.614292522803898775e-06
5.369999999999999218e+00 1.490116174895928715e-06
5.429999999999999716e+00 9.934107832639377240e-07
5.490000000000000213e+00 7.450580874479643574e-07
5.549999999999999822e+00 3.725290437239766730e-07
5.609999999999999432e+00 1.241763479079940419e-07
5.669999999999999929e+00 1.241763479079922155e-07
5.730000000000000426e+00 1.241763479079940419e-07
5.789999999999999147e+00 0.000000000000000000e+00
5.849999999999999645e+00 2.483526958159844310e-07
5.910000000000000142e+00 1.241763479079940419e-07
5.969999999999999751e+00 1.241763479079922155e-07
