2.999999999999999889e-02 9.640107552210490371e-02
8.999999999999999667e-02 1.623876392841339111e-01
1.499999999999999944e-01 2.420373260974884033e-01
2.099999999999999922e-01 3.234284619490305768e-01
2.700000000000000178e-01 4.040208955605825158e-01
3.299999999999999600e-01 4.798602312803268433e-01
3.900000000000000133e-01 5.499633649984996264e-01
4.499999999999999556e-01 6.108876317739486694e-01
5.100000000000000089e-01 6.630741059780115298e-01
5.700000000000000622e-01 7.041623195012417513e-01
6.299999999999998934e-01 7.340059926112499911e-01
6.899999999999999467e-01 7.541018227736148161e-01
7.500000000000000000e-01 7.629709939161929411e-01
8.100000000000000533e-01 7.613557080427812984e-01
8.699999999999998845e-01 7.514802118142452914e-01
9.299999999999999378e-01 7.336212942997607511e-01
9.899999999999999911e-01 7.085725665092461600e-01
1.050000000000000044e+00 6.777948389450703104e-01
1.109999999999999876e+00 6.428714841604250552e-01
1.169999999999999929e+00 6.036286552747085477e-01
1.229999999999999982e+00 5.637712776660913638e-01
1.290000000000000036e+00 5.225149293740605216e-01
1.349999999999999867e+00 4.812192171812053054e-01
1.409999999999999920e+00 4.400317867596940102e-01
1.469999999999999973e+00 4.000308612982428347e-01
1.530000000000000027e+00 3.616885592540102223e-01
1.589999999999999858e+00 3.244535376628249201e-01
1.649999999999999911e+00 2.901300787925717439e-01
1.709999999999999964e+00 2.581987529993055031e-01
1.770000000000000018e+00 2.281864484151210903e-01
1.829999999999999849e+00 2.009566873311994795e-01
1.889999999999999902e+00 1.763916263977685084e-01
1.949999999999999956e+00 1.539804041385649247e-01
2.009999999999999787e+00 1.339290291070937000e-01
2.070000000000000284e+00 1.160025596618651372e-01
2.129999999999999893e+00 1.000307500362395408e-01
2.189999999999999947e+00 8.584335446357782562e-02
2.250000000000000000e+00 7.363284627596530796e-02
2.309999999999999609e+00 6.291866302490228824e-02
2.370000000000000107e+00 5.338365832964574870e-02
2.429999999999999716e+00 4.525917271773016726e-02
2.490000000000000213e+00 3.834863503774003923e-02
2.549999999999999822e+00 3.215819597244259920e-02
2.609999999999999876e+00 2.707776923974372640e-02
2.669999999999999929e+00 2.260083953539528470e-02
2.729999999999999538e+00 1.889082292715706796e-02
2.790000000000000036e+00 1.579336822032927079e-02
2.849999999999999645e+00 1.307825247446694865e-02
2.910000000000000142e+00 1.087176303068795868e-02
2.969999999999999751e+00 8.937343955039969354e-03
3.030000000000000249e+00 7.371231913566582417e-03
3.089999999999999858e+00 6.065393487612400630e-03
3.149999999999999911e+00 4.991640647252433387e-03
3.209999999999999964e+00 4.075095057487484324e-03
3.269999999999999574e+00 3.323083122571306516e-03
3.330000000000000071e+00 2.699593702952064744e-03
3.389999999999999680e+00 2.188359697659808360e-03
3.450000000000000178e+00 1.762310663859047817e-03
3.509999999999999787e+00 1.430263121922809499e-03
3.569999999999999840e+00 1.174087325731920910e-03
3.629999999999999893e+00 9.459753831227612130e-04
3.689999999999999503e+00 7.506459951400750331e-04
3.750000000000000000e+00 5.900859832763666454e-04
3.809999999999999609e+00 4.696349302927648839e-04
3.870000000000000107e+00 3.971159458160396596e-04
3.929999999999999716e+00 3.060946861902870192e-04
3.989999999999999769e+00 2.472350994745906201e-04
4.049999999999999822e+00 1.986821492513004390e-04
4.109999999999999432e+00 1.570830742518117306e-04
4.169999999999999929e+00 1.189609368642161421e-04
4.230000000000000426e+00 1.048048337300625356e-04
4.290000000000000036e+00 8.021791776021254755e-05
4.349999999999999645e+00 5.960464477539101125e-05
4.410000000000000142e+00 5.252659320831332709e-05
4.469999999999999751e+00 3.452102343241345012e-05
4.529999999999999361e+00 2.980232238769550562e-05
4.589999999999999858e+00 2.197921276092511001e-05
4.650000000000000355e+00 1.999239126841240201e-05
4.709999999999999964e+00 1.291433970133452813e-05
4.769999999999999574e+00 1.117587089538581503e-05
4.830000000000000071e+00 8.692344029744522615e-06
4.889999999999999680e+00 6.457169850667264063e-06
4.949999999999999289e+00 5.836288134257037097e-06
5.009999999999999787e+00 4.470348358154259606e-06
5.070000000000000284e+00 3.352761268615744679e-06
5.129999999999999893e+00 2.856055895487443590e-06
5.189999999999999503e+00 2.359350522359227627e-06
5.250000000000000000e+00 8.692344029744522615e-07
5.309999999999999609e+00 9.934107462565022287e-07
5.369999999999999218e+00 4.967053731282584200e-07
5.429999999999999716e+00 8.692344029744394501e-07
5.490000000000000213e+00 3.725290298461938415e-07
5.549999999999999822e+00 4.967053731282511143e-07
5.609999999999999432e+00 3.725290298461938415e-07
5.669999999999999929e+00 1.241763432820627786e-07
5.730000000000000426e+00 0.000000000000000000e+00
5.789999999999999147e+00 0.000000000000000000e+00
5.849999999999999645e+00 1.241763432820627786e-07
5.910000000000000142e+00 0.000000000000000000e+00
5.969999999999999751e+00 0.000000000000000000e+00
