2.999999999999999889e-02 9.600309177244344128e-02
8.999999999999999667e-02 1.616889014098381316e-01
1.499999999999999944e-01 2.414318458452599236e-01
2.099999999999999922e-01 3.230596630234469635e-01
2.700000000000000178e-01 4.035810689665039752e-01
3.299999999999999600e-01 4.798404943919255539e-01
3.900000000000000133e-01 5.494234544449566604e-01
4.499999999999999556e-01 6.110289535576446385e-01
5.100000000000000089e-01 6.634306261454609999e-01
5.700000000000000622e-01 7.035614406599822734e-01
6.299999999999998934e-01 7.349866241463026695e-01
6.899999999999999467e-01 7.543164107349966674e-01
7.500000000000000000e-01 7.631048673853997322e-01
8.100000000000000533e-01 7.619874044555542403e-01
8.699999999999998845e-01 7.523949059704188036e-01
9.299999999999999378e-01 7.335264345038888800e-01
9.899999999999999911e-01 7.082965330525708980e-01
1.050000000000000044e+00 6.778029205074341812e-01
1.109999999999999876e+00 6.431112782624076596e-01
1.169999999999999929e+00 6.044072499534569598e-01
1.229999999999999982e+00 5.646570359367678593e-01
1.290000000000000036e+00 5.228839892578733828e-01
1.349999999999999867e+00 4.812200935863464868e-01
1.409999999999999920e+00 4.402820086521205822e-01
1.469999999999999973e+00 3.996409535354514819e-01
1.530000000000000027e+00 3.618170871608019090e-01
1.589999999999999858e+00 3.245762287265502866e-01
1.649999999999999911e+00 2.900987906768734970e-01
1.709999999999999964e+00 2.580054142773955950e-01
1.770000000000000018e+00 2.282223387791074420e-01
1.829999999999999849e+00 2.010977546537579541e-01
1.889999999999999902e+00 1.763703948711909664e-01
1.949999999999999956e+00 1.538120233090521927e-01
2.009999999999999787e+00 1.337461193464117015e-01
2.070000000000000284e+00 1.157950627177217057e-01
2.129999999999999893e+00 9.999126344906178465e-02
2.189999999999999947e+00 8.589116363561950795e-02
2.250000000000000000e+00 7.345117738025147558e-02
2.309999999999999609e+00 6.261294180074737648e-02
2.370000000000000107e+00 5.325389484446085842e-02
2.429999999999999716e+00 4.519472586902067296e-02
2.490000000000000213e+00 3.807904876389672094e-02
2.549999999999999822e+00 3.225890346753947785e-02
2.609999999999999876e+00 2.713538746737538879e-02
2.669999999999999929e+00 2.267000609641281125e-02
2.729999999999999538e+00 1.892683434874067525e-02
2.790000000000000036e+00 1.569738014088142494e-02
2.849999999999999645e+00 1.303752282814465979e-02
2.910000000000000142e+00 1.079974091251304120e-02
2.969999999999999751e+00 8.895620836252275676e-03
3.030000000000000249e+00 7.354716569503885748e-03
3.089999999999999858e+00 6.037205547648746146e-03
3.149999999999999911e+00 4.953394407332886024e-03
3.209999999999999964e+00 4.061435720246565038e-03
3.269999999999999574e+00 3.307064423567020184e-03
3.330000000000000071e+00 2.673889239736732242e-03
3.389999999999999680e+00 2.176314624791063444e-03
3.450000000000000178e+00 1.776342617119488739e-03
3.509999999999999787e+00 1.426786205571682923e-03
3.569999999999999840e+00 1.167505996935166469e-03
3.629999999999999893e+00 9.202708937764789848e-04
3.689999999999999503e+00 7.583449397237831523e-04
3.750000000000000000e+00 6.048629771400929707e-04
3.809999999999999609e+00 4.855295094678224819e-04
3.870000000000000107e+00 3.844499645300201215e-04
3.929999999999999716e+00 3.075848068930425771e-04
3.989999999999999769e+00 2.417713439728535639e-04
4.049999999999999822e+00 1.952052145481870493e-04
4.109999999999999432e+00 1.477698507075992686e-04
4.169999999999999929e+00 1.235554634067723384e-04
4.230000000000000426e+00 9.934107610594906739e-05
4.290000000000000036e+00 7.972121357502294677e-05
4.349999999999999645e+00 5.997717469896675781e-05
4.410000000000000142e+00 4.594524769900144807e-05
4.469999999999999751e+00 4.023313582290877991e-05
4.529999999999999361e+00 2.831220669019548597e-05
4.589999999999999858e+00 2.346932923003012500e-05
4.650000000000000355e+00 2.036492060171956139e-05
4.709999999999999964e+00 1.279016354864075361e-05
4.769999999999999574e+00 1.080334202652196220e-05
4.830000000000000071e+00 9.809931265462470777e-06
4.889999999999999680e+00 6.208817256621725232e-06
4.949999999999999289e+00 4.594524769900145485e-06
5.009999999999999787e+00 3.104408628310862616e-06
5.070000000000000284e+00 3.104408628310908356e-06
5.129999999999999893e+00 2.731879592913559051e-06
5.189999999999999503e+00 2.110997867251417784e-06
5.250000000000000000e+00 1.490116141589236282e-06
5.309999999999999609e+00 4.967053805297380863e-07
5.369999999999999218e+00 7.450580707946181409e-07
5.429999999999999716e+00 2.483526902648690432e-07
5.490000000000000213e+00 3.725290353973090705e-07
5.549999999999999822e+00 3.725290353973035648e-07
5.609999999999999432e+00 1.241763451324363480e-07
5.669999999999999929e+00 2.483526902648690432e-07
5.730000000000000426e+00 2.483526902648726960e-07
5.789999999999999147e+00 1.241763451324363480e-07
5.849999999999999645e+00 1.241763451324345216e-07
5.910000000000000142e+00 1.241763451324363480e-07
5.969999999999999751e+00 2.483526902648690432e-07
