2.999999999999999889e-02 9.621766777995478803e-02
8.999999999999999667e-02 1.618978889924627407e-01
1.499999999999999944e-01 2.416914967821898463e-01
2.099999999999999922e-01 3.230298582938551655e-01
2.700000000000000178e-01 4.036391804886796941e-01
3.299999999999999600e-01 4.804213877550367884e-01
3.900000000000000133e-01 5.498630346099265820e-01
4.499999999999999556e-01 6.110165313707033308e-01
5.100000000000000089e-01 6.626168936189275049e-01
5.700000000000000622e-01 7.037212503730357893e-01
6.299999999999998934e-01 7.344976122267372620e-01
6.899999999999999467e-01 7.540872997598390137e-01
7.500000000000000000e-01 7.628526595447403524e-01
8.100000000000000533e-01 7.622511493334018784e-01
8.699999999999998845e-01 7.516829973832996892e-01
9.299999999999999378e-01 7.340427542779047743e-01
9.899999999999999911e-01 7.081395688762726071e-01
1.050000000000000044e+00 6.781194409587931737e-01
1.109999999999999876e+00 6.428949582792460316e-01
1.169999999999999929e+00 6.046664014806324428e-01
1.229999999999999982e+00 5.645609192393287179e-01
1.290000000000000036e+00 5.230999280246605432e-01
1.349999999999999867e+00 4.813237772483904275e-01
1.409999999999999920e+00 4.399554215864988627e-01
1.469999999999999973e+00 3.998879373065225007e-01
1.530000000000000027e+00 3.610992210191923957e-01
1.589999999999999858e+00 3.243440165446013768e-01
1.649999999999999911e+00 2.898495665926451026e-01
1.709999999999999964e+00 2.579708913314158192e-01
1.770000000000000018e+00 2.281196432420591058e-01
1.829999999999999849e+00 2.009226645101306885e-01
1.889999999999999902e+00 1.762130621290185217e-01
1.949999999999999956e+00 1.538903774362581078e-01
2.009999999999999787e+00 1.338689287543464168e-01
2.070000000000000284e+00 1.157176999925401267e-01
2.129999999999999893e+00 1.000211892030227478e-01
2.189999999999999947e+00 8.603098555925782487e-02
2.250000000000000000e+00 7.376025175372941112e-02
2.309999999999999609e+00 6.276605076665214833e-02
2.370000000000000107e+00 5.337260703275054780e-02
2.429999999999999716e+00 4.538831645291282330e-02
2.490000000000000213e+00 3.820086547385300596e-02
2.549999999999999822e+00 3.221072280563949675e-02
2.609999999999999876e+00 2.708000461568456016e-02
2.669999999999999929e+00 2.256495274030876838e-02
2.729999999999999538e+00 1.887592190659979907e-02
2.790000000000000036e+00 1.571488888846005183e-02
2.849999999999999645e+00 1.304497331165998045e-02
2.910000000000000142e+00 1.082159586862917536e-02
2.969999999999999751e+00 8.996203608782607150e-03
3.030000000000000249e+00 7.329012011456075872e-03
3.089999999999999858e+00 6.010259235975086260e-03
3.149999999999999911e+00 4.946067966118993138e-03
3.209999999999999964e+00 4.066526920099008263e-03
3.269999999999999574e+00 3.346428300041167942e-03
3.330000000000000071e+00 2.699469546721398102e-03
3.389999999999999680e+00 2.203385051613436160e-03
3.450000000000000178e+00 1.792237175943232766e-03
3.509999999999999787e+00 1.435851068068426471e-03
3.569999999999999840e+00 1.167754340924983571e-03
3.629999999999999893e+00 9.480863880223502557e-04
3.689999999999999503e+00 7.649262803166572301e-04
3.750000000000000000e+00 5.974123919810775526e-04
3.809999999999999609e+00 4.755953983137658028e-04
3.870000000000000107e+00 3.880510756476548495e-04
3.929999999999999716e+00 3.058463357824556315e-04
3.989999999999999769e+00 2.463658669071849437e-04
4.049999999999999822e+00 1.963228001916600797e-04
4.109999999999999432e+00 1.553446066032703225e-04
4.169999999999999929e+00 1.225620517325544075e-04
4.230000000000000426e+00 9.760260654689886654e-05
4.290000000000000036e+00 7.289151404965495172e-05
4.349999999999999645e+00 5.898376349844397282e-05
4.410000000000000142e+00 4.246830971887966016e-05
4.469999999999999751e+00 3.812213767162533266e-05
4.529999999999999361e+00 2.955396992132561124e-05
4.589999999999999858e+00 2.148250754785401429e-05
4.650000000000000355e+00 1.875062797529482002e-05
4.709999999999999964e+00 1.341104517438285103e-05
4.769999999999999574e+00 1.130004732285979323e-05
4.830000000000000071e+00 1.005828388078728820e-05
4.889999999999999680e+00 7.823109685056663950e-06
4.949999999999999289e+00 5.339582800911769934e-06
5.009999999999999787e+00 3.973643014631956803e-06
5.070000000000000284e+00 2.483526884145009636e-06
5.129999999999999893e+00 3.104408605181215987e-06
5.189999999999999503e+00 1.862645163108756909e-06
5.250000000000000000e+00 1.614292474694256115e-06
5.309999999999999609e+00 9.934107536579892007e-07
5.369999999999999218e+00 9.934107536580038120e-07
5.429999999999999716e+00 7.450580652434917946e-07
5.490000000000000213e+00 2.483526884145009530e-07
5.549999999999999822e+00 1.241763442072486501e-07
5.609999999999999432e+00 3.725290326217514030e-07
5.669999999999999929e+00 7.450580652434917946e-07
5.730000000000000426e+00 2.483526884145009530e-07
5.789999999999999147e+00 2.483526884145009530e-07
5.849999999999999645e+00 0.000000000000000000e+00
5.910000000000000142e+00 0.000000000000000000e+00
5.969999999999999751e+00 0.000000000000000000e+00
