2.999999999999999889e-02 9.614018245746965008e-02
8.999999999999999667e-02 1.620938404713150038e-01
1.499999999999999944e-01 2.416815644753212422e-01
2.099999999999999922e-01 3.230652509589779231e-01
2.700000000000000178e-01 4.038075666200255376e-01
3.299999999999999600e-01 4.797495973072886111e-01
3.900000000000000133e-01 5.496208948337172329e-01
4.499999999999999556e-01 6.109643818581756980e-01
5.100000000000000089e-01 6.627060571716132387e-01
5.700000000000000622e-01 7.037503128809287078e-01
6.299999999999998934e-01 7.344483196901535615e-01
6.899999999999999467e-01 7.541482759636873867e-01
7.500000000000000000e-01 7.631921633560277973e-01
8.100000000000000533e-01 7.618989908978200942e-01
8.699999999999998845e-01 7.520606232493222132e-01
9.299999999999999378e-01 7.333258897065000337e-01
9.899999999999999911e-01 7.090207294973832619e-01
1.050000000000000044e+00 6.779270968525666907e-01
1.109999999999999876e+00 6.428998059466469739e-01
1.169999999999999929e+00 6.049060663318539532e-01
1.229999999999999982e+00 5.642692332109192632e-01
1.290000000000000036e+00 5.229659456456607902e-01
1.349999999999999867e+00 4.815458081396288836e-01
1.409999999999999920e+00 4.400452043619529907e-01
1.469999999999999973e+00 3.995375146399561261e-01
1.530000000000000027e+00 3.613558962149800435e-01
1.589999999999999858e+00 3.246141025118157164e-01
1.649999999999999911e+00 2.901331875244752001e-01
1.709999999999999964e+00 2.580422946518999283e-01
1.770000000000000018e+00 2.284434968497883189e-01
1.829999999999999849e+00 2.008326381569002228e-01
1.889999999999999902e+00 1.763533827119077857e-01
1.949999999999999956e+00 1.537042382414772479e-01
2.009999999999999787e+00 1.339655389482607151e-01
2.070000000000000284e+00 1.156681544929963473e-01
2.129999999999999893e+00 9.996593147465476781e-02
2.189999999999999947e+00 8.595374851356625545e-02
2.250000000000000000e+00 7.367568821225092823e-02
2.309999999999999609e+00 6.267242227006582234e-02
2.370000000000000107e+00 5.326196630689446904e-02
2.429999999999999716e+00 4.520167974434808472e-02
2.490000000000000213e+00 3.808724440267546169e-02
2.549999999999999822e+00 3.219395923903520945e-02
2.609999999999999876e+00 2.699904184041997460e-02
2.669999999999999929e+00 2.259301676243069892e-02
2.729999999999999538e+00 1.885754394815677970e-02
2.790000000000000036e+00 1.573562645518221739e-02
2.849999999999999645e+00 1.305490751646320134e-02
2.910000000000000142e+00 1.080979919646876848e-02
2.969999999999999751e+00 8.969257408915810512e-03
3.030000000000000249e+00 7.345900048999482249e-03
3.089999999999999858e+00 6.061047405914173763e-03
3.149999999999999911e+00 4.966681276262057201e-03
3.209999999999999964e+00 4.076461058007590024e-03
3.269999999999999574e+00 3.329167813000593994e-03
3.330000000000000071e+00 2.693881631303054070e-03
3.389999999999999680e+00 2.181654207631758026e-03
3.450000000000000178e+00 1.805772410915875955e-03
3.509999999999999787e+00 1.446157715412342863e-03
3.569999999999999840e+00 1.163408177545796097e-03
3.629999999999999893e+00 9.333094100153847134e-04
3.689999999999999503e+00 7.592141741397102732e-04
3.750000000000000000e+00 6.054838588657551843e-04
3.809999999999999609e+00 4.933526192111660274e-04
3.870000000000000107e+00 3.798554397601199353e-04
3.929999999999999716e+00 3.130485660788697214e-04
3.989999999999999769e+00 2.448757526011644697e-04
4.049999999999999822e+00 1.990546812472925140e-04
4.109999999999999432e+00 1.590698981146509451e-04
4.169999999999999929e+00 1.249214032032291109e-04
4.230000000000000426e+00 9.462237499091649543e-05
4.290000000000000036e+00 8.046627164581755982e-05
4.349999999999999645e+00 6.295740698214522359e-05
4.410000000000000142e+00 4.793206922112042752e-05
4.469999999999999751e+00 4.172325196449799248e-05
4.529999999999999361e+00 3.129243897337395853e-05
4.589999999999999858e+00 2.471109268135446768e-05
4.650000000000000355e+00 1.676380659287890563e-05
4.709999999999999964e+00 1.639127755748135516e-05
4.769999999999999574e+00 1.130004740705170706e-05
4.830000000000000071e+00 7.574757053078617202e-06
4.889999999999999680e+00 8.568167814137980719e-06
4.949999999999999289e+00 4.470348424767707999e-06
5.009999999999999787e+00 4.470348424767641930e-06
5.070000000000000284e+00 2.731879592913599709e-06
5.129999999999999893e+00 3.725290353973035224e-06
5.189999999999999503e+00 2.110997867251417784e-06
5.250000000000000000e+00 2.110997867251417784e-06
5.309999999999999609e+00 9.934107610594761727e-07
5.369999999999999218e+00 2.483526902648726960e-07
5.429999999999999716e+00 7.450580707946071295e-07
5.490000000000000213e+00 4.967053805297453920e-07
5.549999999999999822e+00 4.967053805297380863e-07
5.609999999999999432e+00 3.725290353973090705e-07
5.669999999999999929e+00 1.241763451324345216e-07
5.730000000000000426e+00 4.967053805297453920e-07
5.789999999999999147e+00 3.725290353973090705e-07
5.849999999999999645e+00 0.000000000000000000e+00
5.910000000000000142e+00 0.000000000000000000e+00
5.969999999999999751e+00 0.000000000000000000e+00
