2.999999999999999889e-02 9.594385894097780254e-02
8.999999999999999667e-02 1.616085581104598490e-01
1.499999999999999944e-01 2.409937499040893105e-01
2.099999999999999922e-01 3.232123975198398225e-01
2.700000000000000178e-01 4.037388940930781156e-01
3.299999999999999600e-01 4.800190563998052995e-01
3.900000000000000133e-01 5.497542561324010313e-01
4.499999999999999556e-01 6.107070839209389757e-01
5.100000000000000089e-01 6.622585206895453824e-01
5.700000000000000622e-01 7.044836931264681912e-01
6.299999999999998934e-01 7.348047003259619014e-01
6.899999999999999467e-01 7.545876062506500226e-01
7.500000000000000000e-01 7.630078799749994145e-01
8.100000000000000533e-01 7.625324087530312989e-01
8.699999999999998845e-01 7.517223612844133873e-01
9.299999999999999378e-01 7.336944396324034390e-01
9.899999999999999911e-01 7.091004454277481939e-01
1.050000000000000044e+00 6.780554901415264402e-01
1.109999999999999876e+00 6.423788813927208130e-01
1.169999999999999929e+00 6.046383376268416043e-01
1.229999999999999982e+00 5.646617504308250046e-01
1.290000000000000036e+00 5.231027840805773099e-01
1.349999999999999867e+00 4.806758250843169988e-01
1.409999999999999920e+00 4.404676490063537675e-01
1.469999999999999973e+00 4.000520984335644847e-01
1.530000000000000027e+00 3.615327206368198487e-01
1.589999999999999858e+00 3.244917863942079483e-01
1.649999999999999911e+00 2.899479142572572443e-01
1.709999999999999964e+00 2.580935775594926374e-01
1.770000000000000018e+00 2.282869087777062711e-01
1.829999999999999849e+00 2.011302873576452099e-01
1.889999999999999902e+00 1.761301123310880790e-01
1.949999999999999956e+00 1.538993181330410298e-01
2.009999999999999787e+00 1.339338729823668084e-01
2.070000000000000284e+00 1.156734932140023459e-01
2.129999999999999893e+00 9.991154149108774640e-02
2.189999999999999947e+00 8.583826387304817340e-02
2.250000000000000000e+00 7.357498064817219463e-02
2.309999999999999609e+00 6.266149428482965800e-02
2.370000000000000107e+00 5.321589648636100567e-02
2.429999999999999716e+00 4.537614717118051283e-02
2.490000000000000213e+00 3.806563743501131108e-02
2.549999999999999822e+00 3.213298841416576540e-02
2.609999999999999876e+00 2.700351198765289437e-02
2.669999999999999929e+00 2.256296591880144892e-02
2.729999999999999538e+00 1.885220422485621092e-02
2.790000000000000036e+00 1.570383719382561008e-02
2.849999999999999645e+00 1.306260635253740990e-02
2.910000000000000142e+00 1.082010575249868836e-02
2.969999999999999751e+00 8.936598963563127315e-03
3.030000000000000249e+00 7.398799116900549311e-03
3.089999999999999858e+00 6.037329679012265818e-03
3.149999999999999911e+00 4.969661471518371440e-03
3.209999999999999964e+00 4.017228911448731017e-03
3.269999999999999574e+00 3.293529177408879589e-03
3.330000000000000071e+00 2.689287086496403197e-03
3.389999999999999680e+00 2.217541154853062621e-03
3.450000000000000178e+00 1.764794203873430592e-03
3.509999999999999787e+00 1.435106010003182973e-03
3.569999999999999840e+00 1.149872947359139403e-03
3.629999999999999893e+00 9.422500998446096303e-04
3.689999999999999503e+00 7.594625211715382452e-04
3.750000000000000000e+00 6.087124393039372713e-04
3.809999999999999609e+00 4.857778585387602203e-04
3.870000000000000107e+00 3.853191960750953571e-04
3.929999999999999716e+00 3.098199787970876747e-04
3.989999999999999769e+00 2.523263314291329814e-04
4.049999999999999822e+00 1.865128689992874382e-04
4.109999999999999432e+00 1.527369033749180797e-04
4.169999999999999929e+00 1.216928173231036599e-04
4.230000000000000426e+00 9.648501944903360608e-05
4.290000000000000036e+00 7.798274416215214696e-05
4.349999999999999645e+00 5.662441295850620903e-05
4.410000000000000142e+00 5.041559574814369235e-05
4.469999999999999751e+00 3.427267100120062044e-05
4.529999999999999361e+00 2.980232260974011055e-05
4.589999999999999858e+00 2.135833120364676464e-05
4.650000000000000355e+00 1.738468818901506703e-05
4.709999999999999964e+00 1.477698496066258708e-05
4.769999999999999574e+00 9.934107536580038544e-06
4.830000000000000071e+00 8.568167750300282164e-06
4.889999999999999680e+00 7.202227964020420752e-06
4.949999999999999289e+00 5.339582800911769934e-06
5.009999999999999787e+00 4.097819358839204765e-06
5.070000000000000284e+00 3.725290326217513819e-06
5.129999999999999893e+00 1.738468818901480995e-06
5.189999999999999503e+00 1.862645163108756909e-06
5.250000000000000000e+00 1.365939786279755321e-06
5.309999999999999609e+00 9.934107536579892007e-07
5.369999999999999218e+00 7.450580652435028061e-07
5.429999999999999716e+00 7.450580652434917946e-07
5.490000000000000213e+00 6.208817210362524090e-07
5.549999999999999822e+00 3.725290326217458973e-07
5.609999999999999432e+00 2.483526884145009530e-07
5.669999999999999929e+00 1.241763442072486501e-07
5.730000000000000426e+00 0.000000000000000000e+00
5.789999999999999147e+00 3.725290326217514030e-07
5.849999999999999645e+00 0.000000000000000000e+00
5.910000000000000142e+00 2.483526884145009530e-07
5.969999999999999751e+00 0.000000000000000000e+00
