2.999999999999999889e-02 9.608181814352671768e-02
8.999999999999999667e-02 1.619403560956319266e-01
1.499999999999999944e-01 2.416159957647323608e-01
2.099999999999999922e-01 3.230866044759750366e-01
2.700000000000000178e-01 4.037324339151382446e-01
3.299999999999999600e-01 4.798900336027145386e-01
3.900000000000000133e-01 5.495883524417877197e-01
4.499999999999999556e-01 6.115178267161052172e-01
5.100000000000000089e-01 6.627070407072697122e-01
5.700000000000000622e-01 7.038633028666184677e-01
6.299999999999998934e-01 7.343802601099020944e-01
6.899999999999999467e-01 7.541123777627938285e-01
7.500000000000000000e-01 7.632852842410399186e-01
8.100000000000000533e-01 7.618721574544914388e-01
8.699999999999998845e-01 7.517709086338686397e-01
9.299999999999999378e-01 7.335743556420001310e-01
9.899999999999999911e-01 7.088376830021534403e-01
1.050000000000000044e+00 6.782411287228260477e-01
1.109999999999999876e+00 6.428102652231870717e-01
1.169999999999999929e+00 6.047446280717844180e-01
1.229999999999999982e+00 5.645859986543649844e-01
1.290000000000000036e+00 5.231450001398737504e-01
1.349999999999999867e+00 4.809611787398652138e-01
1.409999999999999920e+00 4.398513585329051900e-01
1.469999999999999973e+00 3.998241076866781984e-01
1.530000000000000027e+00 3.610283136367794521e-01
1.589999999999999858e+00 3.243149568637221369e-01
1.649999999999999911e+00 2.902124077081677522e-01
1.709999999999999964e+00 2.576703826586403401e-01
1.770000000000000018e+00 2.284015218416856063e-01
1.829999999999999849e+00 2.012909700473147767e-01
1.889999999999999902e+00 1.762295762697854151e-01
1.949999999999999956e+00 1.538877685864765144e-01
2.009999999999999787e+00 1.337282359600066028e-01
2.070000000000000284e+00 1.158093412717182413e-01
2.129999999999999893e+00 1.000098884105681540e-01
2.189999999999999947e+00 8.591252068678593978e-02
2.250000000000000000e+00 7.349364459514610981e-02
2.309999999999999609e+00 6.284651656945540454e-02
2.370000000000000107e+00 5.335931976636246188e-02
2.429999999999999716e+00 4.516902069250738894e-02
2.490000000000000213e+00 3.828232487042741716e-02
2.549999999999999822e+00 3.213547170162198152e-02
2.609999999999999876e+00 2.700251837571479574e-02
2.669999999999999929e+00 2.263498802979785340e-02
2.729999999999999538e+00 1.890386144320168466e-02
2.790000000000000036e+00 1.568980515003202958e-02
2.849999999999999645e+00 1.315660774707792975e-02
2.910000000000000142e+00 1.084357500076292904e-02
2.969999999999999751e+00 8.959571520487459931e-03
3.030000000000000249e+00 7.353102167447401680e-03
3.089999999999999858e+00 6.066635251045221847e-03
3.149999999999999911e+00 4.983569184939098951e-03
3.209999999999999964e+00 4.071369767189022409e-03
3.269999999999999574e+00 3.316005071004228880e-03
3.330000000000000071e+00 2.683450778325396305e-03
3.389999999999999680e+00 2.178425590197243401e-03
3.450000000000000178e+00 1.762931545575458208e-03
3.509999999999999787e+00 1.431132356325784090e-03
3.569999999999999840e+00 1.143167416254686807e-03
3.629999999999999893e+00 9.492039680480948358e-04
3.689999999999999503e+00 7.608284552892041926e-04
3.750000000000000000e+00 6.139278411865228954e-04
3.809999999999999609e+00 4.881372054417923542e-04
3.870000000000000107e+00 3.832081953684485318e-04
3.929999999999999716e+00 3.029902776082353880e-04
3.989999999999999769e+00 2.431372801462825146e-04
4.049999999999999822e+00 2.012898524602237517e-04
4.109999999999999432e+00 1.505017280578623039e-04
4.169999999999999929e+00 1.311302185058582908e-04
4.230000000000000426e+00 1.008311907450364623e-04
4.290000000000000036e+00 8.245309193928968244e-05
4.349999999999999645e+00 6.258487701416056283e-05
4.410000000000000142e+00 4.929800828297965017e-05
4.469999999999999751e+00 3.253420193990044735e-05
4.529999999999999361e+00 2.781550089518247237e-05
4.589999999999999858e+00 2.297262350718161139e-05
4.650000000000000355e+00 1.465280850728362408e-05
4.709999999999999964e+00 1.514951388041165793e-05
4.769999999999999574e+00 1.266598701477059082e-05
4.830000000000000071e+00 8.071462313334199087e-06
4.889999999999999680e+00 7.450580596923766292e-06
4.949999999999999289e+00 4.842877388000519621e-06
5.009999999999999787e+00 4.221995671590134260e-06
5.070000000000000284e+00 3.352761268615744679e-06
5.129999999999999893e+00 1.738468805948878900e-06
5.189999999999999503e+00 1.862645149230969101e-06
5.250000000000000000e+00 2.731879552205421575e-06
5.309999999999999609e+00 6.208817164103138929e-07
5.369999999999999218e+00 8.692344029744522615e-07
5.429999999999999716e+00 6.208817164103138929e-07
5.490000000000000213e+00 3.725290298461938415e-07
5.549999999999999822e+00 3.725290298461883358e-07
5.609999999999999432e+00 3.725290298461938415e-07
5.669999999999999929e+00 2.483526865641255572e-07
5.730000000000000426e+00 2.483526865641292100e-07
5.789999999999999147e+00 0.000000000000000000e+00
5.849999999999999645e+00 0.000000000000000000e+00
5.910000000000000142e+00 0.000000000000000000e+00
5.969999999999999751e+00 0.000000000000000000e+00
