2.999999999999999889e-02 9.603214975269970533e-02
8.999999999999999667e-02 1.618824935380181740e-01
1.499999999999999944e-01 2.414222860654209324e-01
2.099999999999999922e-01 3.232323947277952469e-01
2.700000000000000178e-01 4.035998226016720425e-01
3.299999999999999600e-01 4.801342992017882394e-01
3.900000000000000133e-01 5.493684484171769133e-01
4.499999999999999556e-01 6.112566975288349358e-01
5.100000000000000089e-01 6.621009507748194522e-01
5.700000000000000622e-01 7.041741319933718657e-01
6.299999999999998934e-01 7.349529778325981644e-01
6.899999999999999467e-01 7.540083348405229868e-01
7.500000000000000000e-01 7.631264797551881029e-01
8.100000000000000533e-01 7.619876584854951007e-01
8.699999999999998845e-01 7.518638093441093462e-01
9.299999999999999378e-01 7.336190755232457894e-01
9.899999999999999911e-01 7.088072756411264441e-01
1.050000000000000044e+00 6.776387644279714406e-01
1.109999999999999876e+00 6.428955887408580594e-01
1.169999999999999929e+00 6.047698493871301872e-01
1.229999999999999982e+00 5.648584541770962364e-01
1.290000000000000036e+00 5.228872217386603127e-01
1.349999999999999867e+00 4.815946130314254225e-01
1.409999999999999920e+00 4.402518370803852332e-01
1.469999999999999973e+00 4.000319878267440954e-01
1.530000000000000027e+00 3.610992263999902030e-01
1.589999999999999858e+00 3.244270953532165103e-01
1.649999999999999911e+00 2.902137801347273727e-01
1.709999999999999964e+00 2.581145672078704045e-01
1.770000000000000018e+00 2.280980399570927408e-01
1.829999999999999849e+00 2.010049964215479823e-01
1.889999999999999902e+00 1.760299046443628279e-01
1.949999999999999956e+00 1.538552378234691598e-01
2.009999999999999787e+00 1.340414116938229705e-01
2.070000000000000284e+00 1.158828562571248971e-01
2.129999999999999893e+00 9.976625665499835871e-02
2.189999999999999947e+00 8.573470207952595123e-02
2.250000000000000000e+00 7.335680390450162458e-02
2.309999999999999609e+00 6.277921439462132158e-02
2.370000000000000107e+00 5.342550695148493706e-02
2.429999999999999716e+00 4.521881641688280107e-02
2.490000000000000213e+00 3.825972563112158692e-02
2.549999999999999822e+00 3.212951195529499537e-02
2.609999999999999876e+00 2.702027619675436906e-02
2.669999999999999929e+00 2.268217554723116550e-02
2.729999999999999538e+00 1.891603114764956947e-02
2.790000000000000036e+00 1.572022870551062837e-02
2.849999999999999645e+00 1.305453508469167113e-02
2.910000000000000142e+00 1.081228280392920217e-02
2.969999999999999751e+00 8.981178404963520434e-03
3.030000000000000249e+00 7.348756159690029120e-03
3.089999999999999858e+00 6.045773760507408730e-03
3.149999999999999911e+00 4.935885579444426567e-03
3.209999999999999964e+00 4.029894958607984669e-03
3.269999999999999574e+00 3.331899717418095128e-03
3.330000000000000071e+00 2.691273948106826658e-03
3.389999999999999680e+00 2.157191483712997317e-03
3.450000000000000178e+00 1.775473395931869607e-03
3.509999999999999787e+00 1.425916981779665541e-03
3.569999999999999840e+00 1.146520203150026146e-03
3.629999999999999893e+00 9.251137781292787616e-04
3.689999999999999503e+00 7.481624849971684268e-04
3.750000000000000000e+00 6.174047925984932393e-04
3.809999999999999609e+00 4.806866355890520638e-04
3.870000000000000107e+00 3.933906643105443716e-04
3.929999999999999716e+00 3.119309812967447390e-04
3.989999999999999769e+00 2.409021113517871170e-04
4.049999999999999822e+00 1.960744504249826243e-04
4.109999999999999432e+00 1.600633100682750671e-04
4.169999999999999929e+00 1.226862299049289405e-04
4.230000000000000426e+00 9.524325742619625451e-05
4.290000000000000036e+00 8.332232820466328900e-05
4.349999999999999645e+00 6.047388053006202648e-05
4.410000000000000142e+00 5.004306746122176417e-05
4.469999999999999751e+00 3.700455112517087725e-05
4.529999999999999361e+00 3.104408651440556001e-05
4.589999999999999858e+00 2.384185844306311886e-05
4.650000000000000355e+00 1.564621960326040024e-05
4.709999999999999964e+00 1.403192710451110511e-05
4.769999999999999574e+00 1.043081306884026739e-05
4.830000000000000071e+00 8.692344224033557006e-06
4.889999999999999680e+00 7.450580763457223374e-06
4.949999999999999289e+00 4.346172112016778503e-06
5.009999999999999787e+00 4.594524804131954597e-06
5.070000000000000284e+00 3.228584997498178184e-06
5.129999999999999893e+00 3.104408651440510092e-06
5.189999999999999503e+00 1.490116152691466952e-06
5.250000000000000000e+00 1.365939806633844600e-06
5.309999999999999609e+00 8.692344224033428046e-07
5.369999999999999218e+00 1.117587114518600108e-06
5.429999999999999716e+00 6.208817302881020184e-07
5.490000000000000213e+00 3.725290381728667379e-07
5.549999999999999822e+00 3.725290381728612322e-07
5.609999999999999432e+00 0.000000000000000000e+00
5.669999999999999929e+00 1.241763460576203931e-07
5.730000000000000426e+00 4.967053842304888780e-07
5.789999999999999147e+00 1.241763460576222195e-07
5.849999999999999645e+00 1.241763460576203931e-07
5.910000000000000142e+00 1.241763460576222195e-07
5.969999999999999751e+00 0.000000000000000000e+00
