2.999999999999999889e-02 9.597192207972209121e-02
8.999999999999999667e-02 1.617614179849624634e-01
1.499999999999999944e-01 2.413731068372726440e-01
2.099999999999999922e-01 3.229788194100062237e-01
2.700000000000000178e-01 4.035043219725291119e-01
3.299999999999999600e-01 4.799424360195795880e-01
3.900000000000000133e-01 5.498950680096944543e-01
4.499999999999999556e-01 6.110402444998423999e-01
5.100000000000000089e-01 6.630860269069666080e-01
5.700000000000000622e-01 7.039618988831845003e-01
6.299999999999998934e-01 7.347587496042258248e-01
6.899999999999999467e-01 7.546318074067427384e-01
7.500000000000000000e-01 7.631659507751458182e-01
8.100000000000000533e-01 7.623938222726193148e-01
8.699999999999998845e-01 7.517969856659578731e-01
9.299999999999999378e-01 7.340598851442330375e-01
9.899999999999999911e-01 7.081422954797738090e-01
1.050000000000000044e+00 6.772716840108229386e-01
1.109999999999999876e+00 6.429987649122892446e-01
1.169999999999999929e+00 6.049373497565582181e-01
1.229999999999999982e+00 5.645910898844396231e-01
1.290000000000000036e+00 5.227108796437596183e-01
1.349999999999999867e+00 4.814986139535899490e-01
1.409999999999999920e+00 4.397675395011897970e-01
1.469999999999999973e+00 3.997602810462312362e-01
1.530000000000000027e+00 3.614018360773719185e-01
1.589999999999999858e+00 3.243935604890196833e-01
1.649999999999999911e+00 2.898376435041424837e-01
1.709999999999999964e+00 2.579721311728157551e-01
1.770000000000000018e+00 2.281167854865398525e-01
1.829999999999999849e+00 2.009748170773186515e-01
1.889999999999999902e+00 1.765354226032891383e-01
1.949999999999999956e+00 1.542035490274427934e-01
2.009999999999999787e+00 1.336964468161263853e-01
2.070000000000000284e+00 1.157066474358239699e-01
2.129999999999999893e+00 9.981828431288392034e-02
2.189999999999999947e+00 8.572873969872848998e-02
2.250000000000000000e+00 7.351053257783247974e-02
2.309999999999999609e+00 6.283906598885848072e-02
2.370000000000000107e+00 5.336614946524297770e-02
2.429999999999999716e+00 4.524216055870051989e-02
2.490000000000000213e+00 3.832876682281490671e-02
2.549999999999999822e+00 3.213596840699511209e-02
2.609999999999999876e+00 2.706808348496772543e-02
2.669999999999999929e+00 2.270999054114021878e-02
2.729999999999999538e+00 1.888064046700793641e-02
2.790000000000000036e+00 1.574146250883736928e-02
2.849999999999999645e+00 1.305018862088520165e-02
2.910000000000000142e+00 1.080073416233061703e-02
2.969999999999999751e+00 8.946160475412997040e-03
3.030000000000000249e+00 7.351487874984734272e-03
3.089999999999999858e+00 6.071478128433222335e-03
3.149999999999999911e+00 4.996359348297152100e-03
3.209999999999999964e+00 4.034613569577531235e-03
3.269999999999999574e+00 3.331030408541358744e-03
3.330000000000000071e+00 2.662340799967445604e-03
3.389999999999999680e+00 2.207731207211810313e-03
3.450000000000000178e+00 1.775597532590228716e-03
3.509999999999999787e+00 1.438955465952554110e-03
3.569999999999999840e+00 1.158068577448534463e-03
3.629999999999999893e+00 9.338061014811189966e-04
3.689999999999999503e+00 7.615735133488965754e-04
3.750000000000000000e+00 5.977849165598545650e-04
3.809999999999999609e+00 4.890064398447667828e-04
3.870000000000000107e+00 3.848224878311153974e-04
3.929999999999999716e+00 2.993891636530555738e-04
3.989999999999999769e+00 2.566725015640275594e-04
4.049999999999999822e+00 1.919766267140690479e-04
4.109999999999999432e+00 1.559654871622731564e-04
4.169999999999999929e+00 1.228104035059600883e-04
4.230000000000000426e+00 9.437402089436910848e-05
4.290000000000000036e+00 7.661680380503273343e-05
4.349999999999999645e+00 5.227824052174920175e-05
4.410000000000000142e+00 4.371007283528674520e-05
4.469999999999999751e+00 4.060566425323452447e-05
4.529999999999999361e+00 2.918144067128518210e-05
4.589999999999999858e+00 2.185503641764304734e-05
4.650000000000000355e+00 1.775721708933524002e-05
4.709999999999999964e+00 1.390775044759103120e-05
4.769999999999999574e+00 1.030663649241136277e-05
4.830000000000000071e+00 7.947285970052134720e-06
4.889999999999999680e+00 7.202227910359640946e-06
4.949999999999999289e+00 4.594524701436390888e-06
5.009999999999999787e+00 5.339582761128699162e-06
5.070000000000000284e+00 2.731879552205421575e-06
5.129999999999999893e+00 1.862645149230941573e-06
5.189999999999999503e+00 2.607703208923356784e-06
5.250000000000000000e+00 1.241763432820646209e-06
5.309999999999999609e+00 9.934107462565022287e-07
5.369999999999999218e+00 9.934107462565168400e-07
5.429999999999999716e+00 4.967053731282511143e-07
5.490000000000000213e+00 4.967053731282584200e-07
5.549999999999999822e+00 2.483526865641255572e-07
5.609999999999999432e+00 6.208817164103231044e-07
5.669999999999999929e+00 0.000000000000000000e+00
5.730000000000000426e+00 1.241763432820646050e-07
5.789999999999999147e+00 2.483526865641292100e-07
5.849999999999999645e+00 0.000000000000000000e+00
5.910000000000000142e+00 1.241763432820646050e-07
5.969999999999999751e+00 0.000000000000000000e+00
