2.999999999999999889e-02 9.626460858974682233e-02
8.999999999999999667e-02 1.622659513036197043e-01
1.499999999999999944e-01 2.418641073067220315e-01
2.099999999999999922e-01 3.233287579813229340e-01
2.700000000000000178e-01 4.039071620675075414e-01
3.299999999999999600e-01 4.797252658921062896e-01
3.900000000000000133e-01 5.499905760086748474e-01
4.499999999999999556e-01 6.108845455711449102e-01
5.100000000000000089e-01 6.629244932410460756e-01
5.700000000000000622e-01 7.043663622250075917e-01
6.299999999999998934e-01 7.350529452677460052e-01
6.899999999999999467e-01 7.538755959433984799e-01
7.500000000000000000e-01 7.628470886602123358e-01
8.100000000000000533e-01 7.615545370644696277e-01
8.699999999999998845e-01 7.515044485977631084e-01
9.299999999999999378e-01 7.334478418066447958e-01
9.899999999999999911e-01 7.086247416920876674e-01
1.050000000000000044e+00 6.777166280463320369e-01
1.109999999999999876e+00 6.422887437230986318e-01
1.169999999999999929e+00 6.040544739580488987e-01
1.229999999999999982e+00 5.642657646814708272e-01
1.290000000000000036e+00 5.232585129119524670e-01
1.349999999999999867e+00 4.813164616023435372e-01
1.409999999999999920e+00 4.396189135199457532e-01
1.469999999999999973e+00 3.998063623847469827e-01
1.530000000000000027e+00 3.614040820222319539e-01
1.589999999999999858e+00 3.244826045974881223e-01
1.649999999999999911e+00 2.901797579779152869e-01
1.709999999999999964e+00 2.580060390037108853e-01
1.770000000000000018e+00 2.282438246879134602e-01
1.829999999999999849e+00 2.010120759709299598e-01
1.889999999999999902e+00 1.765064947756078695e-01
1.949999999999999956e+00 1.537883079187563062e-01
2.009999999999999787e+00 1.338139216248368513e-01
2.070000000000000284e+00 1.158259843536013634e-01
2.129999999999999893e+00 9.997388025047015958e-02
2.189999999999999947e+00 8.599547304696317229e-02
2.250000000000000000e+00 7.362229348090165715e-02
2.309999999999999609e+00 6.278095333122069022e-02
2.370000000000000107e+00 5.344078104021487974e-02
2.429999999999999716e+00 4.520652329543795034e-02
2.490000000000000213e+00 3.833286578455163962e-02
2.549999999999999822e+00 3.234719333093938332e-02
2.609999999999999876e+00 2.706212382700432656e-02
2.669999999999999929e+00 2.271533080087095868e-02
2.729999999999999538e+00 1.880452092899442817e-02
2.790000000000000036e+00 1.570433425022166318e-02
2.849999999999999645e+00 1.309302984952021021e-02
2.910000000000000142e+00 1.088318757861417296e-02
2.969999999999999751e+00 8.927658466328924902e-03
3.030000000000000249e+00 7.405256452319708416e-03
3.089999999999999858e+00 6.029009998709256024e-03
3.149999999999999911e+00 4.991764972361903765e-03
3.209999999999999964e+00 4.059324782867967940e-03
3.269999999999999574e+00 3.302718300701723564e-03
3.330000000000000071e+00 2.708410304042008221e-03
3.389999999999999680e+00 2.186621294020252293e-03
3.450000000000000178e+00 1.758957955011464236e-03
3.509999999999999787e+00 1.452242377963930409e-03
3.569999999999999840e+00 1.170486246659949506e-03
3.629999999999999893e+00 9.447336478451973107e-04
3.689999999999999503e+00 7.638087102912471948e-04
3.750000000000000000e+00 6.052355151942023781e-04
3.809999999999999609e+00 4.825492843751888472e-04
3.870000000000000107e+00 3.977368393859315177e-04
3.929999999999999716e+00 3.018726995152043457e-04
3.989999999999999769e+00 2.502153391703583864e-04
4.049999999999999822e+00 2.015382111530946232e-04
4.109999999999999432e+00 1.542270229526477025e-04
4.169999999999999929e+00 1.260389921875483771e-04
4.230000000000000426e+00 9.623666891167631185e-05
4.290000000000000036e+00 7.512668992459781093e-05
4.349999999999999645e+00 6.345411330821496248e-05
4.410000000000000142e+00 5.227824207976222481e-05
4.469999999999999751e+00 3.824631487070434516e-05
4.529999999999999361e+00 3.054738135777079912e-05
4.589999999999999858e+00 2.582868017242370812e-05
4.650000000000000355e+00 1.825392300647279650e-05
4.709999999999999964e+00 1.341104547414307954e-05
4.769999999999999574e+00 1.266598739224643105e-05
4.830000000000000071e+00 9.685755064659034116e-06
4.889999999999999680e+00 6.581346390088733400e-06
4.949999999999999289e+00 4.594524838363900929e-06
5.009999999999999787e+00 3.476937715518576679e-06
5.070000000000000284e+00 2.731879633621779114e-06
5.129999999999999893e+00 2.235174245690513398e-06
5.189999999999999503e+00 2.731879633621779114e-06
5.250000000000000000e+00 1.490116163793697621e-06
5.309999999999999609e+00 1.490116163793675599e-06
5.369999999999999218e+00 1.490116163793697621e-06
5.429999999999999716e+00 6.208817349140315347e-07
5.490000000000000213e+00 6.208817349140407462e-07
5.549999999999999822e+00 6.208817349140315347e-07
5.609999999999999432e+00 7.450580818968488107e-07
5.669999999999999929e+00 0.000000000000000000e+00
5.730000000000000426e+00 2.483526939656162879e-07
5.789999999999999147e+00 2.483526939656162879e-07
5.849999999999999645e+00 0.000000000000000000e+00
5.910000000000000142e+00 0.000000000000000000e+00
5.969999999999999751e+00 1.241763469828062911e-07
