2.999999999999999889e-02 9.623902682819505949e-02
8.999999999999999667e-02 1.620804294260407008e-01
1.499999999999999944e-01 2.416532522686310469e-01
2.099999999999999922e-01 3.234063633790567605e-01
2.700000000000000178e-01 4.040365478004497857e-01
3.299999999999999600e-01 4.798802308223679702e-01
3.900000000000000133e-01 5.500401141748842981e-01
4.499999999999999556e-01 6.110467107749985027e-01
5.100000000000000089e-01 6.627744783377812476e-01
5.700000000000000622e-01 7.043867166497324028e-01
6.299999999999998934e-01 7.342325012023133146e-01
6.899999999999999467e-01 7.544357442026690119e-01
7.500000000000000000e-01 7.630746925335325503e-01
8.100000000000000533e-01 7.621566568139698239e-01
8.699999999999998845e-01 7.513328256905010827e-01
9.299999999999999378e-01 7.329010824298020088e-01
9.899999999999999911e-01 7.085046526070130080e-01
1.050000000000000044e+00 6.773726494715502922e-01
1.109999999999999876e+00 6.424872921281171712e-01
1.169999999999999929e+00 6.046174805057661361e-01
1.229999999999999982e+00 5.642355814213884102e-01
1.290000000000000036e+00 5.225786396251927979e-01
1.349999999999999867e+00 4.811486921878953549e-01
1.409999999999999920e+00 4.402982757533329128e-01
1.469999999999999973e+00 3.999300360669197918e-01
1.530000000000000027e+00 3.614765956224487709e-01
1.589999999999999858e+00 3.245568572167096266e-01
1.649999999999999911e+00 2.898525489844758773e-01
1.709999999999999964e+00 2.583324947704744301e-01
1.770000000000000018e+00 2.280898426188511519e-01
1.829999999999999849e+00 2.011552483015542903e-01
1.889999999999999902e+00 1.761741962458816813e-01
1.949999999999999956e+00 1.539477480542819632e-01
2.009999999999999787e+00 1.336491376208632509e-01
2.070000000000000284e+00 1.160009470979512791e-01
2.129999999999999893e+00 1.001237596093180748e-01
2.189999999999999947e+00 8.610077330620304059e-02
2.250000000000000000e+00 7.348780940206556256e-02
2.309999999999999609e+00 6.287060771689718941e-02
2.370000000000000107e+00 5.343755165891173053e-02
2.429999999999999716e+00 4.527444708259569656e-02
2.490000000000000213e+00 3.822421091135654037e-02
2.549999999999999822e+00 3.217284926036270004e-02
2.609999999999999876e+00 2.702710569441990271e-02
2.669999999999999929e+00 2.266950939103227688e-02
2.729999999999999538e+00 1.887145169881161016e-02
2.790000000000000036e+00 1.572730664005834653e-02
2.849999999999999645e+00 1.308582742640117778e-02
2.910000000000000142e+00 1.077825840480513102e-02
2.969999999999999751e+00 8.907665941730123077e-03
3.030000000000000249e+00 7.396191468778118630e-03
3.089999999999999858e+00 6.031493435772652956e-03
3.149999999999999911e+00 5.017593577766355471e-03
3.209999999999999964e+00 4.074225883795206185e-03
3.269999999999999574e+00 3.306940247221887893e-03
3.330000000000000071e+00 2.688542048462359054e-03
3.389999999999999680e+00 2.213940057366190969e-03
3.450000000000000178e+00 1.788760251632732145e-03
3.509999999999999787e+00 1.457706115509659365e-03
3.569999999999999840e+00 1.158813652775895911e-03
3.629999999999999893e+00 9.366621713339604721e-04
3.689999999999999503e+00 7.661680494671265895e-04
3.750000000000000000e+00 6.138036739896283274e-04
3.809999999999999609e+00 5.009273762642444490e-04
3.870000000000000107e+00 3.788620289990605235e-04
3.929999999999999716e+00 3.106892155213534287e-04
3.989999999999999769e+00 2.468625741232834559e-04
4.049999999999999822e+00 2.042700877428547512e-04
4.109999999999999432e+00 1.554687841058103063e-04
4.169999999999999929e+00 1.224378763005804188e-04
4.230000000000000426e+00 1.012037212829356136e-04
4.290000000000000036e+00 7.338821997326878998e-05
4.349999999999999645e+00 6.221234891135061053e-05
4.410000000000000142e+00 4.880130363704748739e-05
4.469999999999999751e+00 3.439684760168436290e-05
4.529999999999999361e+00 2.930561745125497908e-05
4.589999999999999858e+00 2.135833136277873602e-05
4.650000000000000355e+00 1.452863238049505290e-05
4.709999999999999964e+00 1.365939796456779483e-05
4.769999999999999574e+00 1.254181085837607176e-05
4.830000000000000071e+00 6.705522637151563269e-06
4.889999999999999680e+00 7.450580707946070448e-06
4.949999999999999289e+00 5.215406495562326140e-06
5.009999999999999787e+00 4.346172079635207832e-06
5.070000000000000284e+00 3.104408628310908356e-06
5.129999999999999893e+00 3.601114008840600703e-06
5.189999999999999503e+00 2.235174212383853999e-06
5.250000000000000000e+00 1.365939796456799854e-06
5.309999999999999609e+00 1.365939796456779526e-06
5.369999999999999218e+00 6.208817256621818194e-07
5.429999999999999716e+00 6.208817256621726079e-07
5.490000000000000213e+00 6.208817256621818194e-07
5.549999999999999822e+00 8.692344159270415452e-07
5.609999999999999432e+00 4.967053805297453920e-07
5.669999999999999929e+00 2.483526902648690432e-07
5.730000000000000426e+00 1.241763451324363480e-07
5.789999999999999147e+00 0.000000000000000000e+00
5.849999999999999645e+00 2.483526902648690432e-07
5.910000000000000142e+00 2.483526902648726960e-07
5.969999999999999751e+00 0.000000000000000000e+00
