2.999999999999999889e-02 9.601327351738965510e-02
8.999999999999999667e-02 1.619012417537563364e-01
1.499999999999999944e-01 2.415768820164865271e-01
2.099999999999999922e-01 3.230452561605368089e-01
2.700000000000000178e-01 4.035795758434602143e-01
3.299999999999999600e-01 4.801346645762622489e-01
3.900000000000000133e-01 5.498786808292966954e-01
4.499999999999999556e-01 6.114584749797370433e-01
5.100000000000000089e-01 6.632429907464204577e-01
5.700000000000000622e-01 7.040776364809104848e-01
6.299999999999998934e-01 7.346961702011246542e-01
6.899999999999999467e-01 7.539818740436070588e-01
7.500000000000000000e-01 7.627874669640315464e-01
8.100000000000000533e-01 7.615674343821967618e-01
8.699999999999998845e-01 7.516867226736259067e-01
9.299999999999999378e-01 7.337826048367905862e-01
9.899999999999999911e-01 7.085894597713354726e-01
1.050000000000000044e+00 6.777040710874199236e-01
1.109999999999999876e+00 6.426812507908654659e-01
1.169999999999999929e+00 6.047862316527924387e-01
1.229999999999999982e+00 5.637469433030501964e-01
1.290000000000000036e+00 5.230557212461226513e-01
1.349999999999999867e+00 4.811178928696947521e-01
1.409999999999999920e+00 4.399774007994235459e-01
1.469999999999999973e+00 4.001408845196726682e-01
1.530000000000000027e+00 3.612566766236471327e-01
1.589999999999999858e+00 3.245017205017445838e-01
1.649999999999999911e+00 2.901253622531294596e-01
1.709999999999999964e+00 2.581823636456007653e-01
1.770000000000000018e+00 2.283306188508672507e-01
1.829999999999999849e+00 2.012340987814024706e-01
1.889999999999999902e+00 1.764144761593226529e-01
1.949999999999999956e+00 1.539410413846946657e-01
2.009999999999999787e+00 1.338336626725915579e-01
2.070000000000000284e+00 1.159813263712921177e-01
2.129999999999999893e+00 9.979593331463079697e-02
2.189999999999999947e+00 8.602626685817793550e-02
2.250000000000000000e+00 7.356926853633864727e-02
2.309999999999999609e+00 6.264348871491959292e-02
2.370000000000000107e+00 5.339396536395420167e-02
2.429999999999999716e+00 4.520962669359859104e-02
2.490000000000000213e+00 3.814858723294176079e-02
2.549999999999999822e+00 3.200694942479540006e-02
2.609999999999999876e+00 2.717239181577475390e-02
2.669999999999999929e+00 2.270763135980289824e-02
2.729999999999999538e+00 1.890982204856837823e-02
2.790000000000000036e+00 1.562970391633388204e-02
2.849999999999999645e+00 1.304385572456211520e-02
2.910000000000000142e+00 1.078459131805541669e-02
2.969999999999999751e+00 8.943677015182940546e-03
3.030000000000000249e+00 7.393832063132260192e-03
3.089999999999999858e+00 6.083647455401569940e-03
3.149999999999999911e+00 4.948799845691552630e-03
3.209999999999999964e+00 4.003321160897518188e-03
3.269999999999999574e+00 3.293653353753087272e-03
3.330000000000000071e+00 2.700835486507677415e-03
3.389999999999999680e+00 2.190719064504296695e-03
3.450000000000000178e+00 1.757219446876788363e-03
3.509999999999999787e+00 1.446033528293421159e-03
3.569999999999999840e+00 1.164029050598766081e-03
3.629999999999999893e+00 9.490797987760083614e-04
3.689999999999999503e+00 7.563581125663570038e-04
3.750000000000000000e+00 6.095816737133881273e-04
3.809999999999999609e+00 4.762162800348020511e-04
3.870000000000000107e+00 3.920247186622868385e-04
3.929999999999999716e+00 3.167738540726936012e-04
3.989999999999999769e+00 2.570450325090084683e-04
4.049999999999999822e+00 1.955777421264165818e-04
4.109999999999999432e+00 1.586973678968660903e-04
4.169999999999999929e+00 1.233071097977978784e-04
4.230000000000000426e+00 9.499490331854661021e-05
4.290000000000000036e+00 8.270144524202757968e-05
4.349999999999999645e+00 5.985299790789472719e-05
4.410000000000000142e+00 5.004306671552194338e-05
4.469999999999999751e+00 3.625949250851660138e-05
4.529999999999999361e+00 3.029902798656911595e-05
4.589999999999999858e+00 2.210338926889025580e-05
4.650000000000000355e+00 1.974403872895282404e-05
4.709999999999999964e+00 1.204510538810311837e-05
4.769999999999999574e+00 8.195638717678531502e-06
4.830000000000000071e+00 8.443991406093032508e-06
4.889999999999999680e+00 5.215406456704442351e-06
4.949999999999999289e+00 4.470348391461016413e-06
5.009999999999999787e+00 4.842877424082696771e-06
5.070000000000000284e+00 2.980232260974011224e-06
5.129999999999999893e+00 2.110997851523226787e-06
5.189999999999999503e+00 2.483526884145009636e-06
5.250000000000000000e+00 9.934107536580038120e-07
5.309999999999999609e+00 8.692344094507404977e-07
5.369999999999999218e+00 7.450580652435028061e-07
5.429999999999999716e+00 3.725290326217458973e-07
5.490000000000000213e+00 3.725290326217514030e-07
5.549999999999999822e+00 6.208817210362431975e-07
5.609999999999999432e+00 6.208817210362524090e-07
5.669999999999999929e+00 0.000000000000000000e+00
5.730000000000000426e+00 0.000000000000000000e+00
5.789999999999999147e+00 4.967053768290019060e-07
5.849999999999999645e+00 1.241763442072486501e-07
5.910000000000000142e+00 0.000000000000000000e+00
5.969999999999999751e+00 0.000000000000000000e+00
