2.999999999999999889e-02 9.641039018447782050e-02
8.999999999999999667e-02 1.621115976886689236e-01
1.499999999999999944e-01 2.416143850726046038e-01
2.099999999999999922e-01 3.235538848770740938e-01
2.700000000000000178e-01 4.037857115832822474e-01
3.299999999999999600e-01 4.802746148945085669e-01
3.900000000000000133e-01 5.495400560330360173e-01
4.499999999999999556e-01 6.110780032139718765e-01
5.100000000000000089e-01 6.624425549672422475e-01
5.700000000000000622e-01 7.042848920467238427e-01
6.299999999999998934e-01 7.344036162059058848e-01
6.899999999999999467e-01 7.540530327069707717e-01
7.500000000000000000e-01 7.624658559133481450e-01
8.100000000000000533e-01 7.617455089352364039e-01
8.699999999999998845e-01 7.520360363329859910e-01
9.299999999999999378e-01 7.333191841838628822e-01
9.899999999999999911e-01 7.083778685586327173e-01
1.050000000000000044e+00 6.777862808771865089e-01
1.109999999999999876e+00 6.427288151193996102e-01
1.169999999999999929e+00 6.048544089722788231e-01
1.229999999999999982e+00 5.643996183733083205e-01
1.290000000000000036e+00 5.230949648682534647e-01
1.349999999999999867e+00 4.810659907420371528e-01
1.409999999999999920e+00 4.399086103823073302e-01
1.469999999999999973e+00 3.996082951566816144e-01
1.530000000000000027e+00 3.617013548071384421e-01
1.589999999999999858e+00 3.245337604165149936e-01
1.649999999999999911e+00 2.900353365645108594e-01
1.709999999999999964e+00 2.581780193971296433e-01
1.770000000000000018e+00 2.282737477859922703e-01
1.829999999999999849e+00 2.009497364503600725e-01
1.889999999999999902e+00 1.761065201377845224e-01
1.949999999999999956e+00 1.538161211284415630e-01
2.009999999999999787e+00 1.340030402044906921e-01
2.070000000000000284e+00 1.157888539004650746e-01
2.129999999999999893e+00 9.980785498730115890e-02
2.189999999999999947e+00 8.594542869844236377e-02
2.250000000000000000e+00 7.364166389368465016e-02
2.309999999999999609e+00 6.296547844457837939e-02
2.370000000000000107e+00 5.337161401964640728e-02
2.429999999999999716e+00 4.523061283276393757e-02
2.490000000000000213e+00 3.827015615905553919e-02
2.549999999999999822e+00 3.213522382778757208e-02
2.609999999999999876e+00 2.710409502840201504e-02
2.669999999999999929e+00 2.262691690465185382e-02
2.729999999999999538e+00 1.888275174621865948e-02
2.790000000000000036e+00 1.577561123831485931e-02
2.849999999999999645e+00 1.311562974923296231e-02
2.910000000000000142e+00 1.082345859443333523e-02
2.969999999999999751e+00 8.915985756853995678e-03
3.030000000000000249e+00 7.363408913663155655e-03
3.089999999999999858e+00 6.075451861949535126e-03
3.149999999999999911e+00 4.959230695554111071e-03
3.209999999999999964e+00 4.073108296689014265e-03
3.269999999999999574e+00 3.321593055947515138e-03
3.330000000000000071e+00 2.698476156072954473e-03
3.389999999999999680e+00 2.203012538994536789e-03
3.450000000000000178e+00 1.806889998022067874e-03
3.509999999999999787e+00 1.421943328111517938e-03
3.569999999999999840e+00 1.168871936731623404e-03
3.629999999999999893e+00 9.289632379357494344e-04
3.689999999999999503e+00 7.650504623609346699e-04
3.750000000000000000e+00 5.872299361312871644e-04
3.809999999999999609e+00 4.805624556625250976e-04
3.870000000000000107e+00 3.854433752910795333e-04
3.929999999999999716e+00 2.946704669992692479e-04
3.989999999999999769e+00 2.526988623445079610e-04
4.049999999999999822e+00 1.980612704862330480e-04
4.109999999999999432e+00 1.559654894863400664e-04
4.169999999999999929e+00 1.218169945749182458e-04
4.230000000000000426e+00 9.698172554843278819e-05
4.290000000000000036e+00 7.823109743343373420e-05
4.349999999999999645e+00 5.550682627419904557e-05
4.410000000000000142e+00 4.929800901757722717e-05
4.469999999999999751e+00 3.961225409724660688e-05
4.529999999999999361e+00 2.831220669019548597e-05
4.589999999999999858e+00 2.620120882294368024e-05
4.650000000000000355e+00 1.986821522118981822e-05
4.709999999999999964e+00 1.502533776102457584e-05
4.769999999999999574e+00 1.254181085837607176e-05
4.830000000000000071e+00 8.816520504402979358e-06
4.889999999999999680e+00 5.712111876091987146e-06
4.949999999999999289e+00 6.084640911489380920e-06
5.009999999999999787e+00 4.842877460164945918e-06
5.070000000000000284e+00 3.228584973443344995e-06
5.129999999999999893e+00 2.731879592913559051e-06
5.189999999999999503e+00 2.110997867251417784e-06
5.250000000000000000e+00 9.934107610594907840e-07
5.309999999999999609e+00 1.862645176986517612e-06
5.369999999999999218e+00 7.450580707946181409e-07
5.429999999999999716e+00 7.450580707946071295e-07
5.490000000000000213e+00 1.241763451324363480e-07
5.549999999999999822e+00 4.967053805297380863e-07
5.609999999999999432e+00 4.967053805297453920e-07
5.669999999999999929e+00 1.241763451324345216e-07
5.730000000000000426e+00 1.241763451324363480e-07
5.789999999999999147e+00 1.241763451324363480e-07
5.849999999999999645e+00 0.000000000000000000e+00
5.910000000000000142e+00 1.241763451324363480e-07
5.969999999999999751e+00 0.000000000000000000e+00
