2.999999999999999889e-02 9.630099297691110949e-02
8.999999999999999667e-02 1.616843104989942326e-01
1.499999999999999944e-01 2.414211720757623025e-01
2.099999999999999922e-01 3.234462312154309793e-01
2.700000000000000178e-01 4.038670561164762751e-01
3.299999999999999600e-01 4.795433511166529716e-01
3.900000000000000133e-01 5.497480636989597880e-01
4.499999999999999556e-01 6.110115825264994527e-01
5.100000000000000089e-01 6.623943893509993686e-01
5.700000000000000622e-01 7.040708277649250224e-01
6.299999999999998934e-01 7.348048464011972536e-01
6.899999999999999467e-01 7.543976389268147731e-01
7.500000000000000000e-01 7.632521575907421640e-01
8.100000000000000533e-01 7.619604752198047004e-01
8.699999999999998845e-01 7.524246009349060405e-01
9.299999999999999378e-01 7.332853004318455881e-01
9.899999999999999911e-01 7.086828615025745348e-01
1.050000000000000044e+00 6.776623680316787857e-01
1.109999999999999876e+00 6.430377802391038511e-01
1.169999999999999929e+00 6.041802690990364377e-01
1.229999999999999982e+00 5.645760855790006305e-01
1.290000000000000036e+00 5.227173562863492995e-01
1.349999999999999867e+00 4.811378996001390851e-01
1.409999999999999920e+00 4.403823529823003291e-01
1.469999999999999973e+00 4.002986004066438896e-01
1.530000000000000027e+00 3.614250705176987322e-01
1.589999999999999858e+00 3.240925691062929714e-01
1.649999999999999911e+00 2.900373298688725399e-01
1.709999999999999964e+00 2.577096319835493476e-01
1.770000000000000018e+00 2.283319915954771795e-01
1.829999999999999849e+00 2.009806608525659677e-01
1.889999999999999902e+00 1.764354672196803975e-01
1.949999999999999956e+00 1.538563577032221186e-01
2.009999999999999787e+00 1.337043990829734630e-01
2.070000000000000284e+00 1.158731722287772575e-01
2.129999999999999893e+00 1.000678824906999914e-01
2.189999999999999947e+00 8.573457918072470429e-02
2.250000000000000000e+00 7.357994989479388348e-02
2.309999999999999609e+00 6.276344493392023438e-02
2.370000000000000107e+00 5.338366031834206743e-02
2.429999999999999716e+00 4.510457485062034644e-02
2.490000000000000213e+00 3.825090968053448254e-02
2.549999999999999822e+00 3.218973796279742811e-02
2.609999999999999876e+00 2.698178193153639298e-02
2.669999999999999929e+00 2.258084798532901047e-02
2.729999999999999538e+00 1.893825899579594171e-02
2.790000000000000036e+00 1.576033790013458072e-02
2.849999999999999645e+00 1.301256367362650830e-02
2.910000000000000142e+00 1.085748315568328681e-02
2.969999999999999751e+00 8.989125825059621905e-03
3.030000000000000249e+00 7.334848518229338497e-03
3.089999999999999858e+00 6.034225450241018779e-03
3.149999999999999911e+00 4.941473588650715891e-03
3.209999999999999964e+00 4.098192010007497936e-03
3.269999999999999574e+00 3.339350347941751410e-03
3.330000000000000071e+00 2.744669817810372302e-03
3.389999999999999680e+00 2.202515882844074263e-03
3.450000000000000178e+00 1.793851521878868848e-03
3.509999999999999787e+00 1.426289532071209213e-03
3.569999999999999840e+00 1.157944444242044570e-03
3.629999999999999893e+00 9.320676673973964273e-04
3.689999999999999503e+00 7.590900147615620066e-04
3.750000000000000000e+00 6.033728744849385867e-04
3.809999999999999609e+00 4.837910514495412590e-04
3.870000000000000107e+00 3.876785581687545675e-04
3.929999999999999716e+00 3.146628655988546416e-04
3.989999999999999769e+00 2.464900505973681801e-04
4.049999999999999822e+00 2.000480964797754556e-04
4.109999999999999432e+00 1.508742627082127743e-04
4.169999999999999929e+00 1.272807566056920127e-04
4.230000000000000426e+00 9.238720284354756337e-05
4.290000000000000036e+00 8.071462614019493621e-05
4.349999999999999645e+00 6.308158473726098621e-05
4.410000000000000142e+00 4.842877568411768408e-05
4.469999999999999751e+00 3.700455167658167551e-05
4.529999999999999361e+00 2.818803097511464968e-05
4.589999999999999858e+00 2.334515340670253704e-05
4.650000000000000355e+00 1.713633601130317937e-05
4.709999999999999964e+00 1.539786714059103695e-05
4.769999999999999574e+00 1.328686922615536254e-05
4.830000000000000071e+00 7.574757222387637774e-06
4.889999999999999680e+00 7.698933570295518473e-06
4.949999999999999289e+00 4.842877568411767899e-06
5.009999999999999787e+00 3.476937741423782140e-06
5.070000000000000284e+00 3.228585045607845407e-06
5.129999999999999893e+00 1.986821566527875448e-06
5.189999999999999503e+00 2.483526958159881050e-06
5.250000000000000000e+00 1.614292522803922704e-06
5.309999999999999609e+00 1.738468870711891070e-06
5.369999999999999218e+00 6.208817395399702625e-07
5.429999999999999716e+00 9.934107832639377240e-07
5.490000000000000213e+00 7.450580874479643574e-07
5.549999999999999822e+00 8.692344353559455350e-07
5.609999999999999432e+00 2.483526958159880838e-07
5.669999999999999929e+00 2.483526958159844310e-07
5.730000000000000426e+00 1.241763479079940419e-07
5.789999999999999147e+00 0.000000000000000000e+00
5.849999999999999645e+00 0.000000000000000000e+00
5.910000000000000142e+00 1.241763479079940419e-07
5.969999999999999751e+00 0.000000000000000000e+00
