2.999999999999999889e-02 9.627118921886061720e-02
8.999999999999999667e-02 1.615256107194485702e-01
1.499999999999999944e-01 2.418314471256808040e-01
2.099999999999999922e-01 3.233557018394304650e-01
2.700000000000000178e-01 4.033647567785849652e-01
3.299999999999999600e-01 4.799111543079226938e-01
3.900000000000000133e-01 5.494594696788370758e-01
4.499999999999999556e-01 6.108728684431707912e-01
5.100000000000000089e-01 6.630387305402466458e-01
5.700000000000000622e-01 7.039168386043405112e-01
6.299999999999998934e-01 7.340508366784895822e-01
6.899999999999999467e-01 7.543071031291376238e-01
7.500000000000000000e-01 7.627147109916609935e-01
8.100000000000000533e-01 7.621968956286021557e-01
8.699999999999998845e-01 7.519003171898502869e-01
9.299999999999999378e-01 7.340409025708035662e-01
9.899999999999999911e-01 7.087650556834669269e-01
1.050000000000000044e+00 6.782764099649772893e-01
1.109999999999999876e+00 6.433248663691791824e-01
1.169999999999999929e+00 6.047078853904475082e-01
1.229999999999999982e+00 5.640766399023174893e-01
1.290000000000000036e+00 5.232708024716322681e-01
1.349999999999999867e+00 4.808844485083219045e-01
1.409999999999999920e+00 4.396710643098737381e-01
1.469999999999999973e+00 3.997842560163591408e-01
1.530000000000000027e+00 3.615478755382963705e-01
1.589999999999999858e+00 3.244061095507327352e-01
1.649999999999999911e+00 2.903295124892530943e-01
1.709999999999999964e+00 2.581709432689805461e-01
1.770000000000000018e+00 2.283496212342054910e-01
1.829999999999999849e+00 2.010813648743734194e-01
1.889999999999999902e+00 1.762726694009054684e-01
1.949999999999999956e+00 1.538033321108170648e-01
2.009999999999999787e+00 1.335671822282289145e-01
2.070000000000000284e+00 1.160458997994985586e-01
2.129999999999999893e+00 9.995190029235449802e-02
2.189999999999999947e+00 8.570489975647212211e-02
2.250000000000000000e+00 7.357436086279457721e-02
2.309999999999999609e+00 6.270483276333280176e-02
2.370000000000000107e+00 5.343978723128156583e-02
2.429999999999999716e+00 4.513760508656111670e-02
2.490000000000000213e+00 3.820136274847450719e-02
2.549999999999999822e+00 3.220078917793207235e-02
2.609999999999999876e+00 2.701034208906975820e-02
2.669999999999999929e+00 2.262977312919485159e-02
2.729999999999999538e+00 1.888722223536420247e-02
2.790000000000000036e+00 1.567117904881786677e-02
2.849999999999999645e+00 1.306571095583685706e-02
2.910000000000000142e+00 1.082954331603121212e-02
2.969999999999999751e+00 8.950755200179402044e-03
3.030000000000000249e+00 7.447973060190068301e-03
3.089999999999999858e+00 6.005168095346566544e-03
3.149999999999999911e+00 4.953146091546435648e-03
3.209999999999999964e+00 4.074722619534785692e-03
3.269999999999999574e+00 3.322959020501946390e-03
3.330000000000000071e+00 2.671281556391549763e-03
3.389999999999999680e+00 2.165014593514627463e-03
3.450000000000000178e+00 1.782427271311096259e-03
3.509999999999999787e+00 1.416976284863516802e-03
3.569999999999999840e+00 1.130501454508592990e-03
3.629999999999999893e+00 9.408841740785967109e-04
3.689999999999999503e+00 7.651746444070626259e-04
3.750000000000000000e+00 5.987783406898500348e-04
3.809999999999999609e+00 4.880130400064517423e-04
3.870000000000000107e+00 3.948807804632358280e-04
3.929999999999999716e+00 3.052254586096331854e-04
3.989999999999999769e+00 2.313405327053502268e-04
4.049999999999999822e+00 1.911073965826778150e-04
4.109999999999999432e+00 1.554687852641430405e-04
4.169999999999999929e+00 1.199543502916613022e-04
4.230000000000000426e+00 9.139379069840995609e-05
4.290000000000000036e+00 8.170803570591421579e-05
4.349999999999999645e+00 5.314747611266231408e-05
4.410000000000000142e+00 4.780789323218456608e-05
4.469999999999999751e+00 3.998478343055376964e-05
4.529999999999999361e+00 2.731879613267689200e-05
4.589999999999999858e+00 2.421438748123597956e-05
4.650000000000000355e+00 1.788139383229760173e-05
4.709999999999999964e+00 1.539786691114492938e-05
4.769999999999999574e+00 1.179675287547411199e-05
4.830000000000000071e+00 9.189049608264046414e-06
4.889999999999999680e+00 6.457169994996260652e-06
4.949999999999999289e+00 5.712111918650622256e-06
5.009999999999999787e+00 4.718701150189574831e-06
5.070000000000000284e+00 2.607703267210066848e-06
5.129999999999999893e+00 2.980232305382889858e-06
5.189999999999999503e+00 1.365939806633844600e-06
5.250000000000000000e+00 2.110997882979577864e-06
5.309999999999999609e+00 1.738468844806685609e-06
5.369999999999999218e+00 7.450580763457334758e-07
5.429999999999999716e+00 8.692344224033428046e-07
5.490000000000000213e+00 6.208817302881112299e-07
5.549999999999999822e+00 3.725290381728612322e-07
5.609999999999999432e+00 2.483526921152444390e-07
5.669999999999999929e+00 2.483526921152407862e-07
5.730000000000000426e+00 0.000000000000000000e+00
5.789999999999999147e+00 3.725290381728667379e-07
5.849999999999999645e+00 0.000000000000000000e+00
5.910000000000000142e+00 1.241763460576222195e-07
5.969999999999999751e+00 0.000000000000000000e+00
