2.999999999999999889e-02 9.624958253464659108e-02
8.999999999999999667e-02 1.619038518695400941e-01
1.499999999999999944e-01 2.417689864236138297e-01
2.099999999999999922e-01 3.232254408524160016e-01
2.700000000000000178e-01 4.038402280076396345e-01
3.299999999999999600e-01 4.797354447782511411e-01
3.900000000000000133e-01 5.493791275829378318e-01
4.499999999999999556e-01 6.111392267054643890e-01
5.100000000000000089e-01 6.629984974041239765e-01
5.700000000000000622e-01 7.041830726902880144e-01
6.299999999999998934e-01 7.342298989695046352e-01
6.899999999999999467e-01 7.541464189373391358e-01
7.500000000000000000e-01 7.630688619306174036e-01
8.100000000000000533e-01 7.626764646770767264e-01
8.699999999999998845e-01 7.513534445618125224e-01
9.299999999999999378e-01 7.335348839606187221e-01
9.899999999999999911e-01 7.088934540252904704e-01
1.050000000000000044e+00 6.770940027978166187e-01
1.109999999999999876e+00 6.430935258364738338e-01
1.169999999999999929e+00 6.047330931886971683e-01
1.229999999999999982e+00 5.640079703829475877e-01
1.290000000000000036e+00 5.224599309318760376e-01
1.349999999999999867e+00 4.813344635864347243e-01
1.409999999999999920e+00 4.404733676817520482e-01
1.469999999999999973e+00 3.995706727011400505e-01
1.530000000000000027e+00 3.613455922705685053e-01
1.589999999999999858e+00 3.246146016357635000e-01
1.649999999999999911e+00 2.901886965128237517e-01
1.709999999999999964e+00 2.580668834909842779e-01
1.770000000000000018e+00 2.282506526863975482e-01
1.829999999999999849e+00 2.011105463156969697e-01
1.889999999999999902e+00 1.763808269983216659e-01
1.949999999999999956e+00 1.538557345288533995e-01
2.009999999999999787e+00 1.338955044872052746e-01
2.070000000000000284e+00 1.156833048690103088e-01
2.129999999999999893e+00 1.001033954345448007e-01
2.189999999999999947e+00 8.595126562705043827e-02
2.250000000000000000e+00 7.366265024484154600e-02
2.309999999999999609e+00 6.276679676001555019e-02
2.370000000000000107e+00 5.332815269617576653e-02
2.429999999999999716e+00 4.519907237785963927e-02
2.490000000000000213e+00 3.817590659753269250e-02
2.549999999999999822e+00 3.225642018096588209e-02
2.609999999999999876e+00 2.700227062657601165e-02
2.669999999999999929e+00 2.271619986605095606e-02
2.729999999999999538e+00 1.890237174958323343e-02
2.790000000000000036e+00 1.571401988820774615e-02
2.849999999999999645e+00 1.303156246067101176e-02
2.910000000000000142e+00 1.083624883871832367e-02
2.969999999999999751e+00 8.941938679609311505e-03
3.030000000000000249e+00 7.355461682377140674e-03
3.089999999999999858e+00 6.068125502797780575e-03
3.149999999999999911e+00 4.936382284828656763e-03
3.209999999999999964e+00 4.021450967076066127e-03
3.269999999999999574e+00 3.329167837804827747e-03
3.330000000000000071e+00 2.704312464442876901e-03
3.389999999999999680e+00 2.203881789830663095e-03
3.450000000000000178e+00 1.790126204766668856e-03
3.509999999999999787e+00 1.432374151774661779e-03
3.569999999999999840e+00 1.155957605450405514e-03
3.629999999999999893e+00 9.391457052337899396e-04
3.689999999999999503e+00 7.453064290378430632e-04
3.750000000000000000e+00 5.900859964658165032e-04
3.809999999999999609e+00 4.716217623268457223e-04
3.870000000000000107e+00 3.854433781628565682e-04
3.929999999999999716e+00 2.976507015001183002e-04
3.989999999999999769e+00 2.478559867310139585e-04
4.049999999999999822e+00 1.919766310050811465e-04
4.109999999999999432e+00 1.557171379562582742e-04
4.169999999999999929e+00 1.193334685613731908e-04
4.230000000000000426e+00 9.040037992994898067e-05
4.290000000000000036e+00 8.034209589928040338e-05
4.349999999999999645e+00 6.134311495246537829e-05
4.410000000000000142e+00 4.917383303881840559e-05
4.469999999999999751e+00 3.613531670276753899e-05
4.529999999999999361e+00 3.042320478411744529e-05
4.589999999999999858e+00 2.309680036671739068e-05
4.650000000000000355e+00 1.788139383229760173e-05
4.709999999999999964e+00 1.365939806633824271e-05
4.769999999999999574e+00 1.154840018335886644e-05
4.830000000000000071e+00 8.568167877975935078e-06
4.889999999999999680e+00 6.084640956823399950e-06
4.949999999999999289e+00 6.332993648938734439e-06
5.009999999999999787e+00 3.228584997498130326e-06
5.070000000000000284e+00 2.856055959325311128e-06
5.129999999999999893e+00 2.607703267210028308e-06
5.189999999999999503e+00 1.738468844806711232e-06
5.250000000000000000e+00 1.241763460576222460e-06
5.309999999999999609e+00 1.117587114518583591e-06
5.369999999999999218e+00 4.967053842304888780e-07
5.429999999999999716e+00 3.725290381728612322e-07
5.490000000000000213e+00 4.967053842304888780e-07
5.549999999999999822e+00 4.967053842304815724e-07
5.609999999999999432e+00 4.967053842304888780e-07
5.669999999999999929e+00 3.725290381728612322e-07
5.730000000000000426e+00 1.241763460576222195e-07
5.789999999999999147e+00 0.000000000000000000e+00
5.849999999999999645e+00 1.241763460576203931e-07
5.910000000000000142e+00 0.000000000000000000e+00
5.969999999999999751e+00 0.000000000000000000e+00
