2.999999999999999889e-02 9.610727500995452921e-02
8.999999999999999667e-02 1.617083958912024777e-01
1.499999999999999944e-01 2.412937599516939979e-01
2.099999999999999922e-01 3.231775039671175298e-01
2.700000000000000178e-01 4.034295708196578012e-01
3.299999999999999600e-01 4.801016336687030650e-01
3.900000000000000133e-01 5.494707615385758803e-01
4.499999999999999556e-01 6.108446713103206083e-01
5.100000000000000089e-01 6.628907024579044904e-01
5.700000000000000622e-01 7.046648664126666795e-01
6.299999999999998934e-01 7.348120267302700181e-01
6.899999999999999467e-01 7.542043980524264501e-01
7.500000000000000000e-01 7.633390582850001493e-01
8.100000000000000533e-01 7.621900545720519116e-01
8.699999999999998845e-01 7.524506555431889065e-01
9.299999999999999378e-01 7.335218345139553620e-01
9.899999999999999911e-01 7.085682256164760329e-01
1.050000000000000044e+00 6.778992763005137201e-01
1.109999999999999876e+00 6.424369959218098058e-01
1.169999999999999929e+00 6.045175140439280614e-01
1.229999999999999982e+00 5.642811499358297844e-01
1.290000000000000036e+00 5.230524926611733738e-01
1.349999999999999867e+00 4.812455461515398603e-01
1.409999999999999920e+00 4.400747550532820851e-01
1.469999999999999973e+00 3.996120174696939920e-01
1.530000000000000027e+00 3.612181819569429408e-01
1.589999999999999858e+00 3.245407118738256602e-01
1.649999999999999911e+00 2.900893511133093572e-01
1.709999999999999964e+00 2.578965097012357321e-01
1.770000000000000018e+00 2.283333507304397825e-01
1.829999999999999849e+00 2.010387693919644669e-01
1.889999999999999902e+00 1.761662476472523886e-01
1.949999999999999956e+00 1.538975796642221006e-01
2.009999999999999787e+00 1.337642480961797053e-01
2.070000000000000284e+00 1.158951479884122865e-01
2.129999999999999893e+00 1.000005759298843444e-01
2.189999999999999947e+00 8.584894303864998300e-02
2.250000000000000000e+00 7.342050527597837606e-02
2.309999999999999609e+00 6.275065289997044937e-02
2.370000000000000107e+00 5.335273881767739479e-02
2.429999999999999716e+00 4.520925416456596929e-02
2.490000000000000213e+00 3.836986947831907968e-02
2.549999999999999822e+00 3.228162749818184324e-02
2.609999999999999876e+00 2.701617797476203384e-02
2.669999999999999929e+00 2.255936480481944215e-02
2.729999999999999538e+00 1.890994622491258201e-02
2.790000000000000036e+00 1.570967348200334734e-02
2.849999999999999645e+00 1.301976551378590877e-02
2.910000000000000142e+00 1.079576718903406916e-02
2.969999999999999751e+00 8.987883793720723158e-03
3.030000000000000249e+00 7.382159486776778724e-03
3.089999999999999858e+00 6.046022023106773294e-03
3.149999999999999911e+00 4.970654882272028570e-03
3.209999999999999964e+00 4.045665294272190321e-03
3.269999999999999574e+00 3.312155629039967037e-03
3.330000000000000071e+00 2.717723469319863801e-03
3.389999999999999680e+00 2.158681567698826284e-03
3.450000000000000178e+00 1.812229567360599961e-03
3.509999999999999787e+00 1.435230186347390439e-03
3.569999999999999840e+00 1.159558702207304877e-03
3.629999999999999893e+00 9.521842073811894944e-04
3.689999999999999503e+00 7.546196437474555086e-04
3.750000000000000000e+00 6.030003274704037871e-04
3.809999999999999609e+00 4.707525208896830662e-04
3.870000000000000107e+00 3.851950197308881075e-04
3.929999999999999716e+00 3.203749680547038413e-04
3.989999999999999769e+00 2.544373292806562255e-04
4.049999999999999822e+00 1.971920346011108273e-04
4.109999999999999432e+00 1.421819141173017776e-04
4.169999999999999929e+00 1.214444646346891606e-04
4.230000000000000426e+00 1.007070151520801350e-04
4.290000000000000036e+00 7.984538932526086469e-05
4.349999999999999645e+00 5.972882156368747753e-05
4.410000000000000142e+00 5.016724305972919304e-05
4.469999999999999751e+00 3.774960863900358370e-05
4.529999999999999361e+00 2.930561723291111192e-05
4.589999999999999858e+00 2.260009464571925103e-05
4.650000000000000355e+00 1.564621937011355829e-05
4.709999999999999964e+00 1.452863227224808947e-05
4.769999999999999574e+00 1.216928173231054590e-05
4.830000000000000071e+00 7.078051619813276128e-06
4.889999999999999680e+00 4.967053768289945580e-06
4.949999999999999289e+00 4.470348391461016413e-06
5.009999999999999787e+00 4.967053768289945580e-06
5.070000000000000284e+00 3.352761293595762733e-06
5.129999999999999893e+00 2.235174195730475172e-06
5.189999999999999503e+00 1.365939786279755321e-06
5.250000000000000000e+00 1.862645163108756909e-06
5.309999999999999609e+00 9.934107536579892007e-07
5.369999999999999218e+00 8.692344094507533090e-07
5.429999999999999716e+00 1.241763442072486501e-07
5.490000000000000213e+00 4.967053768290019060e-07
5.549999999999999822e+00 6.208817210362431975e-07
5.609999999999999432e+00 2.483526884145009530e-07
5.669999999999999929e+00 3.725290326217458973e-07
5.730000000000000426e+00 2.483526884145009530e-07
5.789999999999999147e+00 1.241763442072504765e-07
5.849999999999999645e+00 0.000000000000000000e+00
5.910000000000000142e+00 1.241763442072504765e-07
5.969999999999999751e+00 2.483526884144973002e-07
