2.999999999999999889e-02 9.606455834754724921e-02
8.999999999999999667e-02 1.619275671387282456e-01
1.499999999999999944e-01 2.416731186832471734e-01
2.099999999999999922e-01 3.236229245137889898e-01
2.700000000000000178e-01 4.037498216113683536e-01
3.299999999999999600e-01 4.798738942534270246e-01
3.900000000000000133e-01 5.498447806873281163e-01
4.499999999999999556e-01 6.107644533919627250e-01
5.100000000000000089e-01 6.624372104488596147e-01
5.700000000000000622e-01 7.039222918743072155e-01
6.299999999999998934e-01 7.346673612892686833e-01
6.899999999999999467e-01 7.545291191925284080e-01
7.500000000000000000e-01 7.632571018978233646e-01
8.100000000000000533e-01 7.613549686572581576e-01
8.699999999999998845e-01 7.517530328414325780e-01
9.299999999999999378e-01 7.340330685230566088e-01
9.899999999999999911e-01 7.079848451513903740e-01
1.050000000000000044e+00 6.778569321671390480e-01
1.109999999999999876e+00 6.426940409543188126e-01
1.169999999999999929e+00 6.050291205820618190e-01
1.229999999999999982e+00 5.642732026498005204e-01
1.290000000000000036e+00 5.233938534313991031e-01
1.349999999999999867e+00 4.813503509860507235e-01
1.409999999999999920e+00 4.400365087392661967e-01
1.469999999999999973e+00 4.000124861797623721e-01
1.530000000000000027e+00 3.612354424687876930e-01
1.589999999999999858e+00 3.241396222820362438e-01
1.649999999999999911e+00 2.901236237843105581e-01
1.709999999999999964e+00 2.580776829874340539e-01
1.770000000000000018e+00 2.280194329322838553e-01
1.829999999999999849e+00 2.011304115339894172e-01
1.889999999999999902e+00 1.763790859012235868e-01
1.949999999999999956e+00 1.539292446319949492e-01
2.009999999999999787e+00 1.335726439970679191e-01
2.070000000000000284e+00 1.157271373946998777e-01
2.129999999999999893e+00 9.990309749968165343e-02
2.189999999999999947e+00 8.609878584319498318e-02
2.250000000000000000e+00 7.372076367627150573e-02
2.309999999999999609e+00 6.275040454728203487e-02
2.370000000000000107e+00 5.339595218546151073e-02
2.429999999999999716e+00 4.511872960963888429e-02
2.490000000000000213e+00 3.812288272969086012e-02
2.549999999999999822e+00 3.212901477115112647e-02
2.609999999999999876e+00 2.705243746727055074e-02
2.669999999999999929e+00 2.264119701565201620e-02
2.729999999999999538e+00 1.886859550229156787e-02
2.790000000000000036e+00 1.574580879816765699e-02
2.849999999999999645e+00 1.309129108804928457e-02
2.910000000000000142e+00 1.088976868159895542e-02
2.969999999999999751e+00 8.969754047466462973e-03
3.030000000000000249e+00 7.425372854560901605e-03
3.089999999999999858e+00 6.054962719889695269e-03
3.149999999999999911e+00 4.987294512395800891e-03
3.209999999999999964e+00 4.025300373822201377e-03
3.269999999999999574e+00 3.285085186002787046e-03
3.330000000000000071e+00 2.699221194032983603e-03
3.389999999999999680e+00 2.200280643008254919e-03
3.450000000000000178e+00 1.791864646910611017e-03
3.509999999999999787e+00 1.439700534738851427e-03
3.569999999999999840e+00 1.162911463500900834e-03
3.629999999999999893e+00 9.439885686635110171e-04
3.689999999999999503e+00 7.569789942873932521e-04
3.750000000000000000e+00 6.015102113399167913e-04
3.809999999999999609e+00 4.949669080100966949e-04
3.870000000000000107e+00 3.820906111257068661e-04
3.929999999999999716e+00 3.140419745001341088e-04
3.989999999999999769e+00 2.484768647587081878e-04
4.049999999999999822e+00 1.932183915864788654e-04
4.109999999999999432e+00 1.497566711139440608e-04
4.169999999999999929e+00 1.139938839822542355e-04
4.230000000000000426e+00 9.809931192372786516e-05
4.290000000000000036e+00 7.711350975270139937e-05
4.349999999999999645e+00 6.221234844783248420e-05
4.410000000000000142e+00 4.433095488198841855e-05
4.469999999999999751e+00 3.899137208107607348e-05
4.529999999999999361e+00 3.129243874022711658e-05
4.589999999999999858e+00 2.334515271096274558e-05
4.650000000000000355e+00 1.850227528688032071e-05
4.709999999999999964e+00 1.403192689541909592e-05
4.769999999999999574e+00 1.018246022499453955e-05
4.830000000000000071e+00 8.195638717678531502e-06
4.889999999999999680e+00 6.208817210362431975e-06
4.949999999999999289e+00 4.967053768290019272e-06
5.009999999999999787e+00 5.091230112497194389e-06
5.070000000000000284e+00 3.601113982010263739e-06
5.129999999999999893e+00 1.986821507315978401e-06
5.189999999999999503e+00 1.490116130487005612e-06
5.250000000000000000e+00 1.490116130487005612e-06
5.309999999999999609e+00 1.738468818901480995e-06
5.369999999999999218e+00 7.450580652435028061e-07
5.429999999999999716e+00 7.450580652434917946e-07
5.490000000000000213e+00 4.967053768290019060e-07
5.549999999999999822e+00 4.967053768289946003e-07
5.609999999999999432e+00 2.483526884145009530e-07
5.669999999999999929e+00 2.483526884144973002e-07
5.730000000000000426e+00 0.000000000000000000e+00
5.789999999999999147e+00 2.483526884145009530e-07
5.849999999999999645e+00 1.241763442072486501e-07
5.910000000000000142e+00 0.000000000000000000e+00
5.969999999999999751e+00 0.000000000000000000e+00
