2.999999999999999889e-02 9.616861884050496856e-02
8.999999999999999667e-02 1.618935440266164039e-01
1.499999999999999944e-01 2.416136400145338092e-01
2.099999999999999922e-01 3.231069742109424214e-01
2.700000000000000178e-01 4.037177871224947867e-01
3.299999999999999600e-01 4.797695896988549702e-01
3.900000000000000133e-01 5.495523494912041285e-01
4.499999999999999556e-01 6.112543336240600089e-01
5.100000000000000089e-01 6.631206819880104408e-01
5.700000000000000622e-01 7.040546691028483073e-01
6.299999999999998934e-01 7.350248704606033856e-01
6.899999999999999467e-01 7.535470141005561340e-01
7.500000000000000000e-01 7.628953818911612395e-01
8.100000000000000533e-01 7.623038057829517600e-01
8.699999999999998845e-01 7.520518067288178843e-01
9.299999999999999378e-01 7.335615764095614333e-01
9.899999999999999911e-01 7.083465761196593435e-01
1.050000000000000044e+00 6.781944485236367504e-01
1.109999999999999876e+00 6.430250998788856753e-01
1.169999999999999929e+00 6.042193711432715109e-01
1.229999999999999982e+00 5.645605509165999569e-01
1.290000000000000036e+00 5.225109635170955835e-01
1.349999999999999867e+00 4.812069308937624301e-01
1.409999999999999920e+00 4.401043123022360670e-01
1.469999999999999973e+00 3.999455581100612722e-01
1.530000000000000027e+00 3.609719429558305159e-01
1.589999999999999858e+00 3.249175894993193148e-01
1.649999999999999911e+00 2.900196903450241726e-01
1.709999999999999964e+00 2.579881537654222234e-01
1.770000000000000018e+00 2.285114213105757519e-01
1.829999999999999849e+00 2.007679422810861869e-01
1.889999999999999902e+00 1.761086311356517553e-01
1.949999999999999956e+00 1.539550744586447584e-01
2.009999999999999787e+00 1.337079972084560253e-01
2.070000000000000284e+00 1.157458888850492612e-01
2.129999999999999893e+00 9.980884839806222764e-02
2.189999999999999947e+00 8.590283621206194764e-02
2.250000000000000000e+00 7.352183372063184064e-02
2.309999999999999609e+00 6.287172530400338133e-02
2.370000000000000107e+00 5.353254656293804370e-02
2.429999999999999716e+00 4.524650740494089857e-02
2.490000000000000213e+00 3.815790074305581980e-02
2.549999999999999822e+00 3.219197241751308586e-02
2.609999999999999876e+00 2.705665966456142005e-02
2.669999999999999929e+00 2.266950939103227688e-02
2.729999999999999538e+00 1.896893012974057088e-02
2.790000000000000036e+00 1.582267407312005700e-02
2.849999999999999645e+00 1.303926129697651447e-02
2.910000000000000142e+00 1.083016411707048675e-02
2.969999999999999751e+00 8.911639584774359857e-03
3.030000000000000249e+00 7.377316664317988722e-03
3.089999999999999858e+00 6.048257242365531750e-03
3.149999999999999911e+00 4.942963594341761441e-03
3.209999999999999964e+00 4.078323703184576557e-03
3.269999999999999574e+00 3.327677696859004768e-03
3.330000000000000071e+00 2.713253141143714010e-03
3.389999999999999680e+00 2.171720100021163041e-03
3.450000000000000178e+00 1.773486561181442578e-03
3.509999999999999787e+00 1.453235767084891687e-03
3.569999999999999840e+00 1.144285020395400957e-03
3.629999999999999893e+00 9.412566961038605498e-04
3.689999999999999503e+00 7.402151933344476402e-04
3.750000000000000000e+00 6.161630245471445659e-04
3.809999999999999609e+00 5.060186064146744494e-04
3.870000000000000107e+00 3.843257881848876137e-04
3.929999999999999716e+00 2.965331121762557805e-04
3.989999999999999769e+00 2.495944537161970552e-04
4.049999999999999822e+00 1.950810382030546228e-04
4.109999999999999432e+00 1.552204314155454534e-04
4.169999999999999929e+00 1.175949988404154881e-04
4.230000000000000426e+00 9.760260727409497477e-05
4.290000000000000036e+00 8.009374261042025329e-05
4.349999999999999645e+00 6.407499408833715673e-05
4.410000000000000142e+00 4.631777673439875460e-05
4.469999999999999751e+00 3.787378526539252781e-05
4.529999999999999361e+00 3.079573359284421198e-05
4.589999999999999858e+00 2.173086039817603916e-05
4.650000000000000355e+00 1.912315715039519839e-05
4.709999999999999964e+00 1.241763451324345046e-05
4.769999999999999574e+00 1.030663664599221733e-05
4.830000000000000071e+00 9.934107610594909111e-06
4.889999999999999680e+00 5.587935530959552201e-06
4.949999999999999289e+00 3.104408628310908356e-06
5.009999999999999787e+00 3.973643044237904691e-06
5.070000000000000284e+00 3.104408628310908356e-06
5.129999999999999893e+00 2.856055938045993573e-06
5.189999999999999503e+00 1.365939796456799854e-06
5.250000000000000000e+00 1.614292486721672498e-06
5.309999999999999609e+00 9.934107610594761727e-07
5.369999999999999218e+00 9.934107610594907840e-07
5.429999999999999716e+00 4.967053805297380863e-07
5.490000000000000213e+00 4.967053805297453920e-07
5.549999999999999822e+00 4.967053805297380863e-07
5.609999999999999432e+00 1.241763451324363480e-07
5.669999999999999929e+00 3.725290353973035648e-07
5.730000000000000426e+00 2.483526902648726960e-07
5.789999999999999147e+00 0.000000000000000000e+00
5.849999999999999645e+00 0.000000000000000000e+00
5.910000000000000142e+00 2.483526902648726960e-07
5.969999999999999751e+00 0.000000000000000000e+00
