2.999999999999999889e-02 9.632930231339709159e-02
8.999999999999999667e-02 1.619555068161748768e-01
1.499999999999999944e-01 2.411081163171041875e-01
2.099999999999999922e-01 3.232944780833607590e-01
2.700000000000000178e-01 4.038824419469816962e-01
3.299999999999999600e-01 4.800147102277580458e-01
3.900000000000000133e-01 5.495931994139641175e-01
4.499999999999999556e-01 6.109099880673735106e-01
5.100000000000000089e-01 6.627089082899850769e-01
5.700000000000000622e-01 7.038213365064667215e-01
6.299999999999998934e-01 7.344221130094593653e-01
6.899999999999999467e-01 7.537135289637753033e-01
7.500000000000000000e-01 7.627538151747513817e-01
8.100000000000000533e-01 7.627391623661363695e-01
8.699999999999998845e-01 7.518087880199816331e-01
9.299999999999999378e-01 7.337355420023361496e-01
9.899999999999999911e-01 7.093274397849591573e-01
1.050000000000000044e+00 6.779378951435621747e-01
1.109999999999999876e+00 6.429334529459503900e-01
1.169999999999999929e+00 6.048847034937487877e-01
1.229999999999999982e+00 5.643653414972022997e-01
1.290000000000000036e+00 5.227321176931186697e-01
1.349999999999999867e+00 4.814659591625077284e-01
1.409999999999999920e+00 4.399386577800308840e-01
1.469999999999999973e+00 3.996814320461058445e-01
1.530000000000000027e+00 3.614944743228040713e-01
1.589999999999999858e+00 3.246506079384490762e-01
1.649999999999999911e+00 2.901386491219595798e-01
1.709999999999999964e+00 2.575629720406950041e-01
1.770000000000000018e+00 2.281961358700907994e-01
1.829999999999999849e+00 2.008351201874645775e-01
1.889999999999999902e+00 1.762601249634730693e-01
1.949999999999999956e+00 1.537607373329057392e-01
2.009999999999999787e+00 1.338258395629065012e-01
2.070000000000000284e+00 1.158316938765223819e-01
2.129999999999999893e+00 1.000513640546651095e-01
2.189999999999999947e+00 8.585179909456676361e-02
2.250000000000000000e+00 7.358479057936456735e-02
2.309999999999999609e+00 6.274345067200644277e-02
2.370000000000000107e+00 5.354657809098490456e-02
2.429999999999999716e+00 4.511574937737791030e-02
2.490000000000000213e+00 3.824854919002858983e-02
2.549999999999999822e+00 3.205997272377190260e-02
2.609999999999999876e+00 2.707342326944157593e-02
2.669999999999999929e+00 2.261288480917276328e-02
2.729999999999999538e+00 1.892025286148178720e-02
2.790000000000000036e+00 1.561467857868480309e-02
2.849999999999999645e+00 1.309501637837550206e-02
2.910000000000000142e+00 1.084866631166635752e-02
2.969999999999999751e+00 8.961185879716162747e-03
3.030000000000000249e+00 7.378558372794768484e-03
3.089999999999999858e+00 6.007154827369904151e-03
3.149999999999999911e+00 4.987542865084215390e-03
3.209999999999999964e+00 4.051004877073102056e-03
3.269999999999999574e+00 3.326063379591179432e-03
3.330000000000000071e+00 2.695868432739387862e-03
3.389999999999999680e+00 2.206737812907031901e-03
3.450000000000000178e+00 1.766656849036539337e-03
3.509999999999999787e+00 1.444295059474519447e-03
3.569999999999999840e+00 1.186132439867656520e-03
3.629999999999999893e+00 9.372830460763195357e-04
3.689999999999999503e+00 7.552405254684917569e-04
3.750000000000000000e+00 5.895892822960209327e-04
3.809999999999999609e+00 4.902482069302212080e-04
3.870000000000000107e+00 3.827114928467431143e-04
3.929999999999999716e+00 3.216167314967763378e-04
3.989999999999999769e+00 2.488493937913299368e-04
4.049999999999999822e+00 2.031524991230587837e-04
4.109999999999999432e+00 1.626710109114981064e-04
4.169999999999999929e+00 1.228104044209689068e-04
4.230000000000000426e+00 9.847184095634962768e-05
4.290000000000000036e+00 8.071462373471161229e-05
4.349999999999999645e+00 6.097058500575998086e-05
4.410000000000000142e+00 4.867712692924218361e-05
4.469999999999999751e+00 4.284083875150077893e-05
4.529999999999999361e+00 2.508362152986459652e-05
4.589999999999999858e+00 2.421438712041348301e-05
4.650000000000000355e+00 1.688798281218606502e-05
4.709999999999999964e+00 1.179675269968862075e-05
4.769999999999999574e+00 1.117587097865254188e-05
4.830000000000000071e+00 9.561578503958286188e-06
4.889999999999999680e+00 6.829698931398674325e-06
4.949999999999999289e+00 4.097819358839265751e-06
5.009999999999999787e+00 3.601113982010210376e-06
5.070000000000000284e+00 2.980232260974011224e-06
5.129999999999999893e+00 2.235174195730475172e-06
5.189999999999999503e+00 1.614292474694256115e-06
5.250000000000000000e+00 1.862645163108756909e-06
5.309999999999999609e+00 1.490116130486983589e-06
5.369999999999999218e+00 1.365939786279755321e-06
5.429999999999999716e+00 7.450580652434917946e-07
5.490000000000000213e+00 4.967053768290019060e-07
5.549999999999999822e+00 7.450580652434917946e-07
5.609999999999999432e+00 2.483526884145009530e-07
5.669999999999999929e+00 1.241763442072486501e-07
5.730000000000000426e+00 0.000000000000000000e+00
5.789999999999999147e+00 3.725290326217514030e-07
5.849999999999999645e+00 3.725290326217458973e-07
5.910000000000000142e+00 1.241763442072504765e-07
5.969999999999999751e+00 1.241763442072486501e-07
