2.999999999999999889e-02 9.622785024017978250e-02
8.999999999999999667e-02 1.619496705279971638e-01
1.499999999999999944e-01 2.414874750486573074e-01
2.099999999999999922e-01 3.231018805734953148e-01
2.700000000000000178e-01 4.036507288886909683e-01
3.299999999999999600e-01 4.796632911736515292e-01
3.900000000000000133e-01 5.495180727257188424e-01
4.499999999999999556e-01 6.110517974524583007e-01
5.100000000000000089e-01 6.628196735890179436e-01
5.700000000000000622e-01 7.038322640247570705e-01
6.299999999999998934e-01 7.344630912030477576e-01
6.899999999999999467e-01 7.539706981726284063e-01
7.500000000000000000e-01 7.633682397258888530e-01
8.100000000000000533e-01 7.619682756212977637e-01
8.699999999999998845e-01 7.520464615427943089e-01
9.299999999999999378e-01 7.339201922261722189e-01
9.899999999999999911e-01 7.090369913158584003e-01
1.050000000000000044e+00 6.778397958316384475e-01
1.109999999999999876e+00 6.431762176988754520e-01
1.169999999999999929e+00 6.048151647409928389e-01
1.229999999999999982e+00 5.641333800862230463e-01
1.290000000000000036e+00 5.229167679169547389e-01
1.349999999999999867e+00 4.809949582889295749e-01
1.409999999999999920e+00 4.400208625198960832e-01
1.469999999999999973e+00 3.995057225190525863e-01
1.530000000000000027e+00 3.612884657677642442e-01
1.589999999999999858e+00 3.248763605322178560e-01
1.649999999999999911e+00 2.903295081630061780e-01
1.709999999999999964e+00 2.579217174991097483e-01
1.770000000000000018e+00 2.281984952206307093e-01
1.829999999999999849e+00 2.012137338609524817e-01
1.889999999999999902e+00 1.760633054579045786e-01
1.949999999999999956e+00 1.538474124211623717e-01
2.009999999999999787e+00 1.338444660145375886e-01
2.070000000000000284e+00 1.158377785173885371e-01
2.129999999999999893e+00 1.000328617793782293e-01
2.189999999999999947e+00 8.587042554619785106e-02
2.250000000000000000e+00 7.357994770194048462e-02
2.309999999999999609e+00 6.270098236228756339e-02
2.370000000000000107e+00 5.336925427145695205e-02
2.429999999999999716e+00 4.530164136465616304e-02
2.490000000000000213e+00 3.816150157273930782e-02
2.549999999999999822e+00 3.222512726156753771e-02
2.609999999999999876e+00 2.701506038766416859e-02
2.669999999999999929e+00 2.258382754462826686e-02
2.729999999999999538e+00 1.886698120981687710e-02
2.790000000000000036e+00 1.566037547335306923e-02
2.849999999999999645e+00 1.307278881276240264e-02
2.910000000000000142e+00 1.079191772236364442e-02
2.969999999999999751e+00 8.892516361369555422e-03
3.030000000000000249e+00 7.385139719037752716e-03
3.089999999999999858e+00 6.056204483331767766e-03
3.149999999999999911e+00 4.922226108031201204e-03
3.209999999999999964e+00 4.067892859885288877e-03
3.269999999999999574e+00 3.298620407521377258e-03
3.330000000000000071e+00 2.675751864977813418e-03
3.389999999999999680e+00 2.210214750544834458e-03
3.450000000000000178e+00 1.773859077000559817e-03
3.509999999999999787e+00 1.440569769148301957e-03
3.569999999999999840e+00 1.155088353815843889e-03
3.629999999999999893e+00 9.295841127354701654e-04
3.689999999999999503e+00 7.571031706316005017e-04
3.750000000000000000e+00 6.083399102713155223e-04
3.809999999999999609e+00 4.815558628357137863e-04
3.870000000000000107e+00 3.906587788760070923e-04
3.929999999999999716e+00 3.079573336339789299e-04
3.989999999999999769e+00 2.476076303492574402e-04
4.049999999999999822e+00 1.995513851410485437e-04
4.109999999999999432e+00 1.507500818676020852e-04
4.169999999999999929e+00 1.245488732398704020e-04
4.230000000000000426e+00 1.009553678404946344e-04
4.290000000000000036e+00 7.636845168745790143e-05
4.349999999999999645e+00 5.637606027009171649e-05
4.410000000000000142e+00 5.066394843655819166e-05
4.469999999999999751e+00 3.812213767162533266e-05
4.529999999999999361e+00 3.154079142864162267e-05
4.589999999999999858e+00 2.446273980882798232e-05
4.650000000000000355e+00 1.961986238474557439e-05
4.709999999999999964e+00 1.415610323962634389e-05
4.769999999999999574e+00 8.816520438714783170e-06
4.830000000000000071e+00 8.692344094507533514e-06
4.889999999999999680e+00 5.960464521947934357e-06
4.949999999999999289e+00 6.457169898777024460e-06
5.009999999999999787e+00 3.601113982010210376e-06
5.070000000000000284e+00 2.980232260974011224e-06
5.129999999999999893e+00 2.731879572559469984e-06
5.189999999999999503e+00 1.614292474694256115e-06
5.250000000000000000e+00 1.117587097865254103e-06
5.309999999999999609e+00 3.725290326217458973e-07
5.369999999999999218e+00 6.208817210362524090e-07
5.429999999999999716e+00 8.692344094507404977e-07
5.490000000000000213e+00 3.725290326217514030e-07
5.549999999999999822e+00 2.483526884144973002e-07
5.609999999999999432e+00 4.967053768290019060e-07
5.669999999999999929e+00 0.000000000000000000e+00
5.730000000000000426e+00 2.483526884145009530e-07
5.789999999999999147e+00 0.000000000000000000e+00
5.849999999999999645e+00 0.000000000000000000e+00
5.910000000000000142e+00 0.000000000000000000e+00
5.969999999999999751e+00 0.000000000000000000e+00
