2.999999999999999889e-02 9.623281657695770264e-02
8.999999999999999667e-02 1.619131614764531546e-01
1.499999999999999944e-01 2.413321286439895630e-01
2.099999999999999922e-01 3.234218806028366089e-01
2.700000000000000178e-01 4.036405434211095544e-01
3.299999999999999600e-01 4.796178390582402917e-01
3.900000000000000133e-01 5.491270373264949267e-01
4.499999999999999556e-01 6.107511619726817553e-01
5.100000000000000089e-01 6.631518403689060648e-01
5.700000000000000622e-01 7.043879479169852242e-01
6.299999999999998934e-01 7.341608405113226876e-01
6.899999999999999467e-01 7.544755935668938651e-01
7.500000000000000000e-01 7.631525397300713554e-01
8.100000000000000533e-01 7.621203859647122103e-01
8.699999999999998845e-01 7.522534579038627767e-01
9.299999999999999378e-01 7.338469227155043351e-01
9.899999999999999911e-01 7.082192848126087625e-01
1.050000000000000044e+00 6.779827177524561099e-01
1.109999999999999876e+00 6.427341451247551296e-01
1.169999999999999929e+00 6.046153604984277896e-01
1.229999999999999982e+00 5.644148836533223745e-01
1.290000000000000036e+00 5.230857680241282059e-01
1.349999999999999867e+00 4.813096175591146664e-01
1.409999999999999920e+00 4.400035987297690188e-01
1.469999999999999973e+00 4.003486285607016359e-01
1.530000000000000027e+00 3.611459086338675850e-01
1.589999999999999858e+00 3.244880586862572969e-01
1.649999999999999911e+00 2.900348355372744380e-01
1.709999999999999964e+00 2.579037100076673195e-01
1.770000000000000018e+00 2.285331487655646032e-01
1.829999999999999849e+00 2.008533726135887931e-01
1.889999999999999902e+00 1.761186867952345136e-01
1.949999999999999956e+00 1.538958400487898392e-01
2.009999999999999787e+00 1.335889101028441273e-01
2.070000000000000284e+00 1.158216347297031656e-01
2.129999999999999893e+00 1.000221818685530784e-01
2.189999999999999947e+00 8.583453794320480834e-02
2.250000000000000000e+00 7.354505360126488422e-02
2.309999999999999609e+00 6.282155712445570972e-02
2.370000000000000107e+00 5.346983671188349635e-02
2.429999999999999716e+00 4.523098468780513415e-02
2.490000000000000213e+00 3.815181553363796579e-02
2.549999999999999822e+00 3.231167793273923006e-02
2.609999999999999876e+00 2.699432273705817953e-02
2.669999999999999929e+00 2.262654403845467191e-02
2.729999999999999538e+00 1.887418329715727025e-02
2.790000000000000036e+00 1.574270427227018876e-02
2.849999999999999645e+00 1.303938527901966210e-02
2.910000000000000142e+00 1.072970529397327712e-02
2.969999999999999751e+00 8.909652630488070282e-03
3.030000000000000249e+00 7.374460498491916365e-03
3.089999999999999858e+00 6.021186709403986495e-03
3.149999999999999911e+00 4.943708578745556470e-03
3.209999999999999964e+00 4.065781831741329538e-03
3.269999999999999574e+00 3.339226047197974521e-03
3.330000000000000071e+00 2.723559737205502769e-03
3.389999999999999680e+00 2.181654175122576915e-03
3.450000000000000178e+00 1.796831687291461626e-03
3.509999999999999787e+00 1.436720291773476961e-03
3.569999999999999840e+00 1.166140039761868682e-03
3.629999999999999893e+00 9.350478649139395623e-04
3.689999999999999503e+00 7.448097070058180705e-04
3.750000000000000000e+00 5.938112735748285595e-04
3.809999999999999609e+00 4.783272743225093319e-04
3.870000000000000107e+00 3.833323717117306318e-04
3.929999999999999716e+00 3.037353356679277708e-04
3.989999999999999769e+00 2.459933360417700002e-04
4.049999999999999822e+00 2.014140288035058245e-04
4.109999999999999432e+00 1.549720764160166279e-04
4.169999999999999929e+00 1.259148120880116382e-04
4.230000000000000426e+00 9.623666604360007907e-05
4.290000000000000036e+00 7.885197798410985477e-05
4.349999999999999645e+00 6.121893723805785649e-05
4.410000000000000142e+00 4.755953947703074565e-05
4.469999999999999751e+00 3.849466641743946242e-05
4.529999999999999361e+00 2.955396970113137689e-05
4.589999999999999858e+00 2.570450305938699358e-05
4.650000000000000355e+00 2.197921276092543527e-05
4.709999999999999964e+00 1.266598701477040278e-05
4.769999999999999574e+00 1.266598701477059082e-05
4.830000000000000071e+00 7.947285970052134720e-06
4.889999999999999680e+00 6.705522537231389408e-06
4.949999999999999289e+00 6.208817164103230197e-06
5.009999999999999787e+00 3.849466641743946242e-06
5.070000000000000284e+00 2.607703208923356784e-06
5.129999999999999893e+00 1.241763432820627786e-06
5.189999999999999503e+00 2.359350522359227627e-06
5.250000000000000000e+00 1.490116119384775366e-06
5.309999999999999609e+00 1.490116119384753343e-06
5.369999999999999218e+00 6.208817164103231044e-07
5.429999999999999716e+00 3.725290298461883358e-07
5.490000000000000213e+00 8.692344029744522615e-07
5.549999999999999822e+00 3.725290298461883358e-07
5.609999999999999432e+00 1.241763432820646050e-07
5.669999999999999929e+00 3.725290298461883358e-07
5.730000000000000426e+00 0.000000000000000000e+00
5.789999999999999147e+00 0.000000000000000000e+00
5.849999999999999645e+00 0.000000000000000000e+00
5.910000000000000142e+00 1.241763432820646050e-07
5.969999999999999751e+00 0.000000000000000000e+00
