2.999999999999999889e-02 9.599216353887440878e-02
8.999999999999999667e-02 1.614599190264437711e-01
1.499999999999999944e-01 2.410893656891288928e-01
2.099999999999999922e-01 3.231335455412681634e-01
2.700000000000000178e-01 4.040449887815489305e-01
3.299999999999999600e-01 4.797212815263962593e-01
3.900000000000000133e-01 5.499392788852697223e-01
4.499999999999999556e-01 6.110350336459903220e-01
5.100000000000000089e-01 6.628640045438999318e-01
5.700000000000000622e-01 7.040167900722489325e-01
6.299999999999998934e-01 7.354156479394615697e-01
6.899999999999999467e-01 7.539786454586576703e-01
7.500000000000000000e-01 7.631325530245836042e-01
8.100000000000000533e-01 7.624916789121313210e-01
8.699999999999998845e-01 7.512706077441874131e-01
9.299999999999999378e-01 7.336517229699962561e-01
9.899999999999999911e-01 7.086801085026067648e-01
1.050000000000000044e+00 6.777043194401083381e-01
1.109999999999999876e+00 6.426385341284581720e-01
1.169999999999999929e+00 6.050564393777874139e-01
1.229999999999999982e+00 5.648080301643010337e-01
1.290000000000000036e+00 5.231056401364939656e-01
1.349999999999999867e+00 4.814821020872546709e-01
1.409999999999999920e+00 4.399392786617519202e-01
1.469999999999999973e+00 3.993405679812569442e-01
1.530000000000000027e+00 3.609864688986522130e-01
1.589999999999999858e+00 3.247909272074032128e-01
1.649999999999999911e+00 2.902315330274266580e-01
1.709999999999999964e+00 2.577643860709991630e-01
1.770000000000000018e+00 2.280847496893368964e-01
1.829999999999999849e+00 2.012316152545183257e-01
1.889999999999999902e+00 1.761923246795359110e-01
1.949999999999999956e+00 1.539278786922086695e-01
2.009999999999999787e+00 1.337667316230638503e-01
2.070000000000000284e+00 1.159802087841942525e-01
2.129999999999999893e+00 9.995798344382125777e-02
2.189999999999999947e+00 8.585291668166462886e-02
2.250000000000000000e+00 7.352779363737343976e-02
2.309999999999999609e+00 6.283546534306401476e-02
2.370000000000000107e+00 5.340538958762126170e-02
2.429999999999999716e+00 4.522465203124766131e-02
2.490000000000000213e+00 3.824556895776761584e-02
2.549999999999999822e+00 3.215186321848526041e-02
2.609999999999999876e+00 2.693720181984622306e-02
2.669999999999999929e+00 2.259301659409960680e-02
2.729999999999999538e+00 1.883494371301140669e-02
2.790000000000000036e+00 1.575239014441064123e-02
2.849999999999999645e+00 1.306906352243618515e-02
2.910000000000000142e+00 1.084879048801056303e-02
2.969999999999999751e+00 8.904313114069244139e-03
3.030000000000000249e+00 7.308895443694501427e-03
3.089999999999999858e+00 6.060923184411643252e-03
3.149999999999999911e+00 4.933277802665647291e-03
3.209999999999999964e+00 4.047900468467920815e-03
3.269999999999999574e+00 3.311410570974723539e-03
3.330000000000000071e+00 2.720827877925045043e-03
3.389999999999999680e+00 2.171844260184794748e-03
3.450000000000000178e+00 1.756101859778923116e-03
3.509999999999999787e+00 1.431504896021172949e-03
3.569999999999999840e+00 1.148010302196030659e-03
3.629999999999999893e+00 9.290874073586410584e-04
3.689999999999999503e+00 7.696449813965327170e-04
3.750000000000000000e+00 6.098300264018025182e-04
3.809999999999999609e+00 4.791965122957759886e-04
3.870000000000000107e+00 3.964950670537478261e-04
3.929999999999999716e+00 3.173947357937298495e-04
3.989999999999999769e+00 2.549340346574852242e-04
4.049999999999999822e+00 2.032766754672660063e-04
4.109999999999999432e+00 1.541028431611978259e-04
4.169999999999999929e+00 1.275291055008443667e-04
4.230000000000000426e+00 9.623666676061912032e-05
4.290000000000000036e+00 7.363657211489844966e-05
4.349999999999999645e+00 6.345411188990499431e-05
4.410000000000000142e+00 4.010895917894190314e-05
4.469999999999999751e+00 3.824631401583258232e-05
4.529999999999999361e+00 3.129243874022711658e-05
4.589999999999999858e+00 2.719461938138744765e-05
4.650000000000000355e+00 1.626710109114981335e-05
4.709999999999999964e+00 1.241763442072486395e-05
4.769999999999999574e+00 9.437402159751036532e-06
4.830000000000000071e+00 8.071462373471280152e-06
4.889999999999999680e+00 6.457169898776928746e-06
4.949999999999999289e+00 5.339582800911769934e-06
5.009999999999999787e+00 3.352761293595712758e-06
5.070000000000000284e+00 3.104408605181261727e-06
5.129999999999999893e+00 1.738468818901480995e-06
5.189999999999999503e+00 2.110997851523258127e-06
5.250000000000000000e+00 1.117587097865254103e-06
5.309999999999999609e+00 1.241763442072486395e-06
5.369999999999999218e+00 4.967053768290019060e-07
5.429999999999999716e+00 8.692344094507404977e-07
5.490000000000000213e+00 6.208817210362524090e-07
5.549999999999999822e+00 0.000000000000000000e+00
5.609999999999999432e+00 4.967053768290019060e-07
5.669999999999999929e+00 2.483526884144973002e-07
5.730000000000000426e+00 2.483526884145009530e-07
5.789999999999999147e+00 1.241763442072504765e-07
5.849999999999999645e+00 0.000000000000000000e+00
5.910000000000000142e+00 1.241763442072504765e-07
5.969999999999999751e+00 0.000000000000000000e+00
