2.999999999999999889e-02 9.643808150944235824e-02
8.999999999999999667e-02 1.618236327443068057e-01
1.499999999999999944e-01 2.416829304151177082e-01
2.099999999999999922e-01 3.233631500109506729e-01
2.700000000000000178e-01 4.040359269187240865e-01
3.299999999999999600e-01 4.799741081392880915e-01
3.900000000000000133e-01 5.494913789057440656e-01
4.499999999999999556e-01 6.111737431760689843e-01
5.100000000000000089e-01 6.626465767022947650e-01
5.700000000000000622e-01 7.040541723974677035e-01
6.299999999999998934e-01 7.345457981210824494e-01
6.899999999999999467e-01 7.539647433255816100e-01
7.500000000000000000e-01 7.628712916802056210e-01
8.100000000000000533e-01 7.622923815591996499e-01
8.699999999999998845e-01 7.515767080323411120e-01
9.299999999999999378e-01 7.335472961298711292e-01
9.899999999999999911e-01 7.089772677765869835e-01
1.050000000000000044e+00 6.778337162410270622e-01
1.109999999999999876e+00 6.424110478522057077e-01
1.169999999999999929e+00 6.045198778984920418e-01
1.229999999999999982e+00 5.642602925140697279e-01
1.290000000000000036e+00 5.228497165866168306e-01
1.349999999999999867e+00 4.811195107467892140e-01
1.409999999999999920e+00 4.401015804226431349e-01
1.469999999999999973e+00 4.001308292169989400e-01
1.530000000000000027e+00 3.614071810455196654e-01
1.589999999999999858e+00 3.243054001178164447e-01
1.649999999999999911e+00 2.900024298330507455e-01
1.709999999999999964e+00 2.578735389988649485e-01
1.770000000000000018e+00 2.283134842164346590e-01
1.829999999999999849e+00 2.007664521649445977e-01
1.889999999999999902e+00 1.762229975495187284e-01
1.949999999999999956e+00 1.537915342121053408e-01
2.009999999999999787e+00 1.340784152459860989e-01
2.070000000000000284e+00 1.159821964698362767e-01
2.129999999999999893e+00 9.997338205536271394e-02
2.189999999999999947e+00 8.584608762233643386e-02
2.250000000000000000e+00 7.346781701049923119e-02
2.309999999999999609e+00 6.276083582780010717e-02
2.370000000000000107e+00 5.344264288906216270e-02
2.429999999999999716e+00 4.532833961638316894e-02
2.490000000000000213e+00 3.828642326026789056e-02
2.549999999999999822e+00 3.215894150970786264e-02
2.609999999999999876e+00 2.699904184041997460e-02
2.669999999999999929e+00 2.262381249602354524e-02
2.729999999999999538e+00 1.890622107544868979e-02
2.790000000000000036e+00 1.576592548339452934e-02
2.849999999999999645e+00 1.303665359372873332e-02
2.910000000000000142e+00 1.087412254324736892e-02
2.969999999999999751e+00 8.981302514393656178e-03
3.030000000000000249e+00 7.407739868875435132e-03
3.089999999999999858e+00 6.012370278622258465e-03
3.149999999999999911e+00 4.986922020518643611e-03
3.209999999999999964e+00 4.056468666441268196e-03
3.269999999999999574e+00 3.305698483770563682e-03
3.330000000000000071e+00 2.711142143276462895e-03
3.389999999999999680e+00 2.199163072295431433e-03
3.450000000000000178e+00 1.798446006553062332e-03
3.509999999999999787e+00 1.455595117642408034e-03
3.569999999999999840e+00 1.174584048607715293e-03
3.629999999999999893e+00 9.634842618825665422e-04
3.689999999999999503e+00 7.464240105910693434e-04
3.750000000000000000e+00 6.064772696268145961e-04
3.809999999999999609e+00 4.849086277421603766e-04
3.870000000000000107e+00 3.824631430079010810e-04
3.929999999999999716e+00 3.039836928842019111e-04
3.989999999999999769e+00 2.473592795038132160e-04
4.049999999999999822e+00 1.891205736366977455e-04
4.109999999999999432e+00 1.563380185217373730e-04
4.169999999999999929e+00 1.241763451324345250e-04
4.230000000000000426e+00 1.028180137696572933e-04
4.290000000000000036e+00 7.934868453962564024e-05
4.349999999999999645e+00 6.022552738923162431e-05
4.410000000000000142e+00 5.091230150429890009e-05
4.469999999999999751e+00 4.072984120343851969e-05
4.529999999999999361e+00 2.769132496453330616e-05
4.589999999999999858e+00 2.669791420347341664e-05
4.650000000000000355e+00 1.912315715039519839e-05
4.709999999999999964e+00 1.688798293801109155e-05
4.769999999999999574e+00 1.266598720350850840e-05
4.830000000000000071e+00 9.561578575197599193e-06
4.889999999999999680e+00 6.705522637151463319e-06
4.949999999999999289e+00 5.215406495562326140e-06
5.009999999999999787e+00 2.235174212383820965e-06
5.070000000000000284e+00 2.856055938046035925e-06
5.129999999999999893e+00 1.986821522118952345e-06
5.189999999999999503e+00 1.365939796456799854e-06
5.250000000000000000e+00 1.365939796456799854e-06
5.309999999999999609e+00 1.365939796456779526e-06
5.369999999999999218e+00 4.967053805297453920e-07
5.429999999999999716e+00 7.450580707946071295e-07
5.490000000000000213e+00 2.483526902648726960e-07
5.549999999999999822e+00 3.725290353973035648e-07
5.609999999999999432e+00 2.483526902648726960e-07
5.669999999999999929e+00 3.725290353973035648e-07
5.730000000000000426e+00 2.483526902648726960e-07
5.789999999999999147e+00 1.241763451324363480e-07
5.849999999999999645e+00 1.241763451324345216e-07
5.910000000000000142e+00 0.000000000000000000e+00
5.969999999999999751e+00 1.241763451324345216e-07
