2.999999999999999889e-02 9.613844398863778673e-02
8.999999999999999667e-02 1.616912607603956664e-01
1.499999999999999944e-01 2.413814302491361641e-01
2.099999999999999922e-01 3.232958464318888558e-01
2.700000000000000178e-01 4.033325920998939718e-01
3.299999999999999600e-01 4.800422809527657986e-01
3.900000000000000133e-01 5.500404867039196954e-01
4.499999999999999556e-01 6.109903347143085250e-01
5.100000000000000089e-01 6.627466628364715451e-01
5.700000000000000622e-01 7.045846537438734680e-01
6.299999999999998934e-01 7.346330940917106256e-01
6.899999999999999467e-01 7.540063424012010129e-01
7.500000000000000000e-01 7.627025360271706411e-01
8.100000000000000533e-01 7.622126603456246263e-01
8.699999999999998845e-01 7.518839203101989055e-01
9.299999999999999378e-01 7.335834314463046679e-01
9.899999999999999911e-01 7.084912415617387049e-01
1.050000000000000044e+00 6.775632601613286177e-01
1.109999999999999876e+00 6.431349959443278808e-01
1.169999999999999929e+00 6.043199539828287836e-01
1.229999999999999982e+00 5.646744206250864373e-01
1.290000000000000036e+00 5.229801017490058879e-01
1.349999999999999867e+00 4.816051644326021508e-01
1.409999999999999920e+00 4.401906148621030912e-01
1.469999999999999973e+00 3.998847117009464158e-01
1.530000000000000027e+00 3.612476144420245228e-01
1.589999999999999858e+00 3.244444776243647355e-01
1.649999999999999911e+00 2.900994115585991961e-01
1.709999999999999964e+00 2.579587239716258362e-01
1.770000000000000018e+00 2.282372399405233343e-01
1.829999999999999849e+00 2.010618676900146617e-01
1.889999999999999902e+00 1.764571941364385388e-01
1.949999999999999956e+00 1.537580065989195832e-01
2.009999999999999787e+00 1.337343225936241109e-01
2.070000000000000284e+00 1.157755670315359087e-01
2.129999999999999893e+00 9.991973787426550180e-02
2.189999999999999947e+00 8.584534256426563925e-02
2.250000000000000000e+00 7.353636235301233559e-02
2.309999999999999609e+00 6.262970560734025527e-02
2.370000000000000107e+00 5.336403926259333103e-02
2.429999999999999716e+00 4.537652003829455855e-02
2.490000000000000213e+00 3.823339996089633597e-02
2.549999999999999822e+00 3.217694707975207041e-02
2.609999999999999876e+00 2.697035710469438199e-02
2.669999999999999929e+00 2.265113129195267874e-02
2.729999999999999538e+00 1.893130469716544292e-02
2.790000000000000036e+00 1.569278561611152714e-02
2.849999999999999645e+00 1.302075902155178100e-02
2.910000000000000142e+00 1.083662128701737455e-02
2.969999999999999751e+00 8.962303533588393545e-03
3.030000000000000249e+00 7.344658285548158472e-03
3.089999999999999858e+00 6.056080352108875187e-03
3.149999999999999911e+00 4.979719792500962930e-03
3.209999999999999964e+00 4.045416971724480858e-03
3.269999999999999574e+00 3.315880944071423250e-03
3.330000000000000071e+00 2.695868452825173327e-03
3.389999999999999680e+00 2.181405854941493010e-03
3.450000000000000178e+00 1.784165726862832176e-03
3.509999999999999787e+00 1.428524674403537165e-03
3.569999999999999840e+00 1.157696065669703992e-03
3.629999999999999893e+00 9.405116380330659368e-04
3.689999999999999503e+00 7.552405310954721923e-04
3.750000000000000000e+00 6.047388007949605713e-04
3.809999999999999609e+00 4.749745201315654997e-04
3.870000000000000107e+00 3.808488505211794556e-04
3.929999999999999716e+00 3.083298649638371901e-04
3.989999999999999769e+00 2.479801612294753755e-04
4.049999999999999822e+00 1.953293908933194758e-04
4.109999999999999432e+00 1.605600142562401984e-04
4.169999999999999929e+00 1.214444655395209528e-04
4.230000000000000426e+00 9.561578575197598854e-05
4.290000000000000036e+00 7.972121357502294677e-05
4.349999999999999645e+00 5.948046931843701125e-05
4.410000000000000142e+00 4.991889074323941375e-05
4.469999999999999751e+00 3.700455084946548150e-05
4.529999999999999361e+00 2.955397014151984897e-05
4.589999999999999858e+00 2.322097653976525511e-05
4.650000000000000355e+00 1.788139369907083199e-05
4.709999999999999964e+00 1.539786679642187898e-05
4.769999999999999574e+00 1.080334202652196220e-05
4.830000000000000071e+00 8.071462433608361217e-06
4.889999999999999680e+00 5.587935530959552201e-06
4.949999999999999289e+00 5.463759185827199418e-06
5.009999999999999787e+00 3.725290353973035224e-06
5.070000000000000284e+00 2.980232283178472564e-06
5.129999999999999893e+00 1.986821522118952345e-06
5.189999999999999503e+00 3.104408628310908356e-06
5.250000000000000000e+00 1.490116141589236282e-06
5.309999999999999609e+00 1.614292486721648569e-06
5.369999999999999218e+00 7.450580707946181409e-07
5.429999999999999716e+00 3.725290353973035648e-07
5.490000000000000213e+00 3.725290353973090705e-07
5.549999999999999822e+00 1.241763451324345216e-07
5.609999999999999432e+00 2.483526902648726960e-07
5.669999999999999929e+00 1.241763451324345216e-07
5.730000000000000426e+00 2.483526902648726960e-07
5.789999999999999147e+00 1.241763451324363480e-07
5.849999999999999645e+00 0.000000000000000000e+00
5.910000000000000142e+00 1.241763451324363480e-07
5.969999999999999751e+00 0.000000000000000000e+00
