2.999999999999999889e-02 9.603686916938034002e-02
8.999999999999999667e-02 1.615886935071754738e-01
1.499999999999999944e-01 2.412873081749868920e-01
2.099999999999999922e-01 3.233133601142971214e-01
2.700000000000000178e-01 4.035967212000505788e-01
3.299999999999999600e-01 4.795274529713626777e-01
3.900000000000000133e-01 5.492853785341594852e-01
4.499999999999999556e-01 6.118054373603694085e-01
5.100000000000000089e-01 6.630239584949793041e-01
5.700000000000000622e-01 7.037278474488219970e-01
6.299999999999998934e-01 7.350880871739420286e-01
6.899999999999999467e-01 7.542635228513727697e-01
7.500000000000000000e-01 7.634543109969582630e-01
8.100000000000000533e-01 7.614766784949114076e-01
8.699999999999998845e-01 7.517816102042287341e-01
9.299999999999999378e-01 7.333655128885951946e-01
9.899999999999999911e-01 7.088328612496308523e-01
1.050000000000000044e+00 6.775738252473018086e-01
1.109999999999999876e+00 6.430515590226139055e-01
1.169999999999999929e+00 6.050986728598273245e-01
1.229999999999999982e+00 5.643983850200484653e-01
1.290000000000000036e+00 5.230137613320493539e-01
1.349999999999999867e+00 4.811818544422141741e-01
1.409999999999999920e+00 4.402379326096550471e-01
1.469999999999999973e+00 4.000919679828074393e-01
1.530000000000000027e+00 3.612235296137189522e-01
1.589999999999999858e+00 3.248447028252899882e-01
1.649999999999999911e+00 2.901267346777536282e-01
1.709999999999999964e+00 2.580069082381397649e-01
1.770000000000000018e+00 2.282626994926548192e-01
1.829999999999999849e+00 2.010375321220614353e-01
1.889999999999999902e+00 1.760337554226443224e-01
1.949999999999999956e+00 1.539826439017843995e-01
2.009999999999999787e+00 1.337451279286083761e-01
2.070000000000000284e+00 1.157661313543556503e-01
2.129999999999999893e+00 1.000023166339292224e-01
2.189999999999999947e+00 8.580262718009887268e-02
2.250000000000000000e+00 7.346744557621409655e-02
2.309999999999999609e+00 6.278815555934569304e-02
2.370000000000000107e+00 5.339893361128167371e-02
2.429999999999999716e+00 4.520242547598751770e-02
2.490000000000000213e+00 3.816088154398045162e-02
2.549999999999999822e+00 3.207077678255565445e-02
2.609999999999999876e+00 2.704461496207975074e-02
2.669999999999999929e+00 2.260928420054764132e-02
2.729999999999999538e+00 1.895837542290612632e-02
2.790000000000000036e+00 1.568210668411174069e-02
2.849999999999999645e+00 1.305279671309778067e-02
2.910000000000000142e+00 1.086207759962709574e-02
2.969999999999999751e+00 8.846447135402168982e-03
3.030000000000000249e+00 7.384767355067545225e-03
3.089999999999999858e+00 6.040185869937708674e-03
3.149999999999999911e+00 4.963080236208875298e-03
3.209999999999999964e+00 4.048521440680463712e-03
3.269999999999999574e+00 3.338356912285789235e-03
3.330000000000000071e+00 2.670536518212252020e-03
3.389999999999999680e+00 2.171471779688349812e-03
3.450000000000000178e+00 1.753990901132151947e-03
3.509999999999999787e+00 1.430263164547973531e-03
3.569999999999999840e+00 1.168002719720293145e-03
3.629999999999999893e+00 9.469688220908878407e-04
3.689999999999999503e+00 7.256865717675253791e-04
3.750000000000000000e+00 5.951772310885949935e-04
3.809999999999999609e+00 4.886339253773464009e-04
3.870000000000000107e+00 3.897895531790318557e-04
3.929999999999999716e+00 3.072122824354650561e-04
3.989999999999999769e+00 2.453724616380288507e-04
4.049999999999999822e+00 1.930942195582638138e-04
4.109999999999999432e+00 1.512467906250603022e-04
4.169999999999999929e+00 1.257906394935827898e-04
4.230000000000000426e+00 9.847184315736685531e-05
4.290000000000000036e+00 7.810692225218515705e-05
4.349999999999999645e+00 5.799035404097139748e-05
4.410000000000000142e+00 4.656613011855305215e-05
4.469999999999999751e+00 3.476937715518576340e-05
4.529999999999999361e+00 2.644956190733813384e-05
4.589999999999999858e+00 2.260009515087074418e-05
4.650000000000000355e+00 1.912315743535245380e-05
4.709999999999999964e+00 1.254181104526343579e-05
4.769999999999999574e+00 1.167257661638396484e-05
4.830000000000000071e+00 9.437402370693417987e-06
4.889999999999999680e+00 5.463759267243476912e-06
4.949999999999999289e+00 5.215406573277941252e-06
5.009999999999999787e+00 3.725290409484188996e-06
5.070000000000000284e+00 2.235174245690546432e-06
5.129999999999999893e+00 3.228585021552963515e-06
5.189999999999999503e+00 2.607703286638970626e-06
5.250000000000000000e+00 2.110997898707738368e-06
5.309999999999999609e+00 6.208817349140315347e-07
5.369999999999999218e+00 8.692344288796569811e-07
5.429999999999999716e+00 7.450580818968377993e-07
5.490000000000000213e+00 2.483526939656162879e-07
5.549999999999999822e+00 3.725290409484188996e-07
5.609999999999999432e+00 0.000000000000000000e+00
5.669999999999999929e+00 0.000000000000000000e+00
5.730000000000000426e+00 1.241763469828081439e-07
5.789999999999999147e+00 1.241763469828081439e-07
5.849999999999999645e+00 0.000000000000000000e+00
5.910000000000000142e+00 3.725290409484244054e-07
5.969999999999999751e+00 1.241763469828062911e-07
