2.999999999999999889e-02 9.620090397348680933e-02
8.999999999999999667e-02 1.617121211815286952e-01
1.499999999999999944e-01 2.413374700248549776e-01
2.099999999999999922e-01 3.232475394252504186e-01
2.700000000000000178e-01 4.034258455293315837e-01
3.299999999999999600e-01 4.796387042574984938e-01
3.900000000000000133e-01 5.493746490481594691e-01
4.499999999999999556e-01 6.110787437191511628e-01
5.100000000000000089e-01 6.622806240788142729e-01
5.700000000000000622e-01 7.041751149111131758e-01
6.299999999999998934e-01 7.348013475646683057e-01
6.899999999999999467e-01 7.542661136954974532e-01
7.500000000000000000e-01 7.633532143882397758e-01
8.100000000000000533e-01 7.617658681802399467e-01
8.699999999999998845e-01 7.527612205800512379e-01
9.299999999999999378e-01 7.341795966092212744e-01
9.899999999999999911e-01 7.081709854913569302e-01
1.050000000000000044e+00 6.781164607265321997e-01
1.109999999999999876e+00 6.432427762193706489e-01
1.169999999999999929e+00 6.042434568522625504e-01
1.229999999999999982e+00 5.646298371103637415e-01
1.290000000000000036e+00 5.228877106524102425e-01
1.349999999999999867e+00 4.813104903795601963e-01
1.409999999999999920e+00 4.400105558833268815e-01
1.469999999999999973e+00 4.001189053067479851e-01
1.530000000000000027e+00 3.613377637764145223e-01
1.589999999999999858e+00 3.245164974867052465e-01
1.649999999999999911e+00 2.902905167909251016e-01
1.709999999999999964e+00 2.578962613485472621e-01
1.770000000000000018e+00 2.281750258915755392e-01
1.829999999999999849e+00 2.010809893489949318e-01
1.889999999999999902e+00 1.759084575566781383e-01
1.949999999999999956e+00 1.540407549890930594e-01
2.009999999999999787e+00 1.338580012360561788e-01
2.070000000000000284e+00 1.156544942333386367e-01
2.129999999999999893e+00 9.995487903521607653e-02
2.189999999999999947e+00 8.602788115065264363e-02
2.250000000000000000e+00 7.350978806746338856e-02
2.309999999999999609e+00 6.265975581601074262e-02
2.370000000000000107e+00 5.335696081338043434e-02
2.429999999999999716e+00 4.512593183760289783e-02
2.490000000000000213e+00 3.804154722423510465e-02
2.549999999999999822e+00 3.222053273683187641e-02
2.609999999999999876e+00 2.693484246930628531e-02
2.669999999999999929e+00 2.264517065866665166e-02
2.729999999999999538e+00 1.888213072381015808e-02
2.790000000000000036e+00 1.572370540889876656e-02
2.849999999999999645e+00 1.317858705802697934e-02
2.910000000000000142e+00 1.077192533094627723e-02
2.969999999999999751e+00 8.917475806555212603e-03
3.030000000000000249e+00 7.371480321174955254e-03
3.089999999999999858e+00 6.037578031700680317e-03
3.149999999999999911e+00 4.970903234960443937e-03
3.209999999999999964e+00 4.074474206128272241e-03
3.269999999999999574e+00 3.285457715035408795e-03
3.330000000000000071e+00 2.682084858532383150e-03
3.389999999999999680e+00 2.184013541917105214e-03
3.450000000000000178e+00 1.761068913547213103e-03
3.509999999999999787e+00 1.440818121836716674e-03
3.569999999999999840e+00 1.163780697910351365e-03
3.629999999999999893e+00 9.258588224092526757e-04
3.689999999999999503e+00 7.604559319251962424e-04
3.750000000000000000e+00 5.929420435896165650e-04
3.809999999999999609e+00 4.963328477963765495e-04
3.870000000000000107e+00 3.912796605970433406e-04
3.929999999999999716e+00 3.111859185833673667e-04
3.989999999999999769e+00 2.504636862660241823e-04
4.049999999999999822e+00 1.953293894380021096e-04
4.109999999999999432e+00 1.462797334761410434e-04
4.169999999999999929e+00 1.247972259282848742e-04
4.230000000000000426e+00 9.151796568074360629e-05
4.290000000000000036e+00 8.021791835788261366e-05
4.349999999999999645e+00 6.258487748045423317e-05
4.410000000000000142e+00 5.078812478076544132e-05
4.469999999999999751e+00 3.861884304845432451e-05
4.529999999999999361e+00 3.141661508443437302e-05
4.589999999999999858e+00 2.247591830151200138e-05
4.650000000000000355e+00 1.887480431950207306e-05
4.709999999999999964e+00 1.415610323962634389e-05
4.769999999999999574e+00 1.142422366706704289e-05
4.830000000000000071e+00 8.692344094507533514e-06
4.889999999999999680e+00 6.581346242984177555e-06
4.949999999999999289e+00 4.346172047253766757e-06
5.009999999999999787e+00 4.967053768289945580e-06
5.070000000000000284e+00 2.980232260974011224e-06
5.129999999999999893e+00 2.856055916766718370e-06
5.189999999999999503e+00 1.241763442072504818e-06
5.250000000000000000e+00 1.365939786279755321e-06
5.309999999999999609e+00 1.117587097865237586e-06
5.369999999999999218e+00 1.241763442072504818e-06
5.429999999999999716e+00 2.483526884144973002e-07
5.490000000000000213e+00 3.725290326217514030e-07
5.549999999999999822e+00 9.934107536579892007e-07
5.609999999999999432e+00 2.483526884145009530e-07
5.669999999999999929e+00 2.483526884144973002e-07
5.730000000000000426e+00 0.000000000000000000e+00
5.789999999999999147e+00 1.241763442072504765e-07
5.849999999999999645e+00 0.000000000000000000e+00
5.910000000000000142e+00 0.000000000000000000e+00
5.969999999999999751e+00 2.483526884144973002e-07
