2.999999999999999889e-02 9.624734592622030682e-02
8.999999999999999667e-02 1.618566624461859338e-01
1.499999999999999944e-01 2.413220721581732509e-01
2.099999999999999922e-01 3.230157021906155390e-01
2.700000000000000178e-01 4.037868261619420585e-01
3.299999999999999600e-01 4.797674751264413562e-01
3.900000000000000133e-01 5.492520869964269137e-01
4.499999999999999556e-01 6.110275830653378870e-01
5.100000000000000089e-01 6.627529908921786506e-01
5.700000000000000622e-01 7.044985942877730611e-01
6.299999999999998934e-01 7.349751944465583442e-01
6.899999999999999467e-01 7.536577737852261372e-01
7.500000000000000000e-01 7.638172613865423788e-01
8.100000000000000533e-01 7.625668056003767070e-01
8.699999999999998845e-01 7.517305569231310658e-01
9.299999999999999378e-01 7.339095130605705064e-01
9.899999999999999911e-01 7.084193381797715405e-01
1.050000000000000044e+00 6.779696842876792306e-01
1.109999999999999876e+00 6.426888255478621081e-01
1.169999999999999929e+00 6.044341917169648859e-01
1.229999999999999982e+00 5.639015428515882222e-01
1.290000000000000036e+00 5.226540107726123097e-01
1.349999999999999867e+00 4.810360606588622301e-01
1.409999999999999920e+00 4.401419344554981516e-01
1.469999999999999973e+00 4.001488318057019322e-01
1.530000000000000027e+00 3.610519098320494336e-01
1.589999999999999858e+00 3.251285626873027801e-01
1.649999999999999911e+00 2.902114164596650836e-01
1.709999999999999964e+00 2.579795836755103822e-01
1.770000000000000018e+00 2.279962119559170997e-01
1.829999999999999849e+00 2.012083942781515700e-01
1.889999999999999902e+00 1.765420052648235261e-01
1.949999999999999956e+00 1.536990216898347084e-01
2.009999999999999787e+00 1.337278644273269812e-01
2.070000000000000284e+00 1.155299453600987653e-01
2.129999999999999893e+00 1.000262804331352451e-01
2.189999999999999947e+00 8.596504792048377530e-02
2.250000000000000000e+00 7.356430148257037116e-02
2.309999999999999609e+00 6.264920082675314028e-02
2.370000000000000107e+00 5.338179608222189121e-02
2.429999999999999716e+00 4.527295662914428837e-02
2.490000000000000213e+00 3.825103271691274176e-02
2.549999999999999822e+00 3.219246888304103105e-02
2.609999999999999876e+00 2.695533156610048151e-02
2.669999999999999929e+00 2.260518587583191727e-02
2.729999999999999538e+00 1.896048599700493609e-02
2.790000000000000036e+00 1.565640183033843724e-02
2.849999999999999645e+00 1.307527233964654936e-02
2.910000000000000142e+00 1.087946204502975543e-02
2.969999999999999751e+00 8.921573625914051842e-03
3.030000000000000249e+00 7.354716514706976550e-03
3.089999999999999858e+00 6.032114272555561332e-03
3.149999999999999911e+00 4.948675669347345381e-03
3.209999999999999964e+00 4.076585203979795485e-03
3.269999999999999574e+00 3.320102915069231449e-03
3.330000000000000071e+00 2.699717899409812168e-03
3.389999999999999680e+00 2.177804724706742731e-03
3.450000000000000178e+00 1.795341584548414008e-03
3.509999999999999787e+00 1.444046706786104948e-03
3.569999999999999840e+00 1.147016891442372444e-03
3.629999999999999893e+00 9.305775234891280542e-04
3.689999999999999503e+00 7.541229383706265100e-04
3.750000000000000000e+00 6.064772651082067775e-04
3.809999999999999609e+00 4.728635187412063103e-04
3.870000000000000107e+00 3.837049036004011116e-04
3.929999999999999716e+00 3.154079142864138550e-04
3.989999999999999769e+00 2.555549163785214724e-04
4.049999999999999822e+00 1.973162109453180770e-04
4.109999999999999432e+00 1.547237248822341013e-04
4.169999999999999929e+00 1.230587571093834061e-04
4.230000000000000426e+00 1.048048345109194008e-04
4.290000000000000036e+00 7.860362588318838169e-05
4.349999999999999645e+00 6.258487748045423317e-05
4.410000000000000142e+00 5.277494628808144936e-05
4.469999999999999751e+00 3.278255487071363812e-05
4.529999999999999361e+00 3.489355272223738371e-05
4.589999999999999858e+00 2.098580217102501906e-05
4.650000000000000355e+00 1.899898066370932272e-05
4.709999999999999964e+00 1.365939786279734865e-05
4.769999999999999574e+00 1.105169463444529222e-05
4.830000000000000071e+00 9.561578503958286188e-06
4.889999999999999680e+00 6.829698931398674325e-06
4.949999999999999289e+00 4.967053768290019272e-06
5.009999999999999787e+00 2.483526884144972790e-06
5.070000000000000284e+00 2.607703228352259715e-06
5.129999999999999893e+00 2.359350539937723981e-06
5.189999999999999503e+00 1.117587097865254103e-06
5.250000000000000000e+00 3.725290326217514030e-07
5.309999999999999609e+00 7.450580652434917946e-07
5.369999999999999218e+00 7.450580652435028061e-07
5.429999999999999716e+00 7.450580652434917946e-07
5.490000000000000213e+00 7.450580652435028061e-07
5.549999999999999822e+00 3.725290326217458973e-07
5.609999999999999432e+00 3.725290326217514030e-07
5.669999999999999929e+00 3.725290326217458973e-07
5.730000000000000426e+00 2.483526884145009530e-07
5.789999999999999147e+00 1.241763442072504765e-07
5.849999999999999645e+00 2.483526884144973002e-07
5.910000000000000142e+00 0.000000000000000000e+00
5.969999999999999751e+00 0.000000000000000000e+00
