2.999999999999999889e-02 9.649011139805284409e-02
8.999999999999999667e-02 1.619555080228374522e-01
1.499999999999999944e-01 2.416163718941267136e-01
2.099999999999999922e-01 3.230704663654734854e-01
2.700000000000000178e-01 4.039121231026270853e-01
3.299999999999999600e-01 4.799267969517926335e-01
3.900000000000000133e-01 5.497269414324602588e-01
4.499999999999999556e-01 6.112963052287146981e-01
5.100000000000000089e-01 6.628784139386570962e-01
5.700000000000000622e-01 7.037474568249906248e-01
6.299999999999998934e-01 7.340803851795260071e-01
6.899999999999999467e-01 7.541870189833687066e-01
7.500000000000000000e-01 7.627899561741438017e-01
8.100000000000000533e-01 7.619356229196340147e-01
8.699999999999998845e-01 7.516847414526063309e-01
9.299999999999999378e-01 7.332075496495887856e-01
9.899999999999999911e-01 7.085119790113757476e-01
1.050000000000000044e+00 6.779169143922657570e-01
1.109999999999999876e+00 6.431219574280889750e-01
1.169999999999999929e+00 6.046680202782350744e-01
1.229999999999999982e+00 5.645873730071485630e-01
1.290000000000000036e+00 5.230854032896782302e-01
1.349999999999999867e+00 4.810966622992848274e-01
1.409999999999999920e+00 4.402582909702002500e-01
1.469999999999999973e+00 3.998757710040968805e-01
1.530000000000000027e+00 3.613963777034931435e-01
1.589999999999999858e+00 3.246845104995058073e-01
1.649999999999999911e+00 2.904115908902621390e-01
1.709999999999999964e+00 2.578405080910596836e-01
1.770000000000000018e+00 2.280883525027095626e-01
1.829999999999999849e+00 2.010485808210855097e-01
1.889999999999999902e+00 1.760624375352624893e-01
1.949999999999999956e+00 1.539009335721670257e-01
2.009999999999999787e+00 1.338848243239246227e-01
2.070000000000000284e+00 1.159337676952346269e-01
2.129999999999999893e+00 9.986125081570812467e-02
2.189999999999999947e+00 8.581082154031881293e-02
2.250000000000000000e+00 7.345825543192402440e-02
2.309999999999999609e+00 6.265503758174727211e-02
2.370000000000000107e+00 5.334926227752256889e-02
2.429999999999999716e+00 4.518864122810917899e-02
2.490000000000000213e+00 3.822508014577246510e-02
2.549999999999999822e+00 3.232322681431807482e-02
2.609999999999999876e+00 2.705504537207470070e-02
2.669999999999999929e+00 2.262815866810317586e-02
2.729999999999999538e+00 1.891416836153716682e-02
2.790000000000000036e+00 1.567502839875758655e-02
2.849999999999999645e+00 1.310296376202945388e-02
2.910000000000000142e+00 1.078074193170777857e-02
2.969999999999999751e+00 8.998563026367065870e-03
3.030000000000000249e+00 7.370735318025969929e-03
3.089999999999999858e+00 6.054838588657551410e-03
3.149999999999999911e+00 4.957492226722256395e-03
3.209999999999999964e+00 4.058828016998783893e-03
3.269999999999999574e+00 3.339846978681983158e-03
3.330000000000000071e+00 2.729644418701195497e-03
3.389999999999999680e+00 2.183020147428214961e-03
3.450000000000000178e+00 1.783793197827434869e-03
3.509999999999999787e+00 1.442059896022972491e-03
3.569999999999999840e+00 1.185387390634237400e-03
3.629999999999999893e+00 9.426226359003173766e-04
3.689999999999999503e+00 7.552405310954721923e-04
3.750000000000000000e+00 5.964189856710873198e-04
3.809999999999999609e+00 4.947185590076227458e-04
3.870000000000000107e+00 3.928939559990256639e-04
3.929999999999999716e+00 3.019968713620829791e-04
3.989999999999999769e+00 2.431372837693103635e-04
4.049999999999999822e+00 1.921008059198761977e-04
4.109999999999999432e+00 1.522401991323669740e-04
4.169999999999999929e+00 1.295159279731291887e-04
4.230000000000000426e+00 9.201467174313533617e-05
4.290000000000000036e+00 7.612009956618236216e-05
4.349999999999999645e+00 6.134311449542355745e-05
4.410000000000000142e+00 4.669030576979606791e-05
4.469999999999999751e+00 3.576278739814113544e-05
4.529999999999999361e+00 2.818803034506305272e-05
4.589999999999999858e+00 2.843638303532750248e-05
4.650000000000000355e+00 1.961986253092494155e-05
4.709999999999999964e+00 1.477698507075970595e-05
4.769999999999999574e+00 1.154840009731658034e-05
4.830000000000000071e+00 8.816520504402979358e-06
4.889999999999999680e+00 7.078051672548767307e-06
4.949999999999999289e+00 5.463759185827199418e-06
5.009999999999999787e+00 4.594524769900076875e-06
5.070000000000000284e+00 3.228584973443344995e-06
5.129999999999999893e+00 2.607703247781124530e-06
5.189999999999999503e+00 2.359350557516290639e-06
5.250000000000000000e+00 1.490116141589236282e-06
5.309999999999999609e+00 8.692344159270415452e-07
5.369999999999999218e+00 8.692344159270543566e-07
5.429999999999999716e+00 4.967053805297380863e-07
5.490000000000000213e+00 4.967053805297453920e-07
5.549999999999999822e+00 1.241763451324345216e-07
5.609999999999999432e+00 3.725290353973090705e-07
5.669999999999999929e+00 1.241763451324345216e-07
5.730000000000000426e+00 0.000000000000000000e+00
5.789999999999999147e+00 0.000000000000000000e+00
5.849999999999999645e+00 1.241763451324345216e-07
5.910000000000000142e+00 1.241763451324363480e-07
5.969999999999999751e+00 1.241763451324345216e-07
