2.999999999999999889e-02 9.581012101826659466e-02
8.999999999999999667e-02 1.615606260415958229e-01
1.499999999999999944e-01 2.412466971172394781e-01
2.099999999999999922e-01 3.231475774681636381e-01
2.700000000000000178e-01 4.036496113015931031e-01
3.299999999999999600e-01 4.797184254704795481e-01
3.900000000000000133e-01 5.498727203647747475e-01
4.499999999999999556e-01 6.113490756204904564e-01
5.100000000000000089e-01 6.629368960579495873e-01
5.700000000000000622e-01 7.040767672465010341e-01
6.299999999999998934e-01 7.347083394828570757e-01
6.899999999999999467e-01 7.537610885036065689e-01
7.500000000000000000e-01 7.629173554200723295e-01
8.100000000000000533e-01 7.621711797677324096e-01
8.699999999999998845e-01 7.521311498095436532e-01
9.299999999999999378e-01 7.341843153103010389e-01
9.899999999999999911e-01 7.083822094528534619e-01
1.050000000000000044e+00 6.784959436344295547e-01
1.109999999999999876e+00 6.436251151831846595e-01
1.169999999999999929e+00 6.046394552139394696e-01
1.229999999999999982e+00 5.646331898716573372e-01
1.290000000000000036e+00 5.225360432456153115e-01
1.349999999999999867e+00 4.812239394676477988e-01
1.409999999999999920e+00 4.400052163005259698e-01
1.469999999999999973e+00 3.997337102870170966e-01
1.530000000000000027e+00 3.610447076040853576e-01
1.589999999999999858e+00 3.246852531384828988e-01
1.649999999999999911e+00 2.899085503561436017e-01
1.709999999999999964e+00 2.579092998646890234e-01
1.770000000000000018e+00 2.280720837022277570e-01
1.829999999999999849e+00 2.010713035941467663e-01
1.889999999999999902e+00 1.762611183742267273e-01
1.949999999999999956e+00 1.537445944081587690e-01
2.009999999999999787e+00 1.336054265519386330e-01
2.070000000000000284e+00 1.158843446464662558e-01
2.129999999999999893e+00 1.000061638653736706e-01
2.189999999999999947e+00 8.602713609258740013e-02
2.250000000000000000e+00 7.349774296207527147e-02
2.309999999999999609e+00 6.272085057736070945e-02
2.370000000000000107e+00 5.333299477894844209e-02
2.429999999999999716e+00 4.516281221183245098e-02
2.490000000000000213e+00 3.824892171906121158e-02
2.549999999999999822e+00 3.216142479698921863e-02
2.609999999999999876e+00 2.711800257701197855e-02
2.669999999999999929e+00 2.264020360489836167e-02
2.729999999999999538e+00 1.888014390230284209e-02
2.790000000000000036e+00 1.576207589925880670e-02
2.849999999999999645e+00 1.313500116121023471e-02
2.910000000000000142e+00 1.078012096966395571e-02
2.969999999999999751e+00 8.903071350627169908e-03
3.030000000000000249e+00 7.374336377091721996e-03
3.089999999999999858e+00 6.051858311284514028e-03
3.149999999999999911e+00 4.977981286580257167e-03
3.209999999999999964e+00 4.047900468467920815e-03
3.269999999999999574e+00 3.306691869894848486e-03
3.330000000000000071e+00 2.667059520883305942e-03
3.389999999999999680e+00 2.196679529026244679e-03
3.450000000000000178e+00 1.783544831848725290e-03
3.509999999999999787e+00 1.435230186347390439e-03
3.569999999999999840e+00 1.148879536605481406e-03
3.629999999999999893e+00 9.282181729491904192e-04
3.689999999999999503e+00 7.559855835337352548e-04
3.750000000000000000e+00 6.002684478978444031e-04
3.809999999999999609e+00 4.805624520820557348e-04
3.870000000000000107e+00 3.742675014406501919e-04
3.929999999999999716e+00 3.080815099781861253e-04
3.989999999999999769e+00 2.418955185157239290e-04
4.049999999999999822e+00 1.891205722276396539e-04
4.109999999999999432e+00 1.548479012264413509e-04
4.169999999999999929e+00 1.233071097977978784e-04
4.230000000000000426e+00 9.114543664812184377e-05
4.290000000000000036e+00 7.239480867282595310e-05
4.349999999999999645e+00 5.799035274478596879e-05
4.410000000000000142e+00 5.029141940393643592e-05
4.469999999999999751e+00 3.750125595058908439e-05
4.529999999999999361e+00 2.980232260974011055e-05
4.589999999999999858e+00 2.570450325090046533e-05
4.650000000000000355e+00 1.601874840273531065e-05
4.709999999999999964e+00 1.415610323962634389e-05
4.769999999999999574e+00 1.005828388078728820e-05
4.830000000000000071e+00 8.319815061885782852e-06
4.889999999999999680e+00 5.463759145118939969e-06
4.949999999999999289e+00 4.718701079875518266e-06
5.009999999999999787e+00 4.470348391460950344e-06
5.070000000000000284e+00 3.601113982010263739e-06
5.129999999999999893e+00 2.483526884144972790e-06
5.189999999999999503e+00 1.738468818901506618e-06
5.250000000000000000e+00 8.692344094507533090e-07
5.309999999999999609e+00 6.208817210362431975e-07
5.369999999999999218e+00 4.967053768290019060e-07
5.429999999999999716e+00 4.967053768289946003e-07
5.490000000000000213e+00 2.483526884145009530e-07
5.549999999999999822e+00 3.725290326217458973e-07
5.609999999999999432e+00 2.483526884145009530e-07
5.669999999999999929e+00 4.967053768289946003e-07
5.730000000000000426e+00 1.241763442072504765e-07
5.789999999999999147e+00 0.000000000000000000e+00
5.849999999999999645e+00 0.000000000000000000e+00
5.910000000000000142e+00 0.000000000000000000e+00
5.969999999999999751e+00 0.000000000000000000e+00
