2.999999999999999889e-02 9.632545284672668073e-02
8.999999999999999667e-02 1.619892827817992764e-01
1.499999999999999944e-01 2.417822696898053458e-01
2.099999999999999922e-01 3.234929118814039994e-01
2.700000000000000178e-01 4.037850876931232125e-01
3.299999999999999600e-01 4.799667781588939919e-01
3.900000000000000133e-01 5.496957690742794167e-01
4.499999999999999556e-01 6.110255962438305710e-01
5.100000000000000089e-01 6.625364273478812072e-01
5.700000000000000622e-01 7.039293699259270287e-01
6.299999999999998934e-01 7.347339198097637691e-01
6.899999999999999467e-01 7.541447934072069703e-01
7.500000000000000000e-01 7.628719068780924761e-01
8.100000000000000533e-01 7.619079259180130403e-01
8.699999999999998845e-01 7.518407013404428962e-01
9.299999999999999378e-01 7.335470423118295447e-01
9.899999999999999911e-01 7.085697157326065199e-01
1.050000000000000044e+00 6.778216660853841891e-01
1.109999999999999876e+00 6.428563394361976879e-01
1.169999999999999929e+00 6.040929551230834749e-01
1.229999999999999982e+00 5.637840720299681641e-01
1.290000000000000036e+00 5.227599331942209826e-01
1.349999999999999867e+00 4.810863520782661662e-01
1.409999999999999920e+00 4.406191441462866121e-01
1.469999999999999973e+00 3.998876889538340862e-01
1.530000000000000027e+00 3.614698874066510359e-01
1.589999999999999858e+00 3.244085882435891466e-01
1.649999999999999911e+00 2.902261934446256908e-01
1.709999999999999964e+00 2.581740438305389351e-01
1.770000000000000018e+00 2.283868707347931348e-01
1.829999999999999849e+00 2.007705484884768077e-01
1.889999999999999902e+00 1.762145522451490087e-01
1.949999999999999956e+00 1.541197311440088702e-01
2.009999999999999787e+00 1.337464908789580686e-01
2.070000000000000284e+00 1.160816608574115755e-01
2.129999999999999893e+00 9.993774269971547608e-02
2.189999999999999947e+00 8.589960698708654085e-02
2.250000000000000000e+00 7.347961321582102689e-02
2.309999999999999609e+00 6.281398283551614670e-02
2.370000000000000107e+00 5.333982447787983389e-02
2.429999999999999716e+00 4.524526530438607169e-02
2.490000000000000213e+00 3.821787763300940610e-02
2.549999999999999822e+00 3.226945821644952583e-02
2.609999999999999876e+00 2.706895292105011494e-02
2.669999999999999929e+00 2.263287720059013394e-02
2.729999999999999538e+00 1.890808357974947326e-02
2.790000000000000036e+00 1.579324416165482983e-02
2.849999999999999645e+00 1.299977312236853984e-02
2.910000000000000142e+00 1.080247271162126065e-02
2.969999999999999751e+00 8.922815389356122603e-03
3.030000000000000249e+00 7.325286721129858382e-03
3.089999999999999858e+00 6.082405691959497443e-03
3.149999999999999911e+00 4.971648293025687435e-03
3.209999999999999964e+00 4.065160980312728517e-03
3.269999999999999574e+00 3.312652334416796469e-03
3.330000000000000071e+00 2.698724488656154604e-03
3.389999999999999680e+00 2.197176234403073677e-03
3.450000000000000178e+00 1.784910771635005037e-03
3.509999999999999787e+00 1.438831300329400462e-03
3.569999999999999840e+00 1.167630164580776104e-03
3.629999999999999893e+00 9.283423492933975604e-04
3.689999999999999503e+00 7.532537039611757624e-04
3.750000000000000000e+00 5.946805124085181686e-04
3.809999999999999609e+00 4.881372090786979638e-04
3.870000000000000107e+00 3.896653681223490951e-04
3.929999999999999716e+00 3.018726927678236425e-04
3.989999999999999769e+00 2.471109249724284416e-04
4.049999999999999822e+00 1.836568130825207232e-04
4.109999999999999432e+00 1.544753721938195749e-04
4.169999999999999929e+00 1.300126323849893056e-04
4.230000000000000426e+00 9.325643449964510147e-05
4.290000000000000036e+00 8.568167750300155787e-05
4.349999999999999645e+00 6.395081726673399294e-05
4.410000000000000142e+00 4.755953983137692993e-05
4.469999999999999751e+00 3.899137208107607348e-05
4.529999999999999361e+00 3.203749680547062130e-05
4.589999999999999858e+00 2.235174195730475172e-05
4.650000000000000355e+00 1.862645163108757036e-05
4.709999999999999964e+00 1.626710109114957279e-05
4.769999999999999574e+00 1.080334194603079122e-05
4.830000000000000071e+00 8.568167750300282164e-06
4.889999999999999680e+00 7.450580652434917523e-06
4.949999999999999289e+00 3.849466670424764745e-06
5.009999999999999787e+00 4.346172047253702382e-06
5.070000000000000284e+00 2.856055916766760721e-06
5.129999999999999893e+00 2.483526884144972790e-06
5.189999999999999503e+00 2.359350539937759133e-06
5.250000000000000000e+00 1.862645163108756909e-06
5.309999999999999609e+00 9.934107536579892007e-07
5.369999999999999218e+00 3.725290326217514030e-07
5.429999999999999716e+00 8.692344094507404977e-07
5.490000000000000213e+00 2.483526884145009530e-07
5.549999999999999822e+00 2.483526884144973002e-07
5.609999999999999432e+00 3.725290326217514030e-07
5.669999999999999929e+00 3.725290326217458973e-07
5.730000000000000426e+00 0.000000000000000000e+00
5.789999999999999147e+00 3.725290326217514030e-07
5.849999999999999645e+00 2.483526884144973002e-07
5.910000000000000142e+00 3.725290326217514030e-07
5.969999999999999751e+00 0.000000000000000000e+00
