2.999999999999999889e-02 9.609175225098928741e-02
8.999999999999999667e-02 1.618864635626475201e-01
1.499999999999999944e-01 2.414143333832423077e-01
2.099999999999999922e-01 3.232385963201522827e-01
2.700000000000000178e-01 4.035281638304392682e-01
3.299999999999999600e-01 4.797646154959996911e-01
3.900000000000000133e-01 5.497256914774577563e-01
4.499999999999999556e-01 6.109648694594701501e-01
5.100000000000000089e-01 6.626465668280913102e-01
5.700000000000000622e-01 7.043271015087769760e-01
6.299999999999998934e-01 7.353683312733975130e-01
6.899999999999999467e-01 7.545981556177132621e-01
7.500000000000000000e-01 7.623303681612008109e-01
8.100000000000000533e-01 7.615689188241966390e-01
8.699999999999998845e-01 7.520578801631935262e-01
9.299999999999999378e-01 7.335393379131945890e-01
9.899999999999999911e-01 7.085081189870827689e-01
1.050000000000000044e+00 6.779262175162626969e-01
1.109999999999999876e+00 6.431511292854963369e-01
1.169999999999999929e+00 6.047281126181278665e-01
1.229999999999999982e+00 5.639797697464620230e-01
1.290000000000000036e+00 5.227219313383116850e-01
1.349999999999999867e+00 4.816477497418717446e-01
1.409999999999999920e+00 4.398216803868607583e-01
1.469999999999999973e+00 4.005489250024156234e-01
1.530000000000000027e+00 3.615165750185645455e-01
1.589999999999999858e+00 3.246195614337930024e-01
1.649999999999999911e+00 2.900010595719016981e-01
1.709999999999999964e+00 2.579900125662483723e-01
1.770000000000000018e+00 2.278408656517670883e-01
1.829999999999999849e+00 2.012169609467186759e-01
1.889999999999999902e+00 1.763562361399331202e-01
1.949999999999999956e+00 1.536977787812549567e-01
2.009999999999999787e+00 1.338211198647815681e-01
2.070000000000000284e+00 1.158694426218667556e-01
2.129999999999999893e+00 9.989092747370392766e-02
2.189999999999999947e+00 8.585043251514490326e-02
2.250000000000000000e+00 7.340336839358005405e-02
2.309999999999999609e+00 6.262660026550287418e-02
2.370000000000000107e+00 5.342873434225713092e-02
2.429999999999999716e+00 4.519522190093989977e-02
2.490000000000000213e+00 3.825773795445756853e-02
2.549999999999999822e+00 3.228162725766497293e-02
2.609999999999999876e+00 2.700860301653561571e-02
2.669999999999999929e+00 2.264628807703652005e-02
2.729999999999999538e+00 1.893329123655953378e-02
2.790000000000000036e+00 1.565118630727130658e-02
2.849999999999999645e+00 1.307092607021330573e-02
2.910000000000000142e+00 1.083823541800180146e-02
2.969999999999999751e+00 8.928403258323660760e-03
3.030000000000000249e+00 7.388616601626071638e-03
3.089999999999999858e+00 6.074582537015273641e-03
3.149999999999999911e+00 4.945198694864941236e-03
3.209999999999999964e+00 4.059945543607072251e-03
3.269999999999999574e+00 3.311162193616228391e-03
3.330000000000000071e+00 2.693881591161089665e-03
3.389999999999999680e+00 2.172589302062986547e-03
3.450000000000000178e+00 1.771499713261920610e-03
3.509999999999999787e+00 1.415113608042397860e-03
3.569999999999999840e+00 1.143539945284532998e-03
3.629999999999999893e+00 9.457270304361971216e-04
3.689999999999999503e+00 7.572273413340243784e-04
3.750000000000000000e+00 5.895892779032384625e-04
3.809999999999999609e+00 4.888822635014847913e-04
3.870000000000000107e+00 3.945082426071163740e-04
3.929999999999999716e+00 3.075848023096717848e-04
3.989999999999999769e+00 2.384185791015640450e-04
4.049999999999999822e+00 1.943359772364282420e-04
4.109999999999999432e+00 1.591940720876068333e-04
4.169999999999999929e+00 1.223136981328318241e-04
4.230000000000000426e+00 1.019487778345750501e-04
4.290000000000000036e+00 7.798274358113542622e-05
4.349999999999999645e+00 5.736947059631384926e-05
4.410000000000000142e+00 5.302329858144159134e-05
4.469999999999999751e+00 4.097819328308071587e-05
4.529999999999999361e+00 2.955396970113137689e-05
4.589999999999999858e+00 2.346932888030986547e-05
4.650000000000000355e+00 1.812974611918143482e-05
4.709999999999999964e+00 1.539786656697578497e-05
4.769999999999999574e+00 1.117587089538581503e-05
4.830000000000000071e+00 9.685754776001039243e-06
4.889999999999999680e+00 7.326404253641703619e-06
4.949999999999999289e+00 5.091230074564649202e-06
5.009999999999999787e+00 4.097819328308071587e-06
5.070000000000000284e+00 2.607703208923356784e-06
5.129999999999999893e+00 2.483526865641255572e-06
5.189999999999999503e+00 2.110997835795098470e-06
5.250000000000000000e+00 8.692344029744522615e-07
5.309999999999999609e+00 8.692344029744394501e-07
5.369999999999999218e+00 1.117587089538581419e-06
5.429999999999999716e+00 2.483526865641255572e-07
5.490000000000000213e+00 4.967053731282584200e-07
5.549999999999999822e+00 1.241763432820627786e-07
5.609999999999999432e+00 0.000000000000000000e+00
5.669999999999999929e+00 2.483526865641255572e-07
5.730000000000000426e+00 1.241763432820646050e-07
5.789999999999999147e+00 1.241763432820646050e-07
5.849999999999999645e+00 0.000000000000000000e+00
5.910000000000000142e+00 0.000000000000000000e+00
5.969999999999999751e+00 1.241763432820627786e-07
