2.999999999999999889e-02 9.600669145584106445e-02
8.999999999999999667e-02 1.616042107343673706e-01
1.499999999999999944e-01 2.413939684629440308e-01
2.099999999999999922e-01 3.234732896089553833e-01
2.700000000000000178e-01 4.034041116635004864e-01
3.299999999999999600e-01 4.799147446950277063e-01
3.900000000000000133e-01 5.494472881158193323e-01
4.499999999999999556e-01 6.110886732737224047e-01
5.100000000000000089e-01 6.628385434548054178e-01
5.700000000000000622e-01 7.044564932584769235e-01
6.299999999999998934e-01 7.346765448649731356e-01
6.899999999999999467e-01 7.537454366683953300e-01
7.500000000000000000e-01 7.626694937547041642e-01
8.100000000000000533e-01 7.621983687082933834e-01
8.699999999999998845e-01 7.523858298858013827e-01
9.299999999999999378e-01 7.339362055063241019e-01
9.899999999999999911e-01 7.084051767985020120e-01
1.050000000000000044e+00 6.773049632708225687e-01
1.109999999999999876e+00 6.431485215822874135e-01
1.169999999999999929e+00 6.048932671546930484e-01
1.229999999999999982e+00 5.643516778945917300e-01
1.290000000000000036e+00 5.235925316810622343e-01
1.349999999999999867e+00 4.812395821015035824e-01
1.409999999999999920e+00 4.400504132111863198e-01
1.469999999999999973e+00 3.998886793851849086e-01
1.530000000000000027e+00 3.611166030168529995e-01
1.589999999999999858e+00 3.247526784737914118e-01
1.649999999999999911e+00 2.903221795956291151e-01
1.709999999999999964e+00 2.578446020682650386e-01
1.770000000000000018e+00 2.282862861951198696e-01
1.829999999999999849e+00 2.010015149911242860e-01
1.889999999999999902e+00 1.764425386985141453e-01
1.949999999999999956e+00 1.537011315425235725e-01
2.009999999999999787e+00 1.336018244425454526e-01
2.070000000000000284e+00 1.158612469832101394e-01
2.129999999999999893e+00 9.997313221295665853e-02
2.189999999999999947e+00 8.590308328469650756e-02
2.250000000000000000e+00 7.345552245775852085e-02
2.309999999999999609e+00 6.263802448908482867e-02
2.370000000000000107e+00 5.344661573568974811e-02
2.429999999999999716e+00 4.526476065317786013e-02
2.490000000000000213e+00 3.827574352423346316e-02
2.549999999999999822e+00 3.219284117221829500e-02
2.609999999999999876e+00 2.710359791914639799e-02
2.669999999999999929e+00 2.253651618957517450e-02
2.729999999999999538e+00 1.885804037253060311e-02
2.790000000000000036e+00 1.573935151100157304e-02
2.849999999999999645e+00 1.309985915819802775e-02
2.910000000000000142e+00 1.074783504009245785e-02
2.969999999999999751e+00 8.843590815862011761e-03
3.030000000000000249e+00 7.344906528790785469e-03
3.089999999999999858e+00 6.068622072537734578e-03
3.149999999999999911e+00 4.952400922775300647e-03
3.209999999999999964e+00 4.070748885472611801e-03
3.269999999999999574e+00 3.293777505556739604e-03
3.330000000000000071e+00 2.670908967653908006e-03
3.389999999999999680e+00 2.159178256988523656e-03
3.450000000000000178e+00 1.777211825052895473e-03
3.509999999999999787e+00 1.424178481101988445e-03
3.569999999999999840e+00 1.158813635508226846e-03
3.629999999999999893e+00 9.293357531229646997e-04
3.689999999999999503e+00 7.472932338714593104e-04
3.750000000000000000e+00 6.000200907389317134e-04
3.809999999999999609e+00 4.803140958150223347e-04
3.870000000000000107e+00 3.845741351445512517e-04
3.929999999999999716e+00 3.129243850708005102e-04
3.989999999999999769e+00 2.385427554448461178e-04
4.049999999999999822e+00 1.975645621617618647e-04
4.109999999999999432e+00 1.563380161921193478e-04
4.169999999999999929e+00 1.247972249984730911e-04
4.230000000000000426e+00 1.009553670883185352e-04
4.290000000000000036e+00 7.289151350657084648e-05
4.349999999999999645e+00 5.960464477539101125e-05
4.410000000000000142e+00 4.544854164123564972e-05
4.469999999999999751e+00 3.874301910400358777e-05
4.529999999999999361e+00 2.806385358174660110e-05
4.589999999999999858e+00 2.582867940266905625e-05
4.650000000000000355e+00 1.589457194010426944e-05
4.709999999999999964e+00 1.241763432820627744e-05
4.769999999999999574e+00 1.105169455210375067e-05
4.830000000000000071e+00 9.685754776001039243e-06
4.889999999999999680e+00 7.078051567077578273e-06
4.949999999999999289e+00 4.967053731282584835e-06
5.009999999999999787e+00 4.718701044718384951e-06
5.070000000000000284e+00 3.476937611897809046e-06
5.129999999999999893e+00 1.986821492513004457e-06
5.189999999999999503e+00 1.117587089538581419e-06
5.250000000000000000e+00 8.692344029744522615e-07
5.309999999999999609e+00 1.986821492513004457e-06
5.369999999999999218e+00 3.725290298461938415e-07
5.429999999999999716e+00 6.208817164103138929e-07
5.490000000000000213e+00 4.967053731282584200e-07
5.549999999999999822e+00 7.450580596923766715e-07
5.609999999999999432e+00 3.725290298461938415e-07
5.669999999999999929e+00 2.483526865641255572e-07
5.730000000000000426e+00 1.241763432820646050e-07
5.789999999999999147e+00 3.725290298461938415e-07
5.849999999999999645e+00 2.483526865641255572e-07
5.910000000000000142e+00 0.000000000000000000e+00
5.969999999999999751e+00 0.000000000000000000e+00
