2.999999999999999889e-02 9.578503739673671635e-02
8.999999999999999667e-02 1.617650203041609835e-01
1.499999999999999944e-01 2.417809037500190661e-01
2.099999999999999922e-01 3.228798532700527524e-01
2.700000000000000178e-01 4.036010583510080685e-01
3.299999999999999600e-01 4.795365071262158718e-01
3.900000000000000133e-01 5.498272718227948941e-01
4.499999999999999556e-01 6.110580062696686632e-01
5.100000000000000089e-01 6.627162346942933047e-01
5.700000000000000622e-01 7.041228366702020347e-01
6.299999999999998934e-01 7.349825208508666829e-01
6.899999999999999467e-01 7.543721602934505555e-01
7.500000000000000000e-01 7.634423730033805811e-01
8.100000000000000533e-01 7.620224165073721245e-01
8.699999999999998845e-01 7.520467098954827234e-01
9.299999999999999378e-01 7.335701391118520931e-01
9.899999999999999911e-01 7.086907876682085883e-01
1.050000000000000044e+00 6.776861896938540797e-01
1.109999999999999876e+00 6.425146061369392259e-01
1.169999999999999929e+00 6.044780259664701560e-01
1.229999999999999982e+00 5.641476603658069910e-01
1.290000000000000036e+00 5.228575358007678808e-01
1.349999999999999867e+00 4.816191927712594745e-01
1.409999999999999920e+00 4.403426034277371226e-01
1.469999999999999973e+00 4.000393082701111380e-01
1.530000000000000027e+00 3.611369706278313996e-01
1.589999999999999858e+00 3.246761882653557141e-01
1.649999999999999911e+00 2.905577442836590474e-01
1.709999999999999964e+00 2.579085548066237799e-01
1.770000000000000018e+00 2.281337993452987323e-01
1.829999999999999849e+00 2.011821930695238403e-01
1.889999999999999902e+00 1.761684828214481191e-01
1.949999999999999956e+00 1.537470779350429140e-01
2.009999999999999787e+00 1.337849855456623160e-01
2.070000000000000284e+00 1.159619548615957868e-01
2.129999999999999893e+00 1.000521091127303530e-01
2.189999999999999947e+00 8.595511381294718145e-02
2.250000000000000000e+00 7.353723103953317686e-02
2.309999999999999609e+00 6.262858755361472296e-02
2.370000000000000107e+00 5.331710020688990720e-02
2.429999999999999716e+00 4.517299467205745239e-02
2.490000000000000213e+00 3.824209202012981978e-02
2.549999999999999822e+00 3.205972437108348116e-02
2.609999999999999876e+00 2.706858039201749319e-02
2.669999999999999929e+00 2.251615143703531927e-02
2.729999999999999538e+00 1.882202937321384925e-02
2.790000000000000036e+00 1.572631311212711880e-02
2.849999999999999645e+00 1.308607568159258008e-02
2.910000000000000142e+00 1.083525526649197455e-02
2.969999999999999751e+00 8.962303466814027994e-03
3.030000000000000249e+00 7.315476789937485659e-03
3.089999999999999858e+00 6.006037240272038905e-03
3.149999999999999911e+00 4.944950379021127891e-03
3.209999999999999964e+00 4.041940003945972831e-03
3.269999999999999574e+00 3.315135861300941029e-03
3.330000000000000071e+00 2.728650987610101771e-03
3.389999999999999680e+00 2.197300410747280927e-03
3.450000000000000178e+00 1.777087661949948308e-03
3.509999999999999787e+00 1.437589536887327966e-03
3.569999999999999840e+00 1.159807054895719376e-03
3.629999999999999893e+00 9.305775234891280542e-04
3.689999999999999503e+00 7.487833555697147748e-04
3.750000000000000000e+00 5.959222758505905567e-04
3.809999999999999609e+00 4.882613854229052677e-04
3.870000000000000107e+00 3.911554842528360909e-04
3.929999999999999716e+00 3.147870325653776068e-04
3.989999999999999769e+00 2.407779314178586821e-04
4.049999999999999822e+00 1.886238668508106824e-04
4.109999999999999432e+00 1.517434926212600824e-04
4.169999999999999929e+00 1.223136990441399082e-04
4.230000000000000426e+00 9.462237428592484769e-05
4.290000000000000036e+00 7.351239577069118645e-05
4.349999999999999645e+00 5.972882156368747753e-05
4.410000000000000142e+00 4.383424950515941315e-05
4.469999999999999751e+00 3.787378498321083335e-05
4.529999999999999361e+00 2.818803013504585825e-05
4.589999999999999858e+00 2.024074410578152790e-05
4.650000000000000355e+00 2.098580217102533077e-05
4.709999999999999964e+00 1.601874840273507348e-05
4.769999999999999574e+00 9.064873127129285870e-06
4.830000000000000071e+00 9.189049471336535526e-06
4.889999999999999680e+00 6.457169898776928746e-06
4.949999999999999289e+00 5.960464521948022449e-06
5.009999999999999787e+00 4.470348391460950344e-06
5.070000000000000284e+00 2.483526884145009636e-06
5.129999999999999893e+00 3.849466670424707994e-06
5.189999999999999503e+00 2.483526884145009636e-06
5.250000000000000000e+00 1.117587097865254103e-06
5.309999999999999609e+00 8.692344094507404977e-07
5.369999999999999218e+00 9.934107536580038120e-07
5.429999999999999716e+00 4.967053768289946003e-07
5.490000000000000213e+00 8.692344094507533090e-07
5.549999999999999822e+00 2.483526884144973002e-07
5.609999999999999432e+00 3.725290326217514030e-07
5.669999999999999929e+00 6.208817210362431975e-07
5.730000000000000426e+00 2.483526884145009530e-07
5.789999999999999147e+00 2.483526884145009530e-07
5.849999999999999645e+00 0.000000000000000000e+00
5.910000000000000142e+00 1.241763442072504765e-07
5.969999999999999751e+00 0.000000000000000000e+00
