2.999999999999999889e-02 9.615346932639881605e-02
8.999999999999999667e-02 1.618418866670412737e-01
1.499999999999999944e-01 2.413788225458883829e-01
2.099999999999999922e-01 3.229850330400224068e-01
2.700000000000000178e-01 4.038665503839634630e-01
3.299999999999999600e-01 4.799784543113677082e-01
3.900000000000000133e-01 5.498187077515132026e-01
4.499999999999999556e-01 6.111830564019539169e-01
5.100000000000000089e-01 6.634405602530716317e-01
5.700000000000000622e-01 7.037782525585835058e-01
6.299999999999998934e-01 7.342621793487998927e-01
6.899999999999999467e-01 7.537789755132635605e-01
7.500000000000000000e-01 7.628613575725949891e-01
8.100000000000000533e-01 7.615892950930597260e-01
8.699999999999998845e-01 7.520216318769507025e-01
9.299999999999999378e-01 7.332978258525001403e-01
9.899999999999999911e-01 7.085784133560216747e-01
1.050000000000000044e+00 6.781570714437519243e-01
1.109999999999999876e+00 6.433340506255752489e-01
1.169999999999999929e+00 6.050068975241014169e-01
1.229999999999999982e+00 5.643493269535296841e-01
1.290000000000000036e+00 5.231031605070322055e-01
1.349999999999999867e+00 4.813116115527090733e-01
1.409999999999999920e+00 4.399793908990328184e-01
1.469999999999999973e+00 3.997895926205750072e-01
1.530000000000000027e+00 3.613195125458562029e-01
1.589999999999999858e+00 3.248017329693107524e-01
1.649999999999999911e+00 2.900009397169091563e-01
1.709999999999999964e+00 2.579778471287761943e-01
1.770000000000000018e+00 2.283265227326735647e-01
1.829999999999999849e+00 2.009262671211300422e-01
1.889999999999999902e+00 1.762948956533504086e-01
1.949999999999999956e+00 1.538747323633440911e-01
2.009999999999999787e+00 1.336759597114118570e-01
2.070000000000000284e+00 1.158159243437039548e-01
2.129999999999999893e+00 9.969237098632799388e-02
2.189999999999999947e+00 8.591252196698227761e-02
2.250000000000000000e+00 7.362999131724218271e-02
2.309999999999999609e+00 6.268918607665870113e-02
2.370000000000000107e+00 5.340327898765517833e-02
2.429999999999999716e+00 4.525507557275503662e-02
2.490000000000000213e+00 3.835397519201993316e-02
2.549999999999999822e+00 3.223878689962802330e-02
2.609999999999999876e+00 2.706833224100387361e-02
2.669999999999999929e+00 2.256209685249272248e-02
2.729999999999999538e+00 1.889529355707703778e-02
2.790000000000000036e+00 1.581273996550945984e-02
2.849999999999999645e+00 1.302001396348098639e-02
2.910000000000000142e+00 1.083835975584922749e-02
2.969999999999999751e+00 8.897731834119527658e-03
3.030000000000000249e+00 7.366637498636599557e-03
3.089999999999999858e+00 6.029754966940800015e-03
3.149999999999999911e+00 4.948551529872721039e-03
3.209999999999999964e+00 4.079565466635901201e-03
3.269999999999999574e+00 3.283470917991857582e-03
3.330000000000000071e+00 2.694750865718981408e-03
3.389999999999999680e+00 2.199287248640563724e-03
3.450000000000000178e+00 1.760944750323066880e-03
3.509999999999999787e+00 1.431504906686715617e-03
3.569999999999999840e+00 1.129508035324640986e-03
3.629999999999999893e+00 9.459753972188931354e-04
3.689999999999999503e+00 7.305294384141175620e-04
3.750000000000000000e+00 5.984058071932063603e-04
3.809999999999999609e+00 4.686415265298112887e-04
3.870000000000000107e+00 3.846983172202849202e-04
3.929999999999999716e+00 3.090749230346318032e-04
3.989999999999999769e+00 2.437581654949725501e-04
4.049999999999999822e+00 1.950810382030546228e-04
4.109999999999999432e+00 1.522401991323669740e-04
4.169999999999999929e+00 1.252939322386264175e-04
4.230000000000000426e+00 1.004586632121410005e-04
4.290000000000000036e+00 7.897615550422834726e-05
4.349999999999999645e+00 5.923211662817213797e-05
4.410000000000000142e+00 4.743536384059068097e-05
4.469999999999999751e+00 4.135072292910068595e-05
4.529999999999999361e+00 3.116826262824151850e-05
4.589999999999999858e+00 2.284844750436794858e-05
4.650000000000000355e+00 1.713633562827621555e-05
4.709999999999999964e+00 1.552204314155431562e-05
4.769999999999999574e+00 1.055498933625708892e-05
4.830000000000000071e+00 7.574757053078617202e-06
4.889999999999999680e+00 6.953875327416332362e-06
4.949999999999999289e+00 4.967053805297454555e-06
5.009999999999999787e+00 3.725290353973035224e-06
5.070000000000000284e+00 2.980232283178472564e-06
5.129999999999999893e+00 2.110997867251386443e-06
5.189999999999999503e+00 2.359350557516290639e-06
5.250000000000000000e+00 8.692344159270543566e-07
5.309999999999999609e+00 1.241763451324345216e-06
5.369999999999999218e+00 7.450580707946181409e-07
5.429999999999999716e+00 1.241763451324345216e-07
5.490000000000000213e+00 0.000000000000000000e+00
5.549999999999999822e+00 1.241763451324345216e-07
5.609999999999999432e+00 1.241763451324363480e-07
5.669999999999999929e+00 0.000000000000000000e+00
5.730000000000000426e+00 4.967053805297453920e-07
5.789999999999999147e+00 0.000000000000000000e+00
5.849999999999999645e+00 0.000000000000000000e+00
5.910000000000000142e+00 2.483526902648726960e-07
5.969999999999999751e+00 0.000000000000000000e+00
