2.999999999999999889e-02 9.649681620173268526e-02
8.999999999999999667e-02 1.618014039730137077e-01
1.499999999999999944e-01 2.419085570318641187e-01
2.099999999999999922e-01 3.233313584575903121e-01
2.700000000000000178e-01 4.038132757232582026e-01
3.299999999999999600e-01 4.797919378662502399e-01
3.900000000000000133e-01 5.495488684590821293e-01
4.499999999999999556e-01 6.109037792501632591e-01
5.100000000000000089e-01 6.626257101393662197e-01
5.700000000000000622e-01 7.044266961844770636e-01
6.299999999999998934e-01 7.343580380158484244e-01
6.899999999999999467e-01 7.541194614329886914e-01
7.500000000000000000e-01 7.629277862329857385e-01
8.100000000000000533e-01 7.618745224814212902e-01
8.699999999999998845e-01 7.517819659296328672e-01
9.299999999999999378e-01 7.336360767506261427e-01
9.899999999999999911e-01 7.086735271563636696e-01
1.050000000000000044e+00 6.775666078743824983e-01
1.109999999999999876e+00 6.428210733544428290e-01
1.169999999999999929e+00 6.046084111278877682e-01
1.229999999999999982e+00 5.648244214417363906e-01
1.290000000000000036e+00 5.225352981875500680e-01
1.349999999999999867e+00 4.809832857125741490e-01
1.409999999999999920e+00 4.403015010578044675e-01
1.469999999999999973e+00 3.997260113536762471e-01
1.530000000000000027e+00 3.616534200433892954e-01
1.589999999999999858e+00 3.245614493233082154e-01
1.649999999999999911e+00 2.899532538400582116e-01
1.709999999999999964e+00 2.575145432664541767e-01
1.770000000000000018e+00 2.282413360593822105e-01
1.829999999999999849e+00 2.013437464933374721e-01
1.889999999999999902e+00 1.763039592129782285e-01
1.949999999999999956e+00 1.537503065199923302e-01
2.009999999999999787e+00 1.335855583368654731e-01
2.070000000000000284e+00 1.160319903197286756e-01
2.129999999999999893e+00 1.000951983041702686e-01
2.189999999999999947e+00 8.597361608823407553e-02
2.250000000000000000e+00 7.343987678567470700e-02
2.309999999999999609e+00 6.284577197963320261e-02
2.370000000000000107e+00 5.332281231872344762e-02
2.429999999999999716e+00 4.537962410881830888e-02
2.490000000000000213e+00 3.817503679425790497e-02
2.549999999999999822e+00 3.224983835406478039e-02
2.609999999999999876e+00 2.700897574679801336e-02
2.669999999999999929e+00 2.256756044353712062e-02
2.729999999999999538e+00 1.892795179482263321e-02
2.790000000000000036e+00 1.574978244118228898e-02
2.849999999999999645e+00 1.304484913531577146e-02
2.910000000000000142e+00 1.083711791165508330e-02
2.969999999999999751e+00 8.960813350683540998e-03
3.030000000000000249e+00 7.380793546990498978e-03
3.089999999999999858e+00 6.038447266110131065e-03
3.149999999999999911e+00 5.001698968323841851e-03
3.209999999999999964e+00 4.077702791077660732e-03
3.269999999999999574e+00 3.272295022549439898e-03
3.330000000000000071e+00 2.750754376878991776e-03
3.389999999999999680e+00 2.219652152704585865e-03
3.450000000000000178e+00 1.799936109284082245e-03
3.509999999999999787e+00 1.430635661611721985e-03
3.569999999999999840e+00 1.146396009721336413e-03
3.629999999999999893e+00 9.313225815543715522e-04
3.689999999999999503e+00 7.602075792367817431e-04
3.750000000000000000e+00 6.128102586627765100e-04
3.809999999999999609e+00 4.810591574588847334e-04
3.870000000000000107e+00 3.921488950064940882e-04
3.929999999999999716e+00 3.033628088983106384e-04
3.989999999999999769e+00 2.407779314178586821e-04
4.049999999999999822e+00 1.921008044886136456e-04
4.109999999999999432e+00 1.574556044547935937e-04
4.169999999999999929e+00 1.240521678630413763e-04
4.230000000000000426e+00 9.834766461214236447e-05
4.290000000000000036e+00 7.686515706428690006e-05
4.349999999999999645e+00 6.059805597313823190e-05
4.410000000000000142e+00 4.967053768290018764e-05
4.469999999999999751e+00 3.588696347589485919e-05
4.529999999999999361e+00 2.644956131614434951e-05
4.589999999999999858e+00 2.197921292468300614e-05
4.650000000000000355e+00 1.738468818901506703e-05
4.709999999999999964e+00 1.477698496066258708e-05
4.769999999999999574e+00 1.005828388078728820e-05
4.830000000000000071e+00 7.823109685056779146e-06
4.889999999999999680e+00 6.581346242984177555e-06
4.949999999999999289e+00 5.339582800911769934e-06
5.009999999999999787e+00 3.725290326217458761e-06
5.070000000000000284e+00 3.104408605181261727e-06
5.129999999999999893e+00 3.104408605181215987e-06
5.189999999999999503e+00 1.365939786279755321e-06
5.250000000000000000e+00 1.241763442072504818e-06
5.309999999999999609e+00 7.450580652434917946e-07
5.369999999999999218e+00 4.967053768290019060e-07
5.429999999999999716e+00 6.208817210362431975e-07
5.490000000000000213e+00 4.967053768290019060e-07
5.549999999999999822e+00 6.208817210362431975e-07
5.609999999999999432e+00 1.241763442072504765e-07
5.669999999999999929e+00 2.483526884144973002e-07
5.730000000000000426e+00 0.000000000000000000e+00
5.789999999999999147e+00 4.967053768290019060e-07
5.849999999999999645e+00 0.000000000000000000e+00
5.910000000000000142e+00 0.000000000000000000e+00
5.969999999999999751e+00 1.241763442072486501e-07
