2.999999999999999889e-02 9.638654904434815207e-02
8.999999999999999667e-02 1.617733425298335248e-01
1.499999999999999944e-01 2.415037457484347505e-01
2.099999999999999922e-01 3.234729243101088225e-01
2.700000000000000178e-01 4.035268069101901611e-01
3.299999999999999600e-01 4.797206677930703211e-01
3.900000000000000133e-01 5.492660029316793757e-01
4.499999999999999556e-01 6.111556179831439950e-01
5.100000000000000089e-01 6.629840929479812184e-01
5.700000000000000622e-01 7.041049657686178076e-01
6.299999999999998934e-01 7.345952257796061202e-01
6.899999999999999467e-01 7.543170372368223076e-01
7.500000000000000000e-01 7.629646779762749853e-01
8.100000000000000533e-01 7.617157122876289099e-01
8.699999999999998845e-01 7.520617464397251206e-01
9.299999999999999378e-01 7.338507885849893109e-01
9.899999999999999911e-01 7.086261023522284486e-01
1.050000000000000044e+00 6.779045018085347873e-01
1.109999999999999876e+00 6.432730848328731543e-01
1.169999999999999929e+00 6.046859061771953092e-01
1.229999999999999982e+00 5.637247241375901163e-01
1.290000000000000036e+00 5.227466541149230483e-01
1.349999999999999867e+00 4.809744763592136430e-01
1.409999999999999920e+00 4.400091965001886596e-01
1.469999999999999973e+00 4.000036756198429577e-01
1.530000000000000027e+00 3.614366135322287232e-01
1.589999999999999858e+00 3.251053465553832011e-01
1.649999999999999911e+00 2.898012663131239730e-01
1.709999999999999964e+00 2.578002768759985464e-01
1.770000000000000018e+00 2.281262279876478116e-01
1.829999999999999849e+00 2.012036785752401857e-01
1.889999999999999902e+00 1.763502796171914910e-01
1.949999999999999956e+00 1.537979925279366056e-01
2.009999999999999787e+00 1.336719870643015562e-01
2.070000000000000284e+00 1.160769438860129593e-01
2.129999999999999893e+00 9.982312942149274004e-02
2.189999999999999947e+00 8.596082720569687974e-02
2.250000000000000000e+00 7.373131976421140599e-02
2.309999999999999609e+00 6.272047898293606205e-02
2.370000000000000107e+00 5.336515724730093307e-02
2.429999999999999716e+00 4.522788129014500974e-02
2.490000000000000213e+00 3.826841797534562273e-02
2.549999999999999822e+00 3.214813840720363858e-02
2.609999999999999876e+00 2.693695386854970397e-02
2.669999999999999929e+00 2.270552070028999947e-02
2.729999999999999538e+00 1.895899616338550878e-02
2.790000000000000036e+00 1.575003102856445750e-02
2.849999999999999645e+00 1.307142306775550822e-02
2.910000000000000142e+00 1.081315203835160610e-02
2.969999999999999751e+00 8.898973663873373935e-03
3.030000000000000249e+00 7.373963957939726546e-03
3.089999999999999858e+00 6.061544156456726354e-03
3.149999999999999911e+00 4.932656994446928123e-03
3.209999999999999964e+00 4.042560945905862048e-03
3.269999999999999574e+00 3.287444585529466969e-03
3.330000000000000071e+00 2.668922205816454812e-03
3.389999999999999680e+00 2.195686150990860518e-03
3.450000000000000178e+00 1.769512931321103781e-03
3.509999999999999787e+00 1.421322456975533622e-03
3.569999999999999840e+00 1.176198349857797941e-03
3.629999999999999893e+00 9.382764708113866623e-04
3.689999999999999503e+00 7.436921365390940578e-04
3.750000000000000000e+00 5.789101253206305805e-04
3.809999999999999609e+00 5.019207907649053712e-04
3.870000000000000107e+00 3.837049093180499052e-04
3.929999999999999716e+00 3.028661080345383975e-04
3.989999999999999769e+00 2.590318578761999354e-04
4.049999999999999822e+00 2.011656806133450370e-04
4.109999999999999432e+00 1.529852583429905952e-04
4.169999999999999929e+00 1.182158814468546121e-04
4.230000000000000426e+00 9.611249184859961309e-05
4.290000000000000036e+00 7.251898609765031168e-05
4.349999999999999645e+00 6.047388053006202648e-05
4.410000000000000142e+00 4.830459861641505379e-05
4.469999999999999751e+00 4.048148881478425058e-05
4.529999999999999361e+00 2.644956171027353680e-05
4.589999999999999858e+00 2.322097671277501430e-05
4.650000000000000355e+00 2.061327344556529093e-05
4.709999999999999964e+00 1.552204325720254961e-05
4.769999999999999574e+00 1.179675287547411199e-05
4.830000000000000071e+00 1.030663672278264546e-05
4.889999999999999680e+00 8.071462493745325392e-06
4.949999999999999289e+00 4.097819419901533799e-06
5.009999999999999787e+00 4.718701150189574831e-06
5.070000000000000284e+00 2.980232305382933903e-06
5.129999999999999893e+00 3.352761343555750560e-06
5.189999999999999503e+00 1.117587114518600108e-06
5.250000000000000000e+00 2.110997882979577864e-06
5.309999999999999609e+00 9.934107684609631447e-07
5.369999999999999218e+00 7.450580763457334758e-07
5.429999999999999716e+00 2.483526921152407862e-07
5.490000000000000213e+00 7.450580763457334758e-07
5.549999999999999822e+00 0.000000000000000000e+00
5.609999999999999432e+00 6.208817302881112299e-07
5.669999999999999929e+00 7.450580763457224644e-07
5.730000000000000426e+00 0.000000000000000000e+00
5.789999999999999147e+00 0.000000000000000000e+00
5.849999999999999645e+00 2.483526921152407862e-07
5.910000000000000142e+00 1.241763460576222195e-07
5.969999999999999751e+00 1.241763460576203931e-07
