2.999999999999999889e-02 9.643199543158213760e-02
8.999999999999999667e-02 1.620672643184661865e-01
1.499999999999999944e-01 2.418166647354761944e-01
2.099999999999999922e-01 3.237050026655197144e-01
2.700000000000000178e-01 4.036717116832733154e-01
3.299999999999999600e-01 4.797169317801793786e-01
3.900000000000000133e-01 5.496278405189514160e-01
4.499999999999999556e-01 6.112800290187200281e-01
5.100000000000000089e-01 6.627656519412988834e-01
5.700000000000000622e-01 7.042527198791510568e-01
6.299999999999998934e-01 7.339872419834143624e-01
6.899999999999999467e-01 7.540338983138396012e-01
7.500000000000000000e-01 7.628340274095528617e-01
8.100000000000000533e-01 7.613385717074083736e-01
8.699999999999998845e-01 7.519926875829704427e-01
9.299999999999999378e-01 7.336008052031192106e-01
9.899999999999999911e-01 7.090826829274489151e-01
1.050000000000000044e+00 6.775776545206699808e-01
1.109999999999999876e+00 6.425380706787127139e-01
1.169999999999999929e+00 6.045239667097721536e-01
1.229999999999999982e+00 5.645085126161569766e-01
1.290000000000000036e+00 5.225713054339106156e-01
1.349999999999999867e+00 4.811905324459071487e-01
1.409999999999999920e+00 4.399221390485759664e-01
1.469999999999999973e+00 3.999313960472739016e-01
1.530000000000000027e+00 3.614921122789379604e-01
1.589999999999999858e+00 3.246838847796131300e-01
1.649999999999999911e+00 2.900411685307818233e-01
1.709999999999999964e+00 2.581580231587090046e-01
1.770000000000000018e+00 2.280301103989289535e-01
1.829999999999999849e+00 2.012501160303749870e-01
1.889999999999999902e+00 1.764005670944848170e-01
1.949999999999999956e+00 1.537452141443886866e-01
2.009999999999999787e+00 1.336148629585900693e-01
2.070000000000000284e+00 1.158682008584339396e-01
2.129999999999999893e+00 1.001862188180286800e-01
2.189999999999999947e+00 8.598193526268060882e-02
2.250000000000000000e+00 7.361099123954766010e-02
2.309999999999999609e+00 6.267987191677087955e-02
2.370000000000000107e+00 5.328431725502009303e-02
2.429999999999999716e+00 4.518963396549220690e-02
2.490000000000000213e+00 3.826518853505449236e-02
2.549999999999999822e+00 3.216589490572608484e-02
2.609999999999999876e+00 2.707454065481839159e-02
2.669999999999999929e+00 2.265746394793190580e-02
2.729999999999999538e+00 1.891764501730599374e-02
2.790000000000000036e+00 1.578082640965778119e-02
2.849999999999999645e+00 1.308470964431761481e-02
2.910000000000000142e+00 1.086816191673277768e-02
2.969999999999999751e+00 8.931135137875866742e-03
3.030000000000000249e+00 7.423137625058485664e-03
3.089999999999999858e+00 6.083771586418146651e-03
3.149999999999999911e+00 4.973138372103405591e-03
3.209999999999999964e+00 4.042809208234147446e-03
3.269999999999999574e+00 3.298868735631304075e-03
3.330000000000000071e+00 2.687672773996986619e-03
3.389999999999999680e+00 2.170850833257037364e-03
3.450000000000000178e+00 1.785655816396075884e-03
3.509999999999999787e+00 1.435478528340656179e-03
3.569999999999999840e+00 1.158565282821662863e-03
3.629999999999999893e+00 9.514391422271719842e-04
3.689999999999999503e+00 7.626911004384351496e-04
3.750000000000000000e+00 6.021310885747268703e-04
3.809999999999999609e+00 4.964570204416906109e-04
3.870000000000000107e+00 3.921488920847571256e-04
3.929999999999999716e+00 3.038595120112098707e-04
3.989999999999999769e+00 2.385427554448461178e-04
4.049999999999999822e+00 2.009173234303775603e-04
4.109999999999999432e+00 1.511226097742726410e-04
4.169999999999999929e+00 1.287708679834990966e-04
4.230000000000000426e+00 9.412566820780497636e-05
4.290000000000000036e+00 7.686515649159685200e-05
4.349999999999999645e+00 6.208817164103231213e-05
4.410000000000000142e+00 4.383424917856880448e-05
4.469999999999999751e+00 3.625949223836232754e-05
4.529999999999999361e+00 3.091990947723409001e-05
4.589999999999999858e+00 2.210338910420717268e-05
4.650000000000000355e+00 1.713633537292491650e-05
4.709999999999999964e+00 1.428027947743721922e-05
4.769999999999999574e+00 1.279016335805265519e-05
4.830000000000000071e+00 7.698933283488005986e-06
4.889999999999999680e+00 7.823109626769955157e-06
4.949999999999999289e+00 5.339582761128777936e-06
5.009999999999999787e+00 3.476937611897757800e-06
5.070000000000000284e+00 2.359350522359227627e-06
5.129999999999999893e+00 3.476937611897757800e-06
5.189999999999999503e+00 1.862645149230969101e-06
5.250000000000000000e+00 3.725290298461938415e-07
5.309999999999999609e+00 1.241763432820627786e-06
5.369999999999999218e+00 9.934107462565168400e-07
5.429999999999999716e+00 3.725290298461883358e-07
5.490000000000000213e+00 1.241763432820646050e-07
5.549999999999999822e+00 1.241763432820627786e-07
5.609999999999999432e+00 1.241763432820646050e-07
5.669999999999999929e+00 2.483526865641255572e-07
5.730000000000000426e+00 1.241763432820646050e-07
5.789999999999999147e+00 3.725290298461938415e-07
5.849999999999999645e+00 0.000000000000000000e+00
5.910000000000000142e+00 0.000000000000000000e+00
5.969999999999999751e+00 0.000000000000000000e+00
