2.999999999999999889e-02 9.610019839033927258e-02
8.999999999999999667e-02 1.619809653804418770e-01
1.499999999999999944e-01 2.419664268138454477e-01
2.099999999999999922e-01 3.233203115808040429e-01
2.700000000000000178e-01 4.040300936407617005e-01
3.299999999999999600e-01 4.800080118578476385e-01
3.900000000000000133e-01 5.496631188863716488e-01
4.499999999999999556e-01 6.109671182898285258e-01
5.100000000000000089e-01 6.629033783230438015e-01
5.700000000000000622e-01 7.043671020351454093e-01
6.299999999999998934e-01 7.345214650300478931e-01
6.899999999999999467e-01 7.535003294088012948e-01
7.500000000000000000e-01 7.630586794702406417e-01
8.100000000000000533e-01 7.619480462311026825e-01
8.699999999999998845e-01 7.517972508226223871e-01
9.299999999999999378e-01 7.337509508027589833e-01
9.899999999999999911e-01 7.079366752789164607e-01
1.050000000000000044e+00 6.778799148920153783e-01
1.109999999999999876e+00 6.428445522626283770e-01
1.169999999999999929e+00 6.042885418698108468e-01
1.229999999999999982e+00 5.642930792734959233e-01
1.290000000000000036e+00 5.226761219503622824e-01
1.349999999999999867e+00 4.813297448852845162e-01
1.409999999999999920e+00 4.403178988964878693e-01
1.469999999999999973e+00 3.996957182816200937e-01
1.530000000000000027e+00 3.612595380627505737e-01
1.589999999999999858e+00 3.247131976545332699e-01
1.649999999999999911e+00 2.900466387729337958e-01
1.709999999999999964e+00 2.579787182852833483e-01
1.770000000000000018e+00 2.284478447239370602e-01
1.829999999999999849e+00 2.009062762264321733e-01
1.889999999999999902e+00 1.762895573839693142e-01
1.949999999999999956e+00 1.540037527333540657e-01
2.009999999999999787e+00 1.339058111239280480e-01
2.070000000000000284e+00 1.156652992988319445e-01
2.129999999999999893e+00 9.983082835494831719e-02
2.189999999999999947e+00 8.599683834605358068e-02
2.250000000000000000e+00 7.372548347594670703e-02
2.309999999999999609e+00 6.258860370342286816e-02
2.370000000000000107e+00 5.348995447508884254e-02
2.429999999999999716e+00 4.510718188177700178e-02
2.490000000000000213e+00 3.831423904704088501e-02
2.549999999999999822e+00 3.222537609445148138e-02
2.609999999999999876e+00 2.701245308695273892e-02
2.669999999999999929e+00 2.267211726320049817e-02
2.729999999999999538e+00 1.894334994378224848e-02
2.790000000000000036e+00 1.578008170431039955e-02
2.849999999999999645e+00 1.311215290926240860e-02
2.910000000000000142e+00 1.083451036987351755e-02
2.969999999999999751e+00 8.969133299395930584e-03
3.030000000000000249e+00 7.384146418316451209e-03
3.089999999999999858e+00 6.050368285311540431e-03
3.149999999999999911e+00 4.949420801164707007e-03
3.209999999999999964e+00 4.068017096847674138e-03
3.269999999999999574e+00 3.280242357458124786e-03
3.330000000000000071e+00 2.713874043089313601e-03
3.389999999999999680e+00 2.231324762309397705e-03
3.450000000000000178e+00 1.754984298832362082e-03
3.509999999999999787e+00 1.461803945790318042e-03
3.569999999999999840e+00 1.175825820819625077e-03
3.629999999999999893e+00 9.331852406230241141e-04
3.689999999999999503e+00 7.428229021166906721e-04
3.750000000000000000e+00 5.931904051172570734e-04
3.809999999999999609e+00 4.794448721284758682e-04
3.870000000000000107e+00 3.885477868142971384e-04
3.929999999999999716e+00 3.048529295714603213e-04
3.989999999999999769e+00 2.454966361559191164e-04
4.049999999999999822e+00 1.991788590764231133e-04
4.109999999999999432e+00 1.521160239205872366e-04
4.169999999999999929e+00 1.239279933655051361e-04
4.230000000000000426e+00 1.030663672278264546e-04
4.290000000000000036e+00 8.133550666774136525e-05
4.349999999999999645e+00 6.059805687611965011e-05
4.410000000000000142e+00 4.706283515583882434e-05
4.469999999999999751e+00 4.135072323718758883e-05
4.529999999999999361e+00 3.079573382229031277e-05
4.589999999999999858e+00 2.458691651940884027e-05
4.650000000000000355e+00 1.701215940989424653e-05
4.709999999999999964e+00 1.490116152691444675e-05
4.769999999999999574e+00 9.934107684609779678e-06
4.830000000000000071e+00 8.195638839803067599e-06
4.889999999999999680e+00 7.698933455572464689e-06
4.949999999999999289e+00 4.718701150189645135e-06
5.009999999999999787e+00 4.346172112016714129e-06
5.070000000000000284e+00 2.483526921152444919e-06
5.129999999999999893e+00 3.104408651440510092e-06
5.189999999999999503e+00 2.110997882979577864e-06
5.250000000000000000e+00 1.738468844806711232e-06
5.309999999999999609e+00 8.692344224033428046e-07
5.369999999999999218e+00 8.692344224033556159e-07
5.429999999999999716e+00 6.208817302881020184e-07
5.490000000000000213e+00 7.450580763457334758e-07
5.549999999999999822e+00 6.208817302881020184e-07
5.609999999999999432e+00 1.241763460576222195e-07
5.669999999999999929e+00 1.241763460576203931e-07
5.730000000000000426e+00 0.000000000000000000e+00
5.789999999999999147e+00 1.241763460576222195e-07
5.849999999999999645e+00 0.000000000000000000e+00
5.910000000000000142e+00 1.241763460576222195e-07
5.969999999999999751e+00 0.000000000000000000e+00
