2.999999999999999889e-02 9.620674026166453618e-02
8.999999999999999667e-02 1.617539686095265106e-01
1.499999999999999944e-01 2.413876372679146787e-01
2.099999999999999922e-01 3.226436698633705635e-01
2.700000000000000178e-01 4.038536330351256143e-01
3.299999999999999600e-01 4.796557164166548315e-01
3.900000000000000133e-01 5.496023884634355650e-01
4.499999999999999556e-01 6.108254239769683736e-01
5.100000000000000089e-01 6.632885634647445183e-01
5.700000000000000622e-01 7.044969799952983669e-01
6.299999999999998934e-01 7.346217885709446227e-01
6.899999999999999467e-01 7.542113519277020561e-01
7.500000000000000000e-01 7.631113188697241645e-01
8.100000000000000533e-01 7.618988610448859111e-01
8.699999999999998845e-01 7.519466237620516802e-01
9.299999999999999378e-01 7.341982230608523619e-01
9.899999999999999911e-01 7.087085448854301140e-01
1.050000000000000044e+00 6.780322691651596845e-01
1.109999999999999876e+00 6.426112153327325771e-01
1.169999999999999929e+00 6.045692955794624845e-01
1.229999999999999982e+00 5.642861169895979634e-01
1.290000000000000036e+00 5.229504197062350146e-01
1.349999999999999867e+00 4.811773733385700802e-01
1.409999999999999920e+00 4.401959511652283052e-01
1.469999999999999973e+00 3.998616119215505638e-01
1.530000000000000027e+00 3.612987724043333904e-01
1.589999999999999858e+00 3.244423642092135185e-01
1.649999999999999911e+00 2.900520982100471823e-01
1.709999999999999964e+00 2.577835092280070795e-01
1.770000000000000018e+00 2.282792098443654494e-01
1.829999999999999849e+00 2.012317394308625329e-01
1.889999999999999902e+00 1.758828772297714171e-01
1.949999999999999956e+00 1.539524656083617049e-01
2.009999999999999787e+00 1.339424411501171086e-01
2.070000000000000284e+00 1.158688226034403496e-01
2.129999999999999893e+00 1.000245419643163436e-01
2.189999999999999947e+00 8.579827909021342514e-02
2.250000000000000000e+00 7.358615651915084710e-02
2.309999999999999609e+00 6.284775880114053248e-02
2.370000000000000107e+00 5.327351431007316257e-02
2.429999999999999716e+00 4.520652228499340980e-02
2.490000000000000213e+00 3.825227448035480732e-02
2.549999999999999822e+00 3.218092048302975683e-02
2.609999999999999876e+00 2.700140098980137113e-02
2.669999999999999929e+00 2.264939265436969468e-02
2.729999999999999538e+00 1.887654278832083532e-02
2.790000000000000036e+00 1.574233186052985400e-02
2.849999999999999645e+00 1.299853135892646908e-02
2.910000000000000142e+00 1.080768811807796513e-02
2.969999999999999751e+00 8.937095668939958049e-03
3.030000000000000249e+00 7.344409878137773962e-03
3.089999999999999858e+00 6.088614509169859926e-03
3.149999999999999911e+00 4.946067966118993138e-03
3.209999999999999964e+00 4.037966360931340842e-03
3.269999999999999574e+00 3.271922493516818149e-03
3.330000000000000071e+00 2.740199387621375989e-03
3.389999999999999680e+00 2.209966397856420392e-03
3.450000000000000178e+00 1.763552440431358096e-03
3.509999999999999787e+00 1.451621463782747394e-03
3.569999999999999840e+00 1.163408168877729616e-03
3.629999999999999893e+00 9.344269901595529020e-04
3.689999999999999503e+00 7.566064652547715031e-04
3.750000000000000000e+00 5.925695145569948160e-04
3.809999999999999609e+00 4.827976262777862286e-04
3.870000000000000107e+00 3.955016563000898289e-04
3.929999999999999716e+00 3.155320906306211047e-04
3.989999999999999769e+00 2.512087443312677345e-04
4.049999999999999822e+00 1.991788561084267947e-04
4.109999999999999432e+00 1.490116130487005629e-04
4.169999999999999929e+00 1.236796388304196273e-04
4.230000000000000426e+00 9.685754848165536860e-05
4.290000000000000036e+00 7.748603878532314834e-05
4.349999999999999645e+00 5.774200005637146948e-05
4.410000000000000142e+00 4.606942370088992728e-05
4.469999999999999751e+00 3.228584949388464627e-05
4.529999999999999361e+00 3.017485164236186290e-05
4.589999999999999858e+00 2.024074410578152790e-05
4.650000000000000355e+00 1.713633550060056433e-05
4.709999999999999964e+00 1.254181076493211191e-05
4.769999999999999574e+00 1.018246022499453955e-05
4.830000000000000071e+00 6.705522587191525466e-06
4.889999999999999680e+00 6.581346242984177555e-06
4.949999999999999289e+00 4.967053768290019272e-06
5.009999999999999787e+00 3.849466670424707994e-06
5.070000000000000284e+00 2.856055916766760721e-06
5.129999999999999893e+00 2.359350539937723981e-06
5.189999999999999503e+00 1.365939786279755321e-06
5.250000000000000000e+00 1.862645163108756909e-06
5.309999999999999609e+00 7.450580652434917946e-07
5.369999999999999218e+00 7.450580652435028061e-07
5.429999999999999716e+00 3.725290326217458973e-07
5.490000000000000213e+00 2.483526884145009530e-07
5.549999999999999822e+00 4.967053768289946003e-07
5.609999999999999432e+00 2.483526884145009530e-07
5.669999999999999929e+00 2.483526884144973002e-07
5.730000000000000426e+00 2.483526884145009530e-07
5.789999999999999147e+00 1.241763442072504765e-07
5.849999999999999645e+00 2.483526884144973002e-07
5.910000000000000142e+00 3.725290326217514030e-07
5.969999999999999751e+00 1.241763442072486501e-07
