2.999999999999999889e-02 9.660187010867203605e-02
8.999999999999999667e-02 1.619905257521647990e-01
1.499999999999999944e-01 2.416857864710557635e-01
2.099999999999999922e-01 3.237098503665603588e-01
2.700000000000000178e-01 4.035337577790085173e-01
3.299999999999999600e-01 4.803376964778358627e-01
3.900000000000000133e-01 5.498955729091501432e-01
4.499999999999999556e-01 6.110807350935648641e-01
5.100000000000000089e-01 6.627431858988078739e-01
5.700000000000000622e-01 7.043174262491485038e-01
6.299999999999998934e-01 7.345291584908347771e-01
6.899999999999999467e-01 7.536421331809275426e-01
7.500000000000000000e-01 7.635152702060623575e-01
8.100000000000000533e-01 7.622074449391290640e-01
8.699999999999998845e-01 7.514524075108636181e-01
9.299999999999999378e-01 7.337502002778175658e-01
9.899999999999999911e-01 7.086832181913133022e-01
1.050000000000000044e+00 6.771326165964093313e-01
1.109999999999999876e+00 6.422989166125511185e-01
1.169999999999999929e+00 6.044750502378992696e-01
1.229999999999999982e+00 5.637034857824958500e-01
1.290000000000000036e+00 5.227278995920419113e-01
1.349999999999999867e+00 4.805931272197728199e-01
1.409999999999999920e+00 4.396955237740600708e-01
1.469999999999999973e+00 3.996559788732124696e-01
1.530000000000000027e+00 3.612415298011130704e-01
1.589999999999999858e+00 3.246016848773023988e-01
1.649999999999999911e+00 2.900650147109974930e-01
1.709999999999999964e+00 2.583144892004302640e-01
1.770000000000000018e+00 2.281582637850191053e-01
1.829999999999999849e+00 2.011387328476516578e-01
1.889999999999999902e+00 1.765783902492877588e-01
1.949999999999999956e+00 1.537902924486540257e-01
2.009999999999999787e+00 1.337723205552346362e-01
2.070000000000000284e+00 1.160621660361015745e-01
2.129999999999999893e+00 1.000995452220172499e-01
2.189999999999999947e+00 8.617428570252146092e-02
2.250000000000000000e+00 7.371517629000304273e-02
2.309999999999999609e+00 6.286303295984412010e-02
2.370000000000000107e+00 5.327214876719532644e-02
2.429999999999999716e+00 4.513139593300313085e-02
2.490000000000000213e+00 3.824718353520603631e-02
2.549999999999999822e+00 3.225542652987576503e-02
2.609999999999999876e+00 2.713191052971167944e-02
2.669999999999999929e+00 2.269446883640389642e-02
2.729999999999999538e+00 1.893912780690878636e-02
2.790000000000000036e+00 1.576071007689896705e-02
2.849999999999999645e+00 1.311761657075508070e-02
2.910000000000000142e+00 1.088306324009690428e-02
2.969999999999999751e+00 8.935357266694655617e-03
3.030000000000000249e+00 7.359186917928653426e-03
3.089999999999999858e+00 6.058067173630995311e-03
3.149999999999999911e+00 4.978353852704505561e-03
3.209999999999999964e+00 4.061808249281962345e-03
3.269999999999999574e+00 3.293280849257319842e-03
3.330000000000000071e+00 2.707044323887092523e-03
3.389999999999999680e+00 2.209842237976820598e-03
3.450000000000000178e+00 1.773114032146045271e-03
3.509999999999999787e+00 1.444543422925621346e-03
3.569999999999999840e+00 1.157199360289174394e-03
3.629999999999999893e+00 9.467204552896877484e-04
3.689999999999999503e+00 7.583449397237831523e-04
3.750000000000000000e+00 6.056080352108875837e-04
3.809999999999999609e+00 4.984438493615958110e-04
3.870000000000000107e+00 3.761301494061469242e-04
3.929999999999999716e+00 3.221134392735374775e-04
3.989999999999999769e+00 2.551823892471567073e-04
4.049999999999999822e+00 2.061327329198412838e-04
4.109999999999999432e+00 1.594424271500482517e-04
4.169999999999999929e+00 1.240521687873020714e-04
4.230000000000000426e+00 9.909272341568421444e-05
4.290000000000000036e+00 8.009374261042025329e-05
4.349999999999999645e+00 5.972882200870188453e-05
4.410000000000000142e+00 5.513429723880173904e-05
4.469999999999999751e+00 3.799796161052496106e-05
4.529999999999999361e+00 3.265837876983075817e-05
4.589999999999999858e+00 2.309680019463281847e-05
4.650000000000000355e+00 1.812974638933570866e-05
4.709999999999999964e+00 1.688798293801109155e-05
4.769999999999999574e+00 9.561578575197599193e-06
4.830000000000000071e+00 7.078051672548871492e-06
4.889999999999999680e+00 7.078051672548767307e-06
4.949999999999999289e+00 4.718701115032581277e-06
5.009999999999999787e+00 3.849466699105469746e-06
5.070000000000000284e+00 3.601114008840654066e-06
5.129999999999999893e+00 2.235174212383820965e-06
5.189999999999999503e+00 1.490116141589236282e-06
5.250000000000000000e+00 1.365939796456799854e-06
5.309999999999999609e+00 1.738468831854083090e-06
5.369999999999999218e+00 1.365939796456799854e-06
5.429999999999999716e+00 6.208817256621726079e-07
5.490000000000000213e+00 6.208817256621818194e-07
5.549999999999999822e+00 6.208817256621726079e-07
5.609999999999999432e+00 1.241763451324363480e-07
5.669999999999999929e+00 3.725290353973035648e-07
5.730000000000000426e+00 1.241763451324363480e-07
5.789999999999999147e+00 0.000000000000000000e+00
5.849999999999999645e+00 1.241763451324345216e-07
5.910000000000000142e+00 2.483526902648726960e-07
5.969999999999999751e+00 1.241763451324345216e-07
