2.999999999999999889e-02 9.623082975546519424e-02
8.999999999999999667e-02 1.617323607206344604e-01
1.499999999999999944e-01 2.413141230742136822e-01
2.099999999999999922e-01 3.229447950919469568e-01
2.700000000000000178e-01 4.039448996384938928e-01
3.299999999999999600e-01 4.796106368303298950e-01
3.900000000000000133e-01 5.502281089623769494e-01
4.499999999999999556e-01 6.108547250429789965e-01
5.100000000000000089e-01 6.626871724923445450e-01
5.700000000000000622e-01 7.039164503415432650e-01
6.299999999999998934e-01 7.346762965122866085e-01
6.899999999999999467e-01 7.541025678316745084e-01
7.500000000000000000e-01 7.633879780769341483e-01
8.100000000000000533e-01 7.619479050238934237e-01
8.699999999999998845e-01 7.517101864020037105e-01
9.299999999999999378e-01 7.334208736817035001e-01
9.899999999999999911e-01 7.088489830493920341e-01
1.050000000000000044e+00 6.777620563904438455e-01
1.109999999999999876e+00 6.435127307971336696e-01
1.169999999999999929e+00 6.048022458950672586e-01
1.229999999999999982e+00 5.641579627990717105e-01
1.290000000000000036e+00 5.229223519563689360e-01
1.349999999999999867e+00 4.813585430383677810e-01
1.409999999999999920e+00 4.396524280309673238e-01
1.469999999999999973e+00 4.003524780273434169e-01
1.530000000000000027e+00 3.614182273546851509e-01
1.589999999999999858e+00 3.245125214258838819e-01
1.649999999999999911e+00 2.898945162693656874e-01
1.709999999999999964e+00 2.579068144162493526e-01
1.770000000000000018e+00 2.284535517295208096e-01
1.829999999999999849e+00 2.008903771638868574e-01
1.889999999999999902e+00 1.763544976711271528e-01
1.949999999999999956e+00 1.538870235284168220e-01
2.009999999999999787e+00 1.337592800458271003e-01
2.070000000000000284e+00 1.158917943636575271e-01
2.129999999999999893e+00 9.998083114624015111e-02
2.189999999999999947e+00 8.573780457178807601e-02
2.250000000000000000e+00 7.349587976932518696e-02
2.309999999999999609e+00 6.267676750818883258e-02
2.370000000000000107e+00 5.347902576128636676e-02
2.429999999999999716e+00 4.533628622690832888e-02
2.490000000000000213e+00 3.814982871214545046e-02
2.549999999999999822e+00 3.210095067818957010e-02
2.609999999999999876e+00 2.697519958019274286e-02
2.669999999999999929e+00 2.257985373338061708e-02
2.729999999999999538e+00 1.889442404111224549e-02
2.790000000000000036e+00 1.568074027697244008e-02
2.849999999999999645e+00 1.301690936088560797e-02
2.910000000000000142e+00 1.083115736643472382e-02
2.969999999999999751e+00 8.981799085934948773e-03
3.030000000000000249e+00 7.333482305208835310e-03
3.089999999999999858e+00 6.022801001866653035e-03
3.149999999999999911e+00 4.960348208745353309e-03
3.209999999999999964e+00 4.121040304501847641e-03
3.269999999999999574e+00 3.316377600034075071e-03
3.330000000000000071e+00 2.709155281384783513e-03
3.389999999999999680e+00 2.223004897435504161e-03
3.450000000000000178e+00 1.781185468037921587e-03
3.509999999999999787e+00 1.435478528340656179e-03
3.569999999999999840e+00 1.172597209612536145e-03
3.629999999999999893e+00 9.292115767796825998e-04
3.689999999999999503e+00 7.366140683492018596e-04
3.750000000000000000e+00 6.089607874552403072e-04
3.809999999999999609e+00 4.919866720835363140e-04
3.870000000000000107e+00 3.802279631296790006e-04
3.929999999999999716e+00 3.074606259663896848e-04
3.989999999999999769e+00 2.469867467880265286e-04
4.049999999999999822e+00 1.999239126841210589e-04
4.109999999999999432e+00 1.559654871622731564e-04
4.169999999999999929e+00 1.243005196253448269e-04
4.230000000000000426e+00 9.735425313313865328e-05
4.290000000000000036e+00 7.624427477518654203e-05
4.349999999999999645e+00 6.183981895446818001e-05
4.410000000000000142e+00 4.979471365610790764e-05
4.469999999999999751e+00 3.315508365631075733e-05
4.529999999999999361e+00 2.483526865641292079e-05
4.589999999999999858e+00 2.235174179077129803e-05
4.650000000000000355e+00 1.788139343261730270e-05
4.709999999999999964e+00 1.452863216400134457e-05
4.769999999999999574e+00 1.018246014912929840e-05
4.830000000000000071e+00 7.574756940205941620e-06
4.889999999999999680e+00 6.829698880513452081e-06
4.949999999999999289e+00 5.215406417846713569e-06
5.009999999999999787e+00 4.221995671590134260e-06
5.070000000000000284e+00 3.601113955179873836e-06
5.129999999999999893e+00 1.738468805948878900e-06
5.189999999999999503e+00 1.738468805948904523e-06
5.250000000000000000e+00 9.934107462565168400e-07
5.309999999999999609e+00 7.450580596923766715e-07
5.369999999999999218e+00 7.450580596923876829e-07
5.429999999999999716e+00 8.692344029744394501e-07
5.490000000000000213e+00 2.483526865641292100e-07
5.549999999999999822e+00 1.241763432820627786e-07
5.609999999999999432e+00 3.725290298461938415e-07
5.669999999999999929e+00 1.241763432820627786e-07
5.730000000000000426e+00 1.241763432820646050e-07
5.789999999999999147e+00 3.725290298461938415e-07
5.849999999999999645e+00 0.000000000000000000e+00
5.910000000000000142e+00 0.000000000000000000e+00
5.969999999999999751e+00 0.000000000000000000e+00
