2.999999999999999889e-02 9.621369413694015604e-02
8.999999999999999667e-02 1.619381221279858896e-01
1.499999999999999944e-01 2.413440513710979340e-01
2.099999999999999922e-01 3.233861202253857092e-01
2.700000000000000178e-01 4.037437369705021983e-01
3.299999999999999600e-01 4.799724902707275809e-01
3.900000000000000133e-01 5.495868664204095477e-01
4.499999999999999556e-01 6.113244887043374209e-01
5.100000000000000089e-01 6.628923167503791847e-01
5.700000000000000622e-01 7.043412628596624758e-01
6.299999999999998934e-01 7.349897230788305924e-01
6.899999999999999467e-01 7.541156119663182666e-01
7.500000000000000000e-01 7.623074012173264302e-01
8.100000000000000533e-01 7.620363242579233365e-01
8.699999999999998845e-01 7.518757190695093406e-01
9.299999999999999378e-01 7.332156156491402843e-01
9.899999999999999911e-01 7.081915987644954447e-01
1.050000000000000044e+00 6.779762656339222149e-01
1.109999999999999876e+00 6.427448290790994667e-01
1.169999999999999929e+00 6.041718071016550784e-01
1.229999999999999982e+00 5.643593810326803517e-01
1.290000000000000036e+00 5.231687217193513595e-01
1.349999999999999867e+00 4.812909946935197136e-01
1.409999999999999920e+00 4.401639136684228348e-01
1.469999999999999973e+00 4.001401394616074247e-01
1.530000000000000027e+00 3.614929842066735843e-01
1.589999999999999858e+00 3.246308638997201235e-01
1.649999999999999911e+00 2.904967736986533433e-01
1.709999999999999964e+00 2.579551209357014985e-01
1.770000000000000018e+00 2.279729909795503717e-01
1.829999999999999849e+00 2.010462199726169019e-01
1.889999999999999902e+00 1.762706799527306578e-01
1.949999999999999956e+00 1.538666597545144954e-01
2.009999999999999787e+00 1.337677250338175083e-01
2.070000000000000284e+00 1.158470917432040809e-01
2.129999999999999893e+00 9.993935699219017033e-02
2.189999999999999947e+00 8.584236169240701264e-02
2.250000000000000000e+00 7.342932179641709078e-02
2.309999999999999609e+00 6.266422616440220361e-02
2.370000000000000107e+00 5.338254114028713471e-02
2.429999999999999716e+00 4.524948730008911818e-02
2.490000000000000213e+00 3.818385331469661276e-02
2.549999999999999822e+00 3.220823927875535869e-02
2.609999999999999876e+00 2.700922409948642786e-02
2.669999999999999929e+00 2.269608295979162402e-02
2.729999999999999538e+00 1.894583318838847716e-02
2.790000000000000036e+00 1.569862178736890559e-02
2.849999999999999645e+00 1.306347558694685891e-02
2.910000000000000142e+00 1.083165415250996258e-02
2.969999999999999751e+00 8.993844258242671141e-03
3.030000000000000249e+00 7.334848299633816605e-03
3.089999999999999858e+00 6.047263786548845790e-03
3.149999999999999911e+00 4.964942770438495953e-03
3.209999999999999964e+00 4.072487384620956247e-03
3.269999999999999574e+00 3.311162218286309473e-03
3.330000000000000071e+00 2.678980449927201909e-03
3.389999999999999680e+00 2.181902544065581970e-03
3.450000000000000178e+00 1.793727292073719762e-03
3.509999999999999787e+00 1.478319377787305853e-03
3.569999999999999840e+00 1.164029050598766081e-03
3.629999999999999893e+00 9.262313514418744247e-04
3.689999999999999503e+00 7.652988093492789790e-04
3.750000000000000000e+00 6.015102113399167913e-04
3.809999999999999609e+00 4.887580907997342121e-04
3.870000000000000107e+00 3.814697294046706178e-04
3.929999999999999716e+00 3.135452691233051644e-04
3.989999999999999769e+00 2.551823873458997235e-04
4.049999999999999822e+00 2.001722668620847920e-04
4.109999999999999432e+00 1.577039571432081201e-04
4.169999999999999929e+00 1.214444646346891606e-04
4.230000000000000426e+00 9.400149256488861296e-05
4.290000000000000036e+00 8.021791835788261366e-05
4.349999999999999645e+00 6.022552694051647615e-05
4.410000000000000142e+00 4.855295058503493396e-05
4.469999999999999751e+00 3.750125595058908439e-05
4.529999999999999361e+00 3.054738067498361187e-05
4.589999999999999858e+00 2.260009464571925103e-05
4.650000000000000355e+00 1.961986238474557439e-05
4.709999999999999964e+00 1.229345807651761429e-05
4.769999999999999574e+00 1.043081291340903886e-05
4.830000000000000071e+00 7.947286029264030496e-06
4.889999999999999680e+00 5.712111833533436739e-06
4.949999999999999289e+00 4.718701079875518266e-06
5.009999999999999787e+00 4.967053768289945580e-06
5.070000000000000284e+00 2.856055916766760721e-06
5.129999999999999893e+00 1.365939786279734992e-06
5.189999999999999503e+00 1.738468818901506618e-06
5.250000000000000000e+00 1.862645163108756909e-06
5.309999999999999609e+00 7.450580652434917946e-07
5.369999999999999218e+00 7.450580652435028061e-07
5.429999999999999716e+00 2.483526884144973002e-07
5.490000000000000213e+00 4.967053768290019060e-07
5.549999999999999822e+00 8.692344094507404977e-07
5.609999999999999432e+00 0.000000000000000000e+00
5.669999999999999929e+00 0.000000000000000000e+00
5.730000000000000426e+00 6.208817210362524090e-07
5.789999999999999147e+00 1.241763442072504765e-07
5.849999999999999645e+00 1.241763442072486501e-07
5.910000000000000142e+00 1.241763442072504765e-07
5.969999999999999751e+00 0.000000000000000000e+00
