2.999999999999999889e-02 9.634668700158612042e-02
8.999999999999999667e-02 1.615441105878162864e-01
1.499999999999999944e-01 2.413218238054848641e-01
2.099999999999999922e-01 3.230219110078259015e-01
2.700000000000000178e-01 4.035316437745961604e-01
3.299999999999999600e-01 4.798475688684550322e-01
3.900000000000000133e-01 5.495488684590821293e-01
4.499999999999999556e-01 6.109006748415579668e-01
5.100000000000000089e-01 6.630501448838665990e-01
5.700000000000000622e-01 7.042784296294936075e-01
6.299999999999998934e-01 7.341032281575351481e-01
6.899999999999999467e-01 7.541655308566895810e-01
7.500000000000000000e-01 7.635201073948543193e-01
8.100000000000000533e-01 7.619003511610163981e-01
8.699999999999998845e-01 7.522107468461805002e-01
9.299999999999999378e-01 7.338377391336186051e-01
9.899999999999999911e-01 7.085443837583882409e-01
1.050000000000000044e+00 6.779859513887703804e-01
1.109999999999999876e+00 6.428177205931492333e-01
1.169999999999999929e+00 6.046377167451205681e-01
1.229999999999999982e+00 5.641001008259756144e-01
1.290000000000000036e+00 5.231571733193400853e-01
1.349999999999999867e+00 4.813766763710227159e-01
1.409999999999999920e+00 4.403659485804480300e-01
1.469999999999999973e+00 3.999110341065450491e-01
1.530000000000000027e+00 3.617588457596212503e-01
1.589999999999999858e+00 3.244171564113394468e-01
1.649999999999999911e+00 2.901854636037257684e-01
1.709999999999999964e+00 2.579459318862301620e-01
1.770000000000000018e+00 2.281052387861310926e-01
1.829999999999999849e+00 2.010607486048891501e-01
1.889999999999999902e+00 1.764410498969830321e-01
1.949999999999999956e+00 1.539137225889690430e-01
2.009999999999999787e+00 1.338806013307018983e-01
2.070000000000000284e+00 1.158721753647339453e-01
2.129999999999999893e+00 9.960457756820742525e-02
2.189999999999999947e+00 8.580920660850367698e-02
2.250000000000000000e+00 7.352257823091673528e-02
2.309999999999999609e+00 6.274394737738325789e-02
2.370000000000000107e+00 5.332914531227801735e-02
2.429999999999999716e+00 4.507948988486939340e-02
2.490000000000000213e+00 3.819018630825118249e-02
2.549999999999999822e+00 3.222450637984650146e-02
2.609999999999999876e+00 2.695408980265840901e-02
2.669999999999999929e+00 2.263958272317732542e-02
2.729999999999999538e+00 1.883072171730836020e-02
2.790000000000000036e+00 1.574866485408442374e-02
2.849999999999999645e+00 1.307638992674441461e-02
2.910000000000000142e+00 1.076199122340969552e-02
2.969999999999999751e+00 8.896241651695772912e-03
3.030000000000000249e+00 7.342174703942043468e-03
3.089999999999999858e+00 6.133938874805506050e-03
3.149999999999999911e+00 4.947558082249480134e-03
3.209999999999999964e+00 4.058207105037123404e-03
3.269999999999999574e+00 3.303711637633874494e-03
3.330000000000000071e+00 2.671529869274766929e-03
3.389999999999999680e+00 2.192705886011612690e-03
3.450000000000000178e+00 1.777832720015191806e-03
3.509999999999999787e+00 1.420949906763556729e-03
3.569999999999999840e+00 1.148134478540237691e-03
3.629999999999999893e+00 9.372830460763195357e-04
3.689999999999999503e+00 7.588416394505019969e-04
3.750000000000000000e+00 6.058563833871706376e-04
3.809999999999999609e+00 4.866470929482109679e-04
3.870000000000000107e+00 3.912796605970433406e-04
3.929999999999999716e+00 3.037353379309323874e-04
3.989999999999999769e+00 2.406537550736514053e-04
4.049999999999999822e+00 1.986821507315978232e-04
4.109999999999999432e+00 1.580764861758298691e-04
4.169999999999999929e+00 1.234312861420051551e-04
4.230000000000000426e+00 1.007070151520801350e-04
4.290000000000000036e+00 7.624427534325066533e-05
4.349999999999999645e+00 5.861123446582222385e-05
4.410000000000000142e+00 4.755953983137692993e-05
4.469999999999999751e+00 3.315508390333538031e-05
4.529999999999999361e+00 2.942979357711836158e-05
4.589999999999999858e+00 2.446273980882798232e-05
4.650000000000000355e+00 1.663963012377156570e-05
4.709999999999999964e+00 1.279016345334660953e-05
4.769999999999999574e+00 1.067916560182353987e-05
4.830000000000000071e+00 9.064873127129285870e-06
4.889999999999999680e+00 7.078051619813171943e-06
4.949999999999999289e+00 4.594524735668267763e-06
5.009999999999999787e+00 3.228584949388464373e-06
5.070000000000000284e+00 2.856055916766760721e-06
5.129999999999999893e+00 2.110997851523226787e-06
5.189999999999999503e+00 1.614292474694256115e-06
5.250000000000000000e+00 1.614292474694256115e-06
5.309999999999999609e+00 1.117587097865237586e-06
5.369999999999999218e+00 8.692344094507533090e-07
5.429999999999999716e+00 8.692344094507404977e-07
5.490000000000000213e+00 8.692344094507533090e-07
5.549999999999999822e+00 2.483526884144973002e-07
5.609999999999999432e+00 0.000000000000000000e+00
5.669999999999999929e+00 1.241763442072486501e-07
5.730000000000000426e+00 2.483526884145009530e-07
5.789999999999999147e+00 0.000000000000000000e+00
5.849999999999999645e+00 1.241763442072486501e-07
5.910000000000000142e+00 0.000000000000000000e+00
5.969999999999999751e+00 0.000000000000000000e+00
