2.999999999999999889e-02 9.620686515480576795e-02
8.999999999999999667e-02 1.617000772809000508e-01
1.499999999999999944e-01 2.415799882250029285e-01
2.099999999999999922e-01 3.233903446305346763e-01
2.700000000000000178e-01 4.043664843494666483e-01
3.299999999999999600e-01 4.800694755723498020e-01
3.900000000000000133e-01 5.498721035799201129e-01
4.499999999999999556e-01 6.115300051102540158e-01
5.100000000000000089e-01 6.624942123268172667e-01
5.700000000000000622e-01 7.040459767586889628e-01
6.299999999999998934e-01 7.342251747979505749e-01
6.899999999999999467e-01 7.543264690189523947e-01
7.500000000000000000e-01 7.625260814407374133e-01
8.100000000000000533e-01 7.620734586627310181e-01
8.699999999999998845e-01 7.512102636378553688e-01
9.299999999999999378e-01 7.338700304508704031e-01
9.899999999999999911e-01 7.087655471081361069e-01
1.050000000000000044e+00 6.778859944823277806e-01
1.109999999999999876e+00 6.427101886676297449e-01
1.169999999999999929e+00 6.041692038998380809e-01
1.229999999999999982e+00 5.642119879158131734e-01
1.290000000000000036e+00 5.228104768615550180e-01
1.349999999999999867e+00 4.813538315100541198e-01
1.409999999999999920e+00 4.396911776019804541e-01
1.469999999999999973e+00 4.000852564983352622e-01
1.530000000000000027e+00 3.612493529108564139e-01
1.589999999999999858e+00 3.244088390133118005e-01
1.649999999999999911e+00 2.903123739905013045e-01
1.709999999999999964e+00 2.579143930164135567e-01
1.770000000000000018e+00 2.281136844771165795e-01
1.829999999999999849e+00 2.012781828832354014e-01
1.889999999999999902e+00 1.764478809105536061e-01
1.949999999999999956e+00 1.537527911924240209e-01
2.009999999999999787e+00 1.338411142504380147e-01
2.070000000000000284e+00 1.158749081076418525e-01
2.129999999999999893e+00 9.985094417906212327e-02
2.189999999999999947e+00 8.587328224192043724e-02
2.250000000000000000e+00 7.359559446964050733e-02
2.309999999999999609e+00 6.290028586338385075e-02
2.370000000000000107e+00 5.342103620500911892e-02
2.429999999999999716e+00 4.524141617479045946e-02
2.490000000000000213e+00 3.822085815003796461e-02
2.549999999999999822e+00 3.221867033171656874e-02
2.609999999999999876e+00 2.708137075724277934e-02
2.669999999999999929e+00 2.259401017319176072e-02
2.729999999999999538e+00 1.895204214680255850e-02
2.790000000000000036e+00 1.580094321272187616e-02
2.849999999999999645e+00 1.309687912111796512e-02
2.910000000000000142e+00 1.080880578570771015e-02
2.969999999999999751e+00 8.934363855933595555e-03
3.030000000000000249e+00 7.398550819335635194e-03
3.089999999999999858e+00 6.057073762869935249e-03
3.149999999999999911e+00 4.982700024784141382e-03
3.209999999999999964e+00 4.057462077202328259e-03
3.269999999999999574e+00 3.316253473106820556e-03
3.330000000000000071e+00 2.702573975462324845e-03
3.389999999999999680e+00 2.178425622658314558e-03
3.450000000000000178e+00 1.745919412562042111e-03
3.509999999999999787e+00 1.441314837952177878e-03
3.569999999999999840e+00 1.166885115209504364e-03
3.629999999999999893e+00 9.460995735640255347e-04
3.689999999999999503e+00 7.490317138388504891e-04
3.750000000000000000e+00 6.201366675913825384e-04
3.809999999999999609e+00 4.746019910961681932e-04
3.870000000000000107e+00 3.880510785388606790e-04
3.929999999999999716e+00 3.094474520700291097e-04
3.989999999999999769e+00 2.471109268135483089e-04
4.049999999999999822e+00 1.940876274419951568e-04
4.109999999999999432e+00 1.578281346633265991e-04
4.169999999999999929e+00 1.200785257430641667e-04
4.230000000000000426e+00 9.226302443340020267e-05
4.290000000000000036e+00 7.698933398210940169e-05
4.349999999999999645e+00 6.544093388479395638e-05
4.410000000000000142e+00 4.954636170784210722e-05
4.469999999999999751e+00 3.688037450433304825e-05
4.529999999999999361e+00 2.905726476099010580e-05
4.589999999999999858e+00 2.582867978754637710e-05
4.650000000000000355e+00 1.825392273446814191e-05
4.709999999999999964e+00 1.328686892917049169e-05
4.769999999999999574e+00 1.216928182297876184e-05
4.830000000000000071e+00 1.043081299112465228e-05
4.889999999999999680e+00 5.339582840694684005e-06
4.949999999999999289e+00 5.463759185827199418e-06
5.009999999999999787e+00 4.594524769900076875e-06
5.070000000000000284e+00 2.359350557516290639e-06
5.129999999999999893e+00 2.731879592913559051e-06
5.189999999999999503e+00 1.490116141589236282e-06
5.250000000000000000e+00 1.490116141589236282e-06
5.309999999999999609e+00 1.241763451324345216e-06
5.369999999999999218e+00 6.208817256621818194e-07
5.429999999999999716e+00 4.967053805297380863e-07
5.490000000000000213e+00 6.208817256621818194e-07
5.549999999999999822e+00 6.208817256621726079e-07
5.609999999999999432e+00 3.725290353973090705e-07
5.669999999999999929e+00 2.483526902648690432e-07
5.730000000000000426e+00 3.725290353973090705e-07
5.789999999999999147e+00 0.000000000000000000e+00
5.849999999999999645e+00 1.241763451324345216e-07
5.910000000000000142e+00 0.000000000000000000e+00
5.969999999999999751e+00 0.000000000000000000e+00
