2.999999999999999889e-02 9.623840666350140516e-02
8.999999999999999667e-02 1.616783476250994445e-01
1.499999999999999944e-01 2.414430235152125737e-01
2.099999999999999922e-01 3.228372655946398773e-01
2.700000000000000178e-01 4.034994881140575029e-01
3.299999999999999600e-01 4.797825076134070166e-01
3.900000000000000133e-01 5.500032378982234738e-01
4.499999999999999556e-01 6.108433144728090403e-01
5.100000000000000089e-01 6.623524078755861355e-01
5.700000000000000622e-01 7.043883361903212625e-01
6.299999999999998934e-01 7.346441512599528600e-01
6.899999999999999467e-01 7.548219382598925220e-01
7.500000000000000000e-01 7.638024957831257566e-01
8.100000000000000533e-01 7.622424683476053398e-01
8.699999999999998845e-01 7.513314653485603234e-01
9.299999999999999378e-01 7.340397849836890476e-01
9.899999999999999911e-01 7.082666118303916347e-01
1.050000000000000044e+00 6.780075681757625761e-01
1.109999999999999876e+00 6.431828086292893376e-01
1.169999999999999929e+00 6.044911976665768849e-01
1.229999999999999982e+00 5.643929170557262509e-01
1.290000000000000036e+00 5.230040716803004974e-01
1.349999999999999867e+00 4.809375959844345294e-01
1.409999999999999920e+00 4.400725264366780465e-01
1.469999999999999973e+00 3.995777507528653349e-01
1.530000000000000027e+00 3.613847078195766560e-01
1.589999999999999858e+00 3.241000148577007356e-01
1.649999999999999911e+00 2.900745784507967606e-01
1.709999999999999964e+00 2.581447420599624065e-01
1.770000000000000018e+00 2.282402218733287080e-01
1.829999999999999849e+00 2.012874976088290802e-01
1.889999999999999902e+00 1.763016024895368850e-01
1.949999999999999956e+00 1.538388465457895538e-01
2.009999999999999787e+00 1.338567614672352968e-01
2.070000000000000284e+00 1.160103853645260835e-01
2.129999999999999893e+00 1.000084005298107204e-01
2.189999999999999947e+00 8.570912175223807661e-02
2.250000000000000000e+00 7.347588902037088809e-02
2.309999999999999609e+00 6.266261280567321512e-02
2.370000000000000107e+00 5.324023584316697061e-02
2.429999999999999716e+00 4.516815246769129155e-02
2.490000000000000213e+00 3.827239161841946430e-02
2.549999999999999822e+00 3.217744402487323491e-02
2.609999999999999876e+00 2.695384185161353932e-02
2.669999999999999929e+00 2.266168645013165797e-02
2.729999999999999538e+00 1.885543309077345256e-02
2.790000000000000036e+00 1.568459009419208988e-02
2.849999999999999645e+00 1.309998362734876055e-02
2.910000000000000142e+00 1.079216623586786751e-02
2.969999999999999751e+00 9.068350199895970631e-03
3.030000000000000249e+00 7.410844332718840091e-03
3.089999999999999858e+00 6.024415428985497277e-03
3.149999999999999911e+00 4.950910917317398463e-03
3.209999999999999964e+00 4.072735797997863172e-03
3.269999999999999574e+00 3.302966628786669495e-03
3.330000000000000071e+00 2.734238963842763794e-03
3.389999999999999680e+00 2.168988236588471202e-03
3.450000000000000178e+00 1.788511912267919850e-03
3.509999999999999787e+00 1.441066495998695202e-03
3.569999999999999840e+00 1.176074173511740175e-03
3.629999999999999893e+00 9.171664919815909582e-04
3.689999999999999503e+00 7.671614659439844955e-04
3.750000000000000000e+00 6.008893385728295618e-04
3.809999999999999609e+00 4.778305796297268085e-04
3.870000000000000107e+00 3.849466727786261008e-04
3.929999999999999716e+00 3.151595662942429125e-04
3.989999999999999769e+00 2.379218790464042042e-04
4.049999999999999822e+00 1.834084631271053266e-04
4.109999999999999432e+00 1.615534262209665235e-04
4.169999999999999929e+00 1.223137008667560764e-04
4.230000000000000426e+00 1.005828403066740093e-04
4.290000000000000036e+00 8.419156262706663403e-05
4.349999999999999645e+00 6.370246552756020678e-05
4.410000000000000142e+00 4.892548034670316512e-05
4.469999999999999751e+00 3.737708016334374134e-05
4.529999999999999361e+00 3.203749728286653544e-05
4.589999999999999858e+00 2.458691651940884027e-05
4.650000000000000355e+00 1.850227556258571306e-05
4.709999999999999964e+00 1.552204325720254961e-05
4.769999999999999574e+00 1.167257652941649006e-05
4.830000000000000071e+00 8.443991531918311456e-06
4.889999999999999680e+00 6.581346341053880887e-06
4.949999999999999289e+00 6.705522687111601071e-06
5.009999999999999787e+00 4.718701150189574831e-06
5.070000000000000284e+00 2.731879613267689200e-06
5.129999999999999893e+00 2.235174229037167181e-06
5.189999999999999503e+00 2.856055959325311128e-06
5.250000000000000000e+00 1.490116152691466952e-06
5.309999999999999609e+00 8.692344224033428046e-07
5.369999999999999218e+00 8.692344224033556159e-07
5.429999999999999716e+00 2.483526921152407862e-07
5.490000000000000213e+00 1.241763460576222195e-07
5.549999999999999822e+00 1.241763460576203931e-07
5.609999999999999432e+00 2.483526921152444390e-07
5.669999999999999929e+00 2.483526921152407862e-07
5.730000000000000426e+00 2.483526921152444390e-07
5.789999999999999147e+00 1.241763460576222195e-07
5.849999999999999645e+00 0.000000000000000000e+00
5.910000000000000142e+00 1.241763460576222195e-07
5.969999999999999751e+00 1.241763460576203931e-07
