2.999999999999999889e-02 9.619680687085004067e-02
8.999999999999999667e-02 1.619740102982622221e-01
1.499999999999999944e-01 2.414417799528705277e-01
2.099999999999999922e-01 3.232769716274286886e-01
2.700000000000000178e-01 4.039822827376268743e-01
3.299999999999999600e-01 4.801026306565001622e-01
3.900000000000000133e-01 5.494780920368148580e-01
4.499999999999999556e-01 6.110496910072816812e-01
5.100000000000000089e-01 6.627484013053034362e-01
5.700000000000000622e-01 7.038952266756982601e-01
6.299999999999998934e-01 7.342289000883045480e-01
6.899999999999999467e-01 7.542327158783774799e-01
7.500000000000000000e-01 7.632703944534612317e-01
8.100000000000000533e-01 7.618962590182271066e-01
8.699999999999998845e-01 7.518700125595439987e-01
9.299999999999999378e-01 7.333581755562345039e-01
9.899999999999999911e-01 7.083904103694910193e-01
1.050000000000000044e+00 6.777347476939564741e-01
1.109999999999999876e+00 6.429837491559565743e-01
1.169999999999999929e+00 6.044885854595186681e-01
1.229999999999999982e+00 5.643140608715120354e-01
1.290000000000000036e+00 5.231314727137224008e-01
1.349999999999999867e+00 4.809595716142586186e-01
1.409999999999999920e+00 4.402820086521205822e-01
1.469999999999999973e+00 3.999938627083178266e-01
1.530000000000000027e+00 3.612089955986882983e-01
1.589999999999999858e+00 3.248355089351868119e-01
1.649999999999999911e+00 2.900773081691656041e-01
1.709999999999999964e+00 2.582900264604391372e-01
1.770000000000000018e+00 2.283968065440185324e-01
1.829999999999999849e+00 2.012457728571558357e-01
1.889999999999999902e+00 1.762066062719612469e-01
1.949999999999999956e+00 1.539784196115296655e-01
2.009999999999999787e+00 1.336445430960933600e-01
2.070000000000000284e+00 1.160149790249512397e-01
2.129999999999999893e+00 9.994171708735394288e-02
2.189999999999999947e+00 8.583168316630106209e-02
2.250000000000000000e+00 7.335332642028713490e-02
2.309999999999999609e+00 6.270023777137549714e-02
2.370000000000000107e+00 5.341023286298259704e-02
2.429999999999999716e+00 4.528661636441867061e-02
2.490000000000000213e+00 3.812251048469307568e-02
2.549999999999999822e+00 3.220525928644226571e-02
2.609999999999999876e+00 2.699332972854387794e-02
2.669999999999999929e+00 2.258146836233338242e-02
2.729999999999999538e+00 1.891839035727167079e-02
2.790000000000000036e+00 1.571141206788139247e-02
2.849999999999999645e+00 1.306508997676406048e-02
2.910000000000000142e+00 1.087014890020313214e-02
2.969999999999999751e+00 8.888915313615124159e-03
3.030000000000000249e+00 7.353226453362296522e-03
3.089999999999999858e+00 5.996227353755042427e-03
3.149999999999999911e+00 4.976367031182387171e-03
3.209999999999999964e+00 4.057089548166930952e-03
3.269999999999999574e+00 3.297999550372352536e-03
3.330000000000000071e+00 2.697979450692424442e-03
3.389999999999999680e+00 2.211953235844072146e-03
3.450000000000000178e+00 1.784041550517699885e-03
3.509999999999999787e+00 1.446033539067210572e-03
3.569999999999999840e+00 1.170610405563477429e-03
3.629999999999999893e+00 9.452303391480985223e-04
3.689999999999999503e+00 7.404635460247124389e-04
3.750000000000000000e+00 5.991508652640009733e-04
3.809999999999999609e+00 4.840393933262332558e-04
3.870000000000000107e+00 3.788620289990605235e-04
3.929999999999999716e+00 3.111859209018831888e-04
3.989999999999999769e+00 2.430131074241779370e-04
4.049999999999999822e+00 1.901139843977572386e-04
4.109999999999999432e+00 1.500050249199831078e-04
4.169999999999999929e+00 1.239279924421696178e-04
4.230000000000000426e+00 9.213884808826777620e-05
4.290000000000000036e+00 7.885197915909590723e-05
4.349999999999999645e+00 5.836288221224507811e-05
4.410000000000000142e+00 4.880130363704748739e-05
4.469999999999999751e+00 3.774960892026008779e-05
4.529999999999999361e+00 2.793967765479817944e-05
4.589999999999999858e+00 2.458691633622203443e-05
4.650000000000000355e+00 2.011656791145468811e-05
4.709999999999999964e+00 1.279016354864075361e-05
4.769999999999999574e+00 1.030663664599221733e-05
4.830000000000000071e+00 8.319815123873236190e-06
4.889999999999999680e+00 6.829698982283897417e-06
4.949999999999999289e+00 4.470348424767707999e-06
5.009999999999999787e+00 5.091230150429814962e-06
5.070000000000000284e+00 3.104408628310908356e-06
5.129999999999999893e+00 2.731879592913559051e-06
5.189999999999999503e+00 1.738468831854108713e-06
5.250000000000000000e+00 1.117587106191927000e-06
5.309999999999999609e+00 7.450580707946071295e-07
5.369999999999999218e+00 7.450580707946181409e-07
5.429999999999999716e+00 4.967053805297380863e-07
5.490000000000000213e+00 6.208817256621818194e-07
5.549999999999999822e+00 6.208817256621726079e-07
5.609999999999999432e+00 1.241763451324363480e-07
5.669999999999999929e+00 3.725290353973035648e-07
5.730000000000000426e+00 0.000000000000000000e+00
5.789999999999999147e+00 1.241763451324363480e-07
5.849999999999999645e+00 0.000000000000000000e+00
5.910000000000000142e+00 1.241763451324363480e-07
5.969999999999999751e+00 0.000000000000000000e+00
