2.999999999999999889e-02 9.620463141415412645e-02
8.999999999999999667e-02 1.617132423831992294e-01
1.499999999999999944e-01 2.414140922252563382e-01
2.099999999999999922e-01 3.231529242739952790e-01
2.700000000000000178e-01 4.036611687241346558e-01
3.299999999999999600e-01 4.796208335842937487e-01
3.900000000000000133e-01 5.496762856744612513e-01
4.499999999999999556e-01 6.110949003029336746e-01
5.100000000000000089e-01 6.623105653815630767e-01
5.700000000000000622e-01 7.041372568648243124e-01
6.299999999999998934e-01 7.348188728536833025e-01
6.899999999999999467e-01 7.538642958958230444e-01
7.500000000000000000e-01 7.628273446210420694e-01
8.100000000000000533e-01 7.620288907099440623e-01
8.699999999999998845e-01 7.521812096888195187e-01
9.299999999999999378e-01 7.339138756368712713e-01
9.899999999999999911e-01 7.091763330253852970e-01
1.050000000000000044e+00 6.779719346157286886e-01
1.109999999999999876e+00 6.429050309331741930e-01
1.169999999999999929e+00 6.047308625200642496e-01
1.229999999999999982e+00 5.647259622233891108e-01
1.290000000000000036e+00 5.227894988493984041e-01
1.349999999999999867e+00 4.809765909406515938e-01
1.409999999999999920e+00 4.401567212787282912e-01
1.469999999999999973e+00 3.999363750200379819e-01
1.530000000000000027e+00 3.613036233575228628e-01
1.589999999999999858e+00 3.248273181367123952e-01
1.649999999999999911e+00 2.901041345826027573e-01
1.709999999999999964e+00 2.581535605039264603e-01
1.770000000000000018e+00 2.281691947033767653e-01
1.829999999999999849e+00 2.011788448049278699e-01
1.889999999999999902e+00 1.760336312462973396e-01
1.949999999999999956e+00 1.538914984630990190e-01
2.009999999999999787e+00 1.337784071895997684e-01
2.070000000000000284e+00 1.158648515502069820e-01
2.129999999999999893e+00 9.994407792719428585e-02
2.189999999999999947e+00 8.612784503284684479e-02
2.250000000000000000e+00 7.346111258251797338e-02
2.309999999999999609e+00 6.250205325589730521e-02
2.370000000000000107e+00 5.321552514678806745e-02
2.429999999999999716e+00 4.526488617851986973e-02
2.490000000000000213e+00 3.816820794845243725e-02
2.549999999999999822e+00 3.213696277549749070e-02
2.609999999999999876e+00 2.702921709505388265e-02
2.669999999999999929e+00 2.265311845103257227e-02
2.729999999999999538e+00 1.884388483098797806e-02
2.790000000000000036e+00 1.560288217473670969e-02
2.849999999999999645e+00 1.295506992802231139e-02
2.910000000000000142e+00 1.078819267317232544e-02
2.969999999999999751e+00 8.967146544669457597e-03
3.030000000000000249e+00 7.354344150056757456e-03
3.089999999999999858e+00 6.044283689388141312e-03
3.149999999999999911e+00 4.964694528719651792e-03
3.209999999999999964e+00 4.078323763956337444e-03
3.269999999999999574e+00 3.338853617673720464e-03
3.330000000000000071e+00 2.684692621768292042e-03
3.389999999999999680e+00 2.201149926617240737e-03
3.450000000000000178e+00 1.785283340571819366e-03
3.509999999999999787e+00 1.426786226832454929e-03
3.569999999999999840e+00 1.178433532866849168e-03
3.629999999999999893e+00 9.457270586210597685e-04
3.689999999999999503e+00 7.522603100218461236e-04
3.750000000000000000e+00 5.843738889010907656e-04
3.809999999999999609e+00 4.697591206359597038e-04
3.870000000000000107e+00 3.931423145475676506e-04
3.929999999999999716e+00 2.992649962285653942e-04
3.989999999999999769e+00 2.539406295798426029e-04
4.049999999999999822e+00 1.983096261315416627e-04
4.109999999999999432e+00 1.599391349138568888e-04
4.169999999999999929e+00 1.265356975754796331e-04
4.230000000000000426e+00 1.007070174030573988e-04
4.290000000000000036e+00 7.835527494615077148e-05
4.349999999999999645e+00 6.283323157330091284e-05
4.410000000000000142e+00 4.917383340519201727e-05
4.469999999999999751e+00 3.998478372846363266e-05
4.529999999999999361e+00 3.253420290949573493e-05
4.589999999999999858e+00 2.309680053880196966e-05
4.650000000000000355e+00 1.999239186423211110e-05
4.709999999999999964e+00 1.477698529095394877e-05
4.769999999999999574e+00 1.167257661638396484e-05
4.830000000000000071e+00 9.313226023710610769e-06
4.889999999999999680e+00 6.705522737071539770e-06
4.949999999999999289e+00 5.463759267243558228e-06
5.009999999999999787e+00 3.973643103449801314e-06
5.070000000000000284e+00 3.104408674570203307e-06
5.129999999999999893e+00 2.359350592673319345e-06
5.189999999999999503e+00 1.614292510776505686e-06
5.250000000000000000e+00 1.117587122845273216e-06
5.309999999999999609e+00 8.692344288796441698e-07
5.369999999999999218e+00 9.934107758624651515e-07
5.429999999999999716e+00 6.208817349140315347e-07
5.490000000000000213e+00 6.208817349140407462e-07
5.549999999999999822e+00 3.725290409484188996e-07
5.609999999999999432e+00 3.725290409484244054e-07
5.669999999999999929e+00 1.241763469828062911e-07
5.730000000000000426e+00 3.725290409484244054e-07
5.789999999999999147e+00 1.241763469828081439e-07
5.849999999999999645e+00 0.000000000000000000e+00
5.910000000000000142e+00 2.483526939656162879e-07
5.969999999999999751e+00 1.241763469828062911e-07
