2.999999999999999889e-02 9.604506337709819985e-02
8.999999999999999667e-02 1.620272819503240369e-01
1.499999999999999944e-01 2.411882118561100852e-01
2.099999999999999922e-01 3.229133832888809175e-01
2.700000000000000178e-01 4.032713731617437181e-01
3.299999999999999600e-01 4.794752917608910980e-01
3.900000000000000133e-01 5.494504007118503619e-01
4.499999999999999556e-01 6.113643538658474208e-01
5.100000000000000089e-01 6.629771341330373824e-01
5.700000000000000622e-01 7.042490050829804948e-01
6.299999999999998934e-01 7.344827165377550982e-01
6.899999999999999467e-01 7.543061040983507493e-01
7.500000000000000000e-01 7.638869300070437740e-01
8.100000000000000533e-01 7.618427390134751009e-01
8.699999999999998845e-01 7.519280029127207721e-01
9.299999999999999378e-01 7.339463989031268509e-01
9.899999999999999911e-01 7.085200504738092819e-01
1.050000000000000044e+00 6.779493244183453227e-01
1.109999999999999876e+00 6.426749225856122072e-01
1.169999999999999929e+00 6.048746497165353730e-01
1.229999999999999982e+00 5.646351809000245137e-01
1.290000000000000036e+00 5.227560876223870112e-01
1.349999999999999867e+00 4.813188137807267730e-01
1.409999999999999920e+00 4.401740994082004588e-01
1.469999999999999973e+00 3.999114096151499265e-01
1.530000000000000027e+00 3.613253488340774644e-01
1.589999999999999858e+00 3.247465986720719511e-01
1.649999999999999911e+00 2.900595509518116843e-01
1.709999999999999964e+00 2.579675404921301651e-01
1.770000000000000018e+00 2.281202658234085801e-01
1.829999999999999849e+00 2.010710567395544990e-01
1.889999999999999902e+00 1.760973310882447407e-01
1.949999999999999956e+00 1.537896715669283543e-01
2.009999999999999787e+00 1.339664081826766329e-01
2.070000000000000284e+00 1.159814514117654821e-01
2.129999999999999893e+00 1.000215624772740897e-01
2.189999999999999947e+00 8.586856354080539544e-02
2.250000000000000000e+00 7.352729747981767705e-02
2.309999999999999609e+00 6.279349420656994696e-02
2.370000000000000107e+00 5.326705753704490121e-02
2.429999999999999716e+00 4.503068891710072102e-02
2.490000000000000213e+00 3.806526518958702060e-02
2.549999999999999822e+00 3.216353603447776738e-02
2.609999999999999876e+00 2.698339562093328772e-02
2.669999999999999929e+00 2.260332339907669338e-02
2.729999999999999538e+00 1.891143648194425209e-02
2.790000000000000036e+00 1.571290218402298169e-02
2.849999999999999645e+00 1.302945136571105264e-02
2.910000000000000142e+00 1.085400597533591437e-02
2.969999999999999751e+00 8.949016664659224102e-03
3.030000000000000249e+00 7.340808818849052682e-03
3.089999999999999858e+00 6.059060584392053639e-03
3.149999999999999911e+00 4.961838398801892216e-03
3.209999999999999964e+00 4.072611591308484234e-03
3.269999999999999574e+00 3.304580896664371763e-03
3.330000000000000071e+00 2.697110216276497104e-03
3.389999999999999680e+00 2.142414482569908549e-03
3.450000000000000178e+00 1.774976677323031804e-03
3.509999999999999787e+00 1.439700545465456361e-03
3.569999999999999840e+00 1.181537923935131826e-03
3.629999999999999893e+00 9.297082960065440474e-04
3.689999999999999503e+00 7.587174687591804589e-04
3.750000000000000000e+00 6.043662717595632648e-04
3.809999999999999609e+00 4.773338706890817924e-04
3.870000000000000107e+00 3.858159043264768398e-04
3.929999999999999716e+00 3.038595165390695118e-04
3.989999999999999769e+00 2.463658687427536958e-04
4.049999999999999822e+00 1.930942166809356637e-04
4.109999999999999432e+00 1.565863712120022259e-04
4.169999999999999929e+00 1.141180611767073164e-04
4.230000000000000426e+00 9.524325671657866846e-05
4.290000000000000036e+00 7.649262860157966869e-05
4.349999999999999645e+00 5.786617683171533833e-05
4.410000000000000142e+00 4.631777673439875460e-05
4.469999999999999751e+00 3.824631430078983434e-05
4.529999999999999361e+00 2.905726476099010580e-05
4.589999999999999858e+00 2.222756577870577555e-05
4.650000000000000355e+00 1.825392273446814191e-05
4.709999999999999964e+00 1.428027969022996956e-05
4.769999999999999574e+00 1.105169471678683548e-05
4.830000000000000071e+00 9.064873194667854331e-06
4.889999999999999680e+00 8.319815123873112523e-06
4.949999999999999289e+00 4.594524769900145485e-06
5.009999999999999787e+00 4.097819389370338789e-06
5.070000000000000284e+00 2.980232283178472564e-06
5.129999999999999893e+00 1.986821522118952345e-06
5.189999999999999503e+00 1.862645176986545141e-06
5.250000000000000000e+00 8.692344159270543566e-07
5.309999999999999609e+00 9.934107610594761727e-07
5.369999999999999218e+00 8.692344159270543566e-07
5.429999999999999716e+00 2.483526902648690432e-07
5.490000000000000213e+00 3.725290353973090705e-07
5.549999999999999822e+00 4.967053805297380863e-07
5.609999999999999432e+00 1.241763451324363480e-07
5.669999999999999929e+00 2.483526902648690432e-07
5.730000000000000426e+00 2.483526902648726960e-07
5.789999999999999147e+00 1.241763451324363480e-07
5.849999999999999645e+00 2.483526902648690432e-07
5.910000000000000142e+00 1.241763451324363480e-07
5.969999999999999751e+00 0.000000000000000000e+00
