2.999999999999999889e-02 9.628161931457548950e-02
8.999999999999999667e-02 1.618706955791120172e-01
1.499999999999999944e-01 2.416634347289319251e-01
2.099999999999999922e-01 3.238727697313741882e-01
2.700000000000000178e-01 4.040822446954585034e-01
3.299999999999999600e-01 4.800111126901375203e-01
3.900000000000000133e-01 5.496708137244604719e-01
4.499999999999999556e-01 6.109943083573526890e-01
5.100000000000000089e-01 6.627472837181972443e-01
5.700000000000000622e-01 7.034514204181948616e-01
6.299999999999998934e-01 7.342783222736671833e-01
6.899999999999999467e-01 7.539864741859798603e-01
7.500000000000000000e-01 7.629430656076920947e-01
8.100000000000000533e-01 7.620480025119790168e-01
8.699999999999998845e-01 7.518989456479597822e-01
9.299999999999999378e-01 7.334768881421810383e-01
9.899999999999999911e-01 7.085271285254818308e-01
1.050000000000000044e+00 6.773494284950105637e-01
1.109999999999999876e+00 6.434576060889819482e-01
1.169999999999999929e+00 6.041708181923247656e-01
1.229999999999999982e+00 5.646207764439892252e-01
1.290000000000000036e+00 5.228833683761477946e-01
1.349999999999999867e+00 4.810169410857098038e-01
1.409999999999999920e+00 4.399148191995639334e-01
1.469999999999999973e+00 3.998929073397251566e-01
1.530000000000000027e+00 3.610757543803612690e-01
1.589999999999999858e+00 3.247005292480278915e-01
1.649999999999999911e+00 2.902823233149792737e-01
1.709999999999999964e+00 2.577784199184935399e-01
1.770000000000000018e+00 2.283414238940894569e-01
1.829999999999999849e+00 2.012013177255984053e-01
1.889999999999999902e+00 1.762921637737575320e-01
1.949999999999999956e+00 1.537840836313973947e-01
2.009999999999999787e+00 1.339153717048272019e-01
2.070000000000000284e+00 1.158881949765710323e-01
2.129999999999999893e+00 1.000350976988935159e-01
2.189999999999999947e+00 8.588942516678764461e-02
2.250000000000000000e+00 7.378632933576392827e-02
2.309999999999999609e+00 6.276741717409213550e-02
2.370000000000000107e+00 5.332939406230138152e-02
2.429999999999999716e+00 4.523396559408251333e-02
2.490000000000000213e+00 3.829139031407318566e-02
2.549999999999999822e+00 3.224462318784924314e-02
2.609999999999999876e+00 2.700984518244649649e-02
2.669999999999999929e+00 2.271781398928879661e-02
2.729999999999999538e+00 1.882550645111261134e-02
2.790000000000000036e+00 1.569055044189914330e-02
2.849999999999999645e+00 1.302373925383495945e-02
2.910000000000000142e+00 1.082023000945989306e-02
2.969999999999999751e+00 8.930886918269887939e-03
3.030000000000000249e+00 7.362912208282626492e-03
3.089999999999999858e+00 6.084392558799070483e-03
3.149999999999999911e+00 5.001078123863741259e-03
3.209999999999999964e+00 4.084159991405800737e-03
3.269999999999999574e+00 3.281359920124606033e-03
3.330000000000000071e+00 2.692391515161464844e-03
3.389999999999999680e+00 2.196182840012252981e-03
3.450000000000000178e+00 1.785780019349553693e-03
3.509999999999999787e+00 1.426165323846020818e-03
3.569999999999999840e+00 1.148382839784771329e-03
3.629999999999999893e+00 9.510666273693229190e-04
3.689999999999999503e+00 7.497767719096451022e-04
3.750000000000000000e+00 6.118168524675093953e-04
3.809999999999999609e+00 4.823009244943792309e-04
3.870000000000000107e+00 3.786136763087956164e-04
3.929999999999999716e+00 3.137936241496643345e-04
3.989999999999999769e+00 2.381702299640129250e-04
4.049999999999999822e+00 1.918524532296113176e-04
4.109999999999999432e+00 1.478940270527316950e-04
4.169999999999999929e+00 1.214444655395209528e-04
4.230000000000000426e+00 9.834766534488958783e-05
4.290000000000000036e+00 7.475415976972557607e-05
4.349999999999999645e+00 6.308158332727766362e-05
4.410000000000000142e+00 4.308919176095541554e-05
4.469999999999999751e+00 3.923972506184930713e-05
4.529999999999999361e+00 2.632538516807650313e-05
4.589999999999999858e+00 2.508362171675177082e-05
4.650000000000000355e+00 1.850227542473301519e-05
4.709999999999999964e+00 1.390775065483266472e-05
4.769999999999999574e+00 1.117587106191927042e-05
4.830000000000000071e+00 8.692344159270544413e-06
4.889999999999999680e+00 5.836288221224422091e-06
4.949999999999999289e+00 5.463759185827199418e-06
5.009999999999999787e+00 3.849466699105469746e-06
5.070000000000000284e+00 3.476937663708217426e-06
5.129999999999999893e+00 2.731879592913559051e-06
5.189999999999999503e+00 1.862645176986545141e-06
5.250000000000000000e+00 9.934107610594907840e-07
5.309999999999999609e+00 2.483526902648690432e-07
5.369999999999999218e+00 8.692344159270543566e-07
5.429999999999999716e+00 3.725290353973035648e-07
5.490000000000000213e+00 6.208817256621818194e-07
5.549999999999999822e+00 3.725290353973035648e-07
5.609999999999999432e+00 0.000000000000000000e+00
5.669999999999999929e+00 1.241763451324345216e-07
5.730000000000000426e+00 3.725290353973090705e-07
5.789999999999999147e+00 6.208817256621818194e-07
5.849999999999999645e+00 1.241763451324345216e-07
5.910000000000000142e+00 0.000000000000000000e+00
5.969999999999999751e+00 0.000000000000000000e+00
