2.999999999999999889e-02 9.626858008107974651e-02
8.999999999999999667e-02 1.619722706226428555e-01
1.499999999999999944e-01 2.415210026615932648e-01
2.099999999999999922e-01 3.233417892705037211e-01
2.700000000000000178e-01 4.035833011337864318e-01
3.299999999999999600e-01 4.798509216297486280e-01
3.900000000000000133e-01 5.498965622228625394e-01
4.499999999999999556e-01 6.106959080499603232e-01
5.100000000000000089e-01 6.629300663590181886e-01
5.700000000000000622e-01 7.045292658447923628e-01
6.299999999999998934e-01 7.346508458354891191e-01
6.899999999999999467e-01 7.546845879754758846e-01
7.500000000000000000e-01 7.630309767750219629e-01
8.100000000000000533e-01 7.621015168386321426e-01
8.699999999999998845e-01 7.515126274390473426e-01
9.299999999999999378e-01 7.334884310773636118e-01
9.899999999999999911e-01 7.084169788292316028e-01
1.050000000000000044e+00 6.776380092723016668e-01
1.109999999999999876e+00 6.427962380856012681e-01
1.169999999999999929e+00 6.043441638674146299e-01
1.229999999999999982e+00 5.642401717422413920e-01
1.290000000000000036e+00 5.228276093018140447e-01
1.349999999999999867e+00 4.809655284953524568e-01
1.409999999999999920e+00 4.399038884036528541e-01
1.469999999999999973e+00 3.999898860851166527e-01
1.530000000000000027e+00 3.614147531098230171e-01
1.589999999999999858e+00 3.242266698993255258e-01
1.649999999999999911e+00 2.902507803607787262e-01
1.709999999999999964e+00 2.578701843162637397e-01
1.770000000000000018e+00 2.282038348034316211e-01
1.829999999999999849e+00 2.011487896329320901e-01
1.889999999999999902e+00 1.762693140129444058e-01
1.949999999999999956e+00 1.541571082236152801e-01
2.009999999999999787e+00 1.335997144401050996e-01
2.070000000000000284e+00 1.158857105862525355e-01
2.129999999999999893e+00 1.002352692204360463e-01
2.189999999999999947e+00 8.593984012260968974e-02
2.250000000000000000e+00 7.352617934489874552e-02
2.309999999999999609e+00 6.278082775161281104e-02
2.370000000000000107e+00 5.337583561769994323e-02
2.429999999999999716e+00 4.509861304187730985e-02
2.490000000000000213e+00 3.841295866975898837e-02
2.549999999999999822e+00 3.231739028531353114e-02
2.609999999999999876e+00 2.702648461133123556e-02
2.669999999999999929e+00 2.272278087379617922e-02
2.729999999999999538e+00 1.887269332165040711e-02
2.790000000000000036e+00 1.573500545622162627e-02
2.849999999999999645e+00 1.305043707080509770e-02
2.910000000000000142e+00 1.079874742129504316e-02
2.969999999999999751e+00 8.901829587185099146e-03
3.030000000000000249e+00 7.389610067429213704e-03
3.089999999999999858e+00 6.020441696200079865e-03
3.149999999999999911e+00 4.944205320955884393e-03
3.209999999999999964e+00 4.076709380324002735e-03
3.269999999999999574e+00 3.327305143033251929e-03
3.330000000000000071e+00 2.706920127373833081e-03
3.389999999999999680e+00 2.192705886011612690e-03
3.450000000000000178e+00 1.745795223209721395e-03
3.509999999999999787e+00 1.446406057326042908e-03
3.569999999999999840e+00 1.148507007572859440e-03
3.629999999999999893e+00 9.637326073924637124e-04
3.689999999999999503e+00 7.255623792029590891e-04
3.750000000000000000e+00 6.087124393039372713e-04
3.809999999999999609e+00 4.801899230494339858e-04
3.870000000000000107e+00 3.904104261875925930e-04
3.929999999999999716e+00 3.104408605181238688e-04
3.989999999999999769e+00 2.531955658385837290e-04
4.049999999999999822e+00 1.961986238474528301e-04
4.109999999999999432e+00 1.579523098316225923e-04
4.169999999999999929e+00 1.310060431386473028e-04
4.230000000000000426e+00 9.971360439842213779e-05
4.290000000000000036e+00 7.289151404965495172e-05
4.349999999999999645e+00 6.010135059630922650e-05
4.410000000000000142e+00 4.395842584936666280e-05
4.469999999999999751e+00 3.340343659174987962e-05
4.529999999999999361e+00 2.955396992132561124e-05
4.589999999999999858e+00 2.384185808779173743e-05
4.650000000000000355e+00 1.812974625425857174e-05
4.709999999999999964e+00 1.465280861645533912e-05
4.769999999999999574e+00 1.204510538810329625e-05
4.830000000000000071e+00 9.437402159751036532e-06
4.889999999999999680e+00 6.829698931398674325e-06
4.949999999999999289e+00 4.967053768290019272e-06
5.009999999999999787e+00 4.470348391460950344e-06
5.070000000000000284e+00 2.731879572559510642e-06
5.129999999999999893e+00 1.986821507315978401e-06
5.189999999999999503e+00 2.359350539937759133e-06
5.250000000000000000e+00 1.365939786279755321e-06
5.309999999999999609e+00 1.738468818901480995e-06
5.369999999999999218e+00 7.450580652435028061e-07
5.429999999999999716e+00 7.450580652434917946e-07
5.490000000000000213e+00 4.967053768290019060e-07
5.549999999999999822e+00 3.725290326217458973e-07
5.609999999999999432e+00 3.725290326217514030e-07
5.669999999999999929e+00 3.725290326217458973e-07
5.730000000000000426e+00 1.241763442072504765e-07
5.789999999999999147e+00 1.241763442072504765e-07
5.849999999999999645e+00 2.483526884144973002e-07
5.910000000000000142e+00 0.000000000000000000e+00
5.969999999999999751e+00 0.000000000000000000e+00
