2.999999999999999889e-02 9.650948362694519722e-02
8.999999999999999667e-02 1.620748426980614387e-01
1.499999999999999944e-01 2.414262597084947948e-01
2.099999999999999922e-01 3.235160135021908356e-01
2.700000000000000178e-01 4.038489203518636494e-01
3.299999999999999600e-01 4.797920691920534164e-01
3.900000000000000133e-01 5.496613804175267681e-01
4.499999999999999556e-01 6.108441837072314806e-01
5.100000000000000089e-01 6.631738344047573008e-01
5.700000000000000622e-01 7.036795376070243968e-01
6.299999999999998934e-01 7.344729120787394372e-01
6.899999999999999467e-01 7.541939784778791678e-01
7.500000000000000000e-01 7.628459653894439363e-01
8.100000000000000533e-01 7.622646959135496170e-01
8.699999999999998845e-01 7.515239386849495995e-01
9.299999999999999378e-01 7.334391439978082960e-01
9.899999999999999911e-01 7.085307349184561954e-01
1.050000000000000044e+00 6.781322412272043909e-01
1.109999999999999876e+00 6.429626439677291749e-01
1.169999999999999929e+00 6.042088206556418539e-01
1.229999999999999982e+00 5.644769844420072236e-01
1.290000000000000036e+00 5.224906024893521961e-01
1.349999999999999867e+00 4.812277961051711905e-01
1.409999999999999920e+00 4.401862719696668091e-01
1.469999999999999973e+00 4.001381586026233617e-01
1.530000000000000027e+00 3.613016338440641073e-01
1.589999999999999858e+00 3.240669839496493898e-01
1.649999999999999911e+00 2.901004071307767829e-01
1.709999999999999964e+00 2.579300411576287977e-01
1.770000000000000018e+00 2.282562406219701412e-01
1.829999999999999849e+00 2.010144338238483708e-01
1.889999999999999902e+00 1.764124919665663593e-01
1.949999999999999956e+00 1.540246143594917461e-01
2.009999999999999787e+00 1.336978157442815229e-01
2.070000000000000284e+00 1.161241308975148601e-01
2.129999999999999893e+00 9.985119327570177172e-02
2.189999999999999947e+00 8.601546479796222389e-02
2.250000000000000000e+00 7.352667714590845061e-02
2.309999999999999609e+00 6.277350228270266175e-02
2.370000000000000107e+00 5.334677914808440974e-02
2.429999999999999716e+00 4.526948036607431058e-02
2.490000000000000213e+00 3.831038958031309644e-02
2.549999999999999822e+00 3.218477042929063919e-02
2.609999999999999876e+00 2.712172827148344456e-02
2.669999999999999929e+00 2.255725414309719956e-02
2.729999999999999538e+00 1.886785072537921354e-02
2.790000000000000036e+00 1.573922768645744444e-02
2.849999999999999645e+00 1.303441851663033647e-02
2.910000000000000142e+00 1.082395538045861916e-02
2.969999999999999751e+00 8.952617845370266364e-03
3.030000000000000249e+00 7.367382611598672325e-03
3.089999999999999858e+00 6.062785919917302278e-03
3.149999999999999911e+00 4.954015325968839575e-03
3.209999999999999964e+00 4.089747957407757588e-03
3.269999999999999574e+00 3.348787700481931778e-03
3.330000000000000071e+00 2.709776223669412096e-03
3.389999999999999680e+00 2.197548796181724405e-03
3.450000000000000178e+00 1.763800819402453054e-03
3.509999999999999787e+00 1.438707145423600469e-03
3.569999999999999840e+00 1.162538951791459519e-03
3.629999999999999893e+00 9.346753567757155705e-04
3.689999999999999503e+00 7.621944121016797132e-04
3.750000000000000000e+00 6.145487366391678757e-04
3.809999999999999609e+00 4.767129925152082163e-04
3.870000000000000107e+00 3.894170212367004699e-04
3.929999999999999716e+00 3.067155747623246417e-04
3.989999999999999769e+00 2.457449888480343772e-04
4.049999999999999822e+00 1.913557492747930487e-04
4.109999999999999432e+00 1.537303164193363234e-04
4.169999999999999929e+00 1.221895245206984732e-04
4.230000000000000426e+00 8.953114550754562209e-05
4.290000000000000036e+00 7.835527436235846608e-05
4.349999999999999645e+00 6.072223322217726695e-05
4.410000000000000142e+00 4.892548034670316512e-05
4.469999999999999751e+00 3.886719631603518415e-05
4.529999999999999361e+00 2.657373805633115704e-05
4.589999999999999858e+00 2.644956171027314378e-05
4.650000000000000355e+00 1.837809921652809283e-05
4.709999999999999964e+00 1.477698518085682651e-05
4.769999999999999574e+00 9.685754992494534127e-06
4.830000000000000071e+00 8.195638839803067599e-06
4.889999999999999680e+00 6.457169994996260652e-06
4.949999999999999289e+00 4.718701150189645135e-06
5.009999999999999787e+00 4.097819419901472813e-06
5.070000000000000284e+00 2.359350575094822568e-06
5.129999999999999893e+00 2.483526921152408074e-06
5.189999999999999503e+00 2.607703267210066848e-06
5.250000000000000000e+00 1.490116152691466952e-06
5.309999999999999609e+00 9.934107684609631447e-07
5.369999999999999218e+00 4.967053842304888780e-07
5.429999999999999716e+00 3.725290381728612322e-07
5.490000000000000213e+00 8.692344224033556159e-07
5.549999999999999822e+00 2.483526921152407862e-07
5.609999999999999432e+00 6.208817302881112299e-07
5.669999999999999929e+00 2.483526921152407862e-07
5.730000000000000426e+00 0.000000000000000000e+00
5.789999999999999147e+00 0.000000000000000000e+00
5.849999999999999645e+00 1.241763460576203931e-07
5.910000000000000142e+00 1.241763460576222195e-07
5.969999999999999751e+00 0.000000000000000000e+00
