2.999999999999999889e-02 9.602234125220557304e-02
8.999999999999999667e-02 1.614396830936155047e-01
1.499999999999999944e-01 2.413310200471810996e-01
2.099999999999999922e-01 3.234896929371987584e-01
2.700000000000000178e-01 4.038682978799553736e-01
3.299999999999999600e-01 4.798154214949194030e-01
3.900000000000000133e-01 5.499014214886261964e-01
4.499999999999999556e-01 6.108469246891734539e-01
5.100000000000000089e-01 6.623490649840130251e-01
5.700000000000000622e-01 7.043108606454312470e-01
6.299999999999998934e-01 7.349387085042419221e-01
6.899999999999999467e-01 7.542889846223952421e-01
7.500000000000000000e-01 7.627184476474335728e-01
8.100000000000000533e-01 7.620601888271747448e-01
8.699999999999998845e-01 7.516426624721294081e-01
9.299999999999999378e-01 7.339389647272334116e-01
9.899999999999999911e-01 7.088519896884252214e-01
1.050000000000000044e+00 6.781706218236661643e-01
1.109999999999999876e+00 6.429344655176443268e-01
1.169999999999999929e+00 6.044787890394072161e-01
1.229999999999999982e+00 5.643879584119200210e-01
1.290000000000000036e+00 5.230017201230585666e-01
1.349999999999999867e+00 4.814842274344544593e-01
1.409999999999999920e+00 4.401111518384692722e-01
1.469999999999999973e+00 3.997538387683715611e-01
1.530000000000000027e+00 3.612914567673497501e-01
1.589999999999999858e+00 3.244834762495073521e-01
1.649999999999999911e+00 2.897963035775831253e-01
1.709999999999999964e+00 2.580805467347505600e-01
1.770000000000000018e+00 2.280149693792680732e-01
1.829999999999999849e+00 2.011366263455384162e-01
1.889999999999999902e+00 1.762994941187211451e-01
1.949999999999999956e+00 1.540901817663328510e-01
2.009999999999999787e+00 1.336781978735648579e-01
2.070000000000000284e+00 1.159901463485065870e-01
2.129999999999999893e+00 9.994867319670831807e-02
2.189999999999999947e+00 8.592692834363419019e-02
2.250000000000000000e+00 7.353499805685118074e-02
2.309999999999999609e+00 6.269340947370012629e-02
2.370000000000000107e+00 5.323303440832966721e-02
2.429999999999999716e+00 4.532300104659050394e-02
2.490000000000000213e+00 3.812872015419301736e-02
2.549999999999999822e+00 3.220153471584868976e-02
2.609999999999999876e+00 2.704945804114625152e-02
2.669999999999999929e+00 2.267075166121439861e-02
2.729999999999999538e+00 1.892261277595953459e-02
2.790000000000000036e+00 1.569613872826614714e-02
2.849999999999999645e+00 1.306086827296271645e-02
2.910000000000000142e+00 1.080110709373305854e-02
2.969999999999999751e+00 8.874262703244728892e-03
3.030000000000000249e+00 7.377813534605503522e-03
3.089999999999999858e+00 6.049747493729516756e-03
3.149999999999999911e+00 5.030632206448655205e-03
3.209999999999999964e+00 4.057213815197859355e-03
3.269999999999999574e+00 3.284091873122694637e-03
3.330000000000000071e+00 2.684816818118719930e-03
3.389999999999999680e+00 2.163897038644688273e-03
3.450000000000000178e+00 1.755481030375298989e-03
3.509999999999999787e+00 1.441811575559708274e-03
3.569999999999999840e+00 1.151983979542460903e-03
3.629999999999999893e+00 9.401391300114160130e-04
3.689999999999999503e+00 7.400910335316390667e-04
3.750000000000000000e+00 5.996475840476987946e-04
3.809999999999999609e+00 4.773338813583256554e-04
3.870000000000000107e+00 3.817180934691708459e-04
3.929999999999999716e+00 3.028661125475952637e-04
3.989999999999999769e+00 2.433856418996683353e-04
4.049999999999999822e+00 1.919766338657559511e-04
4.109999999999999432e+00 1.462797378356169855e-04
4.169999999999999929e+00 1.243005242559002061e-04
4.230000000000000426e+00 9.747843310777534254e-05
4.290000000000000036e+00 7.487833778851930703e-05
4.349999999999999645e+00 6.593764073914484944e-05
4.410000000000000142e+00 4.892548107574966088e-05
4.469999999999999751e+00 3.476937741423782055e-05
4.529999999999999361e+00 2.657373845231072508e-05
4.589999999999999858e+00 2.483526958159844373e-05
4.650000000000000355e+00 1.738468870711916777e-05
4.709999999999999964e+00 1.415610366151111357e-05
4.769999999999999574e+00 1.353522192197135263e-05
4.830000000000000071e+00 9.064873397283566489e-06
4.889999999999999680e+00 6.705522787031579266e-06
4.949999999999999289e+00 5.339582960043743855e-06
5.009999999999999787e+00 3.849466785147759236e-06
5.070000000000000284e+00 2.856056001883863229e-06
5.129999999999999893e+00 2.731879653975828794e-06
5.189999999999999503e+00 2.731879653975869451e-06
5.250000000000000000e+00 6.208817395399702625e-07
5.309999999999999609e+00 1.117587131171929807e-06
5.369999999999999218e+00 9.934107832639523353e-07
5.429999999999999716e+00 4.967053916319688620e-07
5.490000000000000213e+00 3.725290437239821787e-07
5.549999999999999822e+00 4.967053916319688620e-07
5.609999999999999432e+00 3.725290437239821787e-07
5.669999999999999929e+00 2.483526958159844310e-07
5.730000000000000426e+00 4.967053916319761677e-07
5.789999999999999147e+00 1.241763479079940419e-07
5.849999999999999645e+00 0.000000000000000000e+00
5.910000000000000142e+00 0.000000000000000000e+00
5.969999999999999751e+00 0.000000000000000000e+00
