2.999999999999999889e-02 9.628075008015955782e-02
8.999999999999999667e-02 1.617400620640327136e-01
1.499999999999999944e-01 2.415177758760915783e-01
2.099999999999999922e-01 3.236727216393658346e-01
2.700000000000000178e-01 4.038824449561403962e-01
3.299999999999999600e-01 4.797734391655540387e-01
3.900000000000000133e-01 5.494296632622132082e-01
4.499999999999999556e-01 6.113078536288120146e-01
5.100000000000000089e-01 6.626074611535780479e-01
5.700000000000000622e-01 7.044464454717410673e-01
6.299999999999998934e-01 7.345865279622859623e-01
6.899999999999999467e-01 7.540782405050326931e-01
7.500000000000000000e-01 7.631634786203022047e-01
8.100000000000000533e-01 7.618321840241387699e-01
8.699999999999998845e-01 7.514311733558459716e-01
9.299999999999999378e-01 7.333592931433406958e-01
9.899999999999999911e-01 7.085785375323666591e-01
1.050000000000000044e+00 6.781843902396810231e-01
1.109999999999999876e+00 6.429111059940540995e-01
1.169999999999999929e+00 6.044320852224833729e-01
1.229999999999999982e+00 5.641184831279284495e-01
1.290000000000000036e+00 5.227120050198650336e-01
1.349999999999999867e+00 4.808378787960288503e-01
1.409999999999999920e+00 4.401903665094128448e-01
1.469999999999999973e+00 3.998881886386100870e-01
1.530000000000000027e+00 3.617135240889614578e-01
1.589999999999999858e+00 3.245687781458423404e-01
1.649999999999999911e+00 2.900183244052276788e-01
1.709999999999999964e+00 2.580169626774929115e-01
1.770000000000000018e+00 2.282988314077090408e-01
1.829999999999999849e+00 2.010326862489085764e-01
1.889999999999999902e+00 1.762356635367222368e-01
1.949999999999999956e+00 1.537243548093887024e-01
2.009999999999999787e+00 1.339931060968801158e-01
2.070000000000000284e+00 1.158081012339606114e-01
2.129999999999999893e+00 1.000348493462032695e-01
2.189999999999999947e+00 8.600851028176965951e-02
2.250000000000000000e+00 7.355709980264946157e-02
2.309999999999999609e+00 6.301055445786145348e-02
2.370000000000000107e+00 5.341010868663745997e-02
2.429999999999999716e+00 4.528736142248946522e-02
2.490000000000000213e+00 3.813120282885234386e-02
2.549999999999999822e+00 3.221742856826523976e-02
2.609999999999999876e+00 2.695856035190679831e-02
2.669999999999999929e+00 2.260655198405013208e-02
2.729999999999999538e+00 1.888833968174961908e-02
2.790000000000000036e+00 1.576940242105824216e-02
2.849999999999999645e+00 1.304807781748091797e-02
2.910000000000000142e+00 1.083798722681383019e-02
2.969999999999999751e+00 8.949389193694621408e-03
3.030000000000000249e+00 7.304921855105779398e-03
3.089999999999999858e+00 6.057942997285861719e-03
3.149999999999999911e+00 4.924833847952425278e-03
3.209999999999999964e+00 4.072611591308484234e-03
3.269999999999999574e+00 3.315508415036025943e-03
3.330000000000000071e+00 2.696861863586232522e-03
3.389999999999999680e+00 2.206489476658244839e-03
3.450000000000000178e+00 1.761813984738993784e-03
3.509999999999999787e+00 1.431008201306185803e-03
3.569999999999999840e+00 1.161793885059074580e-03
3.629999999999999893e+00 9.474655133604823615e-04
3.689999999999999503e+00 7.443130127238180120e-04
3.750000000000000000e+00 6.048629771400929707e-04
3.809999999999999609e+00 4.806866320076574970e-04
3.870000000000000107e+00 3.835807301140930006e-04
3.929999999999999716e+00 3.159046220169157201e-04
3.989999999999999769e+00 2.487252193002700428e-04
4.049999999999999822e+00 2.014140318048087796e-04
4.109999999999999432e+00 1.509984356810426009e-04
4.169999999999999929e+00 1.246730505129642309e-04
4.230000000000000426e+00 9.449819864578405540e-05
4.290000000000000036e+00 7.462998342459314959e-05
4.349999999999999645e+00 6.109476180515867739e-05
4.410000000000000142e+00 4.420677886714734190e-05
4.469999999999999751e+00 3.874301968131956735e-05
4.529999999999999361e+00 2.967814648665228900e-05
4.589999999999999858e+00 2.160668405304360252e-05
4.650000000000000355e+00 1.552204314155454601e-05
4.709999999999999964e+00 1.403192699996509967e-05
4.769999999999999574e+00 1.167257644244901698e-05
4.830000000000000071e+00 8.195638778740799550e-06
4.889999999999999680e+00 5.960464566356857036e-06
4.949999999999999289e+00 5.960464566356945128e-06
5.009999999999999787e+00 4.718701115032510973e-06
5.070000000000000284e+00 2.731879592913599709e-06
5.129999999999999893e+00 2.607703247781124530e-06
5.189999999999999503e+00 1.117587106191927000e-06
5.250000000000000000e+00 1.490116141589236282e-06
5.309999999999999609e+00 4.967053805297380863e-07
5.369999999999999218e+00 6.208817256621818194e-07
5.429999999999999716e+00 8.692344159270415452e-07
5.490000000000000213e+00 4.967053805297453920e-07
5.549999999999999822e+00 2.483526902648690432e-07
5.609999999999999432e+00 1.241763451324363480e-07
5.669999999999999929e+00 0.000000000000000000e+00
5.730000000000000426e+00 1.241763451324363480e-07
5.789999999999999147e+00 1.241763451324363480e-07
5.849999999999999645e+00 0.000000000000000000e+00
5.910000000000000142e+00 2.483526902648726960e-07
5.969999999999999751e+00 1.241763451324345216e-07
