2.999999999999999889e-02 9.612354425957433945e-02
8.999999999999999667e-02 1.617470183495785530e-01
1.499999999999999944e-01 2.412967455773575853e-01
2.099999999999999922e-01 3.230239050494801978e-01
2.700000000000000178e-01 4.035695265800613440e-01
3.299999999999999600e-01 4.800990366965245393e-01
3.900000000000000133e-01 5.494204823996767795e-01
4.499999999999999556e-01 6.112784329437742636e-01
5.100000000000000089e-01 6.622934290456794493e-01
5.700000000000000622e-01 7.039136152639081656e-01
6.299999999999998934e-01 7.343139718268512084e-01
6.899999999999999467e-01 7.544327752123103359e-01
7.500000000000000000e-01 7.633403171104280460e-01
8.100000000000000533e-01 7.623747218362911804e-01
8.699999999999998845e-01 7.520850971962548259e-01
9.299999999999999378e-01 7.340017924905350988e-01
9.899999999999999911e-01 7.088023138682730817e-01
1.050000000000000044e+00 6.777824415102329247e-01
1.109999999999999876e+00 6.428808165455125456e-01
1.169999999999999929e+00 6.048487058733509336e-01
1.229999999999999982e+00 5.639696040939168320e-01
1.290000000000000036e+00 5.233188626165861113e-01
1.349999999999999867e+00 4.813384408157594940e-01
1.409999999999999920e+00 4.401235661940838817e-01
1.469999999999999973e+00 3.997288763442297110e-01
1.530000000000000027e+00 3.613667049417901289e-01
1.589999999999999858e+00 3.247457342767446908e-01
1.649999999999999911e+00 2.903121299637989594e-01
1.709999999999999964e+00 2.577560720172344944e-01
1.770000000000000018e+00 2.282117871903918960e-01
1.829999999999999849e+00 2.008424510809514452e-01
1.889999999999999902e+00 1.762722981851982951e-01
1.949999999999999956e+00 1.537530418362131890e-01
2.009999999999999787e+00 1.338470767094812608e-01
2.070000000000000284e+00 1.159953608908859124e-01
2.129999999999999893e+00 1.000267793742848355e-01
2.189999999999999947e+00 8.569397287648890249e-02
2.250000000000000000e+00 7.359869997497492378e-02
2.309999999999999609e+00 6.274543889598360735e-02
2.370000000000000107e+00 5.327835837836136790e-02
2.429999999999999716e+00 4.522738492173106195e-02
2.490000000000000213e+00 3.827512378320463426e-02
2.549999999999999822e+00 3.215894198891344757e-02
2.609999999999999876e+00 2.693496724769393197e-02
2.669999999999999929e+00 2.261065014036445220e-02
2.729999999999999538e+00 1.882265067565391803e-02
2.790000000000000036e+00 1.564025925517853466e-02
2.849999999999999645e+00 1.299691735695551742e-02
2.910000000000000142e+00 1.078931026029517071e-02
2.969999999999999751e+00 9.013091793053096268e-03
3.030000000000000249e+00 7.352357328505032541e-03
3.089999999999999858e+00 6.055459560616593961e-03
3.149999999999999911e+00 4.988412210993367971e-03
3.209999999999999964e+00 4.058952253827019518e-03
3.269999999999999574e+00 3.274778622630591940e-03
3.330000000000000071e+00 2.685686032544154500e-03
3.389999999999999680e+00 2.187738881143097558e-03
3.450000000000000178e+00 1.769761297198968464e-03
3.509999999999999787e+00 1.431504928017801603e-03
3.569999999999999840e+00 1.166512603556499458e-03
3.629999999999999893e+00 9.463479403559738046e-04
3.689999999999999503e+00 7.549921896554678824e-04
3.750000000000000000e+00 6.085882765627381730e-04
3.809999999999999609e+00 4.810591682113951606e-04
3.870000000000000107e+00 3.827115014010118443e-04
3.929999999999999716e+00 2.983957617996857437e-04
3.989999999999999769e+00 2.564241565194988015e-04
4.049999999999999822e+00 2.133349641164612276e-04
4.109999999999999432e+00 1.522402014009227871e-04
4.169999999999999929e+00 1.211961146552189498e-04
4.230000000000000426e+00 9.251137850219206822e-05
4.290000000000000036e+00 7.748604051727113451e-05
4.349999999999999645e+00 6.320576061424933449e-05
4.410000000000000142e+00 4.793206993536393832e-05
4.469999999999999751e+00 3.961225468751521100e-05
4.529999999999999361e+00 3.253420290949573493e-05
4.589999999999999858e+00 2.073744994612865286e-05
4.650000000000000355e+00 2.036492090518053614e-05
4.709999999999999964e+00 1.502533798491956151e-05
4.769999999999999574e+00 8.940696982762185729e-06
4.830000000000000071e+00 9.437402370693417987e-06
4.889999999999999680e+00 8.319815247848022586e-06
4.949999999999999289e+00 5.587935614226366292e-06
5.009999999999999787e+00 3.849466756466995790e-06
5.070000000000000284e+00 2.359350592673354497e-06
5.129999999999999893e+00 2.235174245690513398e-06
5.189999999999999503e+00 1.986821551724930303e-06
5.250000000000000000e+00 6.208817349140407462e-07
5.309999999999999609e+00 1.241763469828063069e-06
5.369999999999999218e+00 1.117587122845273216e-06
5.429999999999999716e+00 2.483526939656125821e-07
5.490000000000000213e+00 1.241763469828081439e-07
5.549999999999999822e+00 6.208817349140315347e-07
5.609999999999999432e+00 2.483526939656162879e-07
5.669999999999999929e+00 1.241763469828062911e-07
5.730000000000000426e+00 2.483526939656162879e-07
5.789999999999999147e+00 0.000000000000000000e+00
5.849999999999999645e+00 0.000000000000000000e+00
5.910000000000000142e+00 2.483526939656162879e-07
5.969999999999999751e+00 0.000000000000000000e+00
